Date	Open	High	Low	Close	Volume	Date
2018/12/24 	58.099998474121094	68.0	58.099998474121094	64.5999984741211	1152000	2018/12/24 
2018/12/25 	58.0	63.599998474121094	56.0	61.0	460000	2018/12/25 
2018/12/26 	60.20000076293945	60.20000076293945	52.5	55.0	294000	2018/12/26 
2018/12/27 	54.599998474121094	55.0	47.099998474121094	51.0	233000	2018/12/27 
2018/12/28 	50.20000076293945	52.5	47.25	52.400001525878906	256000	2018/12/28 
2019/01/02 	51.79999923706055	52.5	51.0	52.5	125000	2019/01/02 
2019/01/03 	52.0	52.0	51.099998474121094	51.5	49000	2019/01/03 
2019/01/04 	52.0	52.900001525878906	52.0	52.0	120000	2019/01/04 
2019/01/07 	52.400001525878906	53.0	52.0	52.099998474121094	61000	2019/01/07 
2019/01/08 	52.099998474121094	52.29999923706055	52.0	52.29999923706055	69000	2019/01/08 
2019/01/09 	52.29999923706055	52.400001525878906	52.0	52.400001525878906	55000	2019/01/09 
2019/01/10 	52.400001525878906	52.5	52.20000076293945	52.5	37000	2019/01/10 
2019/01/11 	52.400001525878906	53.0	52.29999923706055	53.0	41000	2019/01/11 
2019/01/14 	52.5	53.400001525878906	51.79999923706055	52.0	25000	2019/01/14 
2019/01/15 	50.599998474121094	51.900001525878906	50.400001525878906	50.5	43000	2019/01/15 
2019/01/16 	50.099998474121094	50.099998474121094	48.599998474121094	48.599998474121094	20000	2019/01/16 
2019/01/17 	47.70000076293945	48.0	47.70000076293945	47.70000076293945	19000	2019/01/17 
2019/01/18 	47.0	47.70000076293945	46.599998474121094	46.599998474121094	9000	2019/01/18 
2019/01/21 	47.29999923706055	47.29999923706055	46.599998474121094	46.79999923706055	6000	2019/01/21 
2019/01/22 	46.79999923706055	47.79999923706055	46.79999923706055	47.70000076293945	25000	2019/01/22 
2019/01/23 	48.29999923706055	48.29999923706055	47.20000076293945	48.099998474121094	20000	2019/01/23 
2019/01/24 	48.29999923706055	48.400001525878906	48.29999923706055	48.400001525878906	21000	2019/01/24 
2019/01/25 	48.79999923706055	48.79999923706055	48.29999923706055	48.70000076293945	15000	2019/01/25 
2019/01/28 	48.79999923706055	48.79999923706055	48.5	48.5	18000	2019/01/28 
2019/01/29 	48.099998474121094	48.5	48.099998474121094	48.29999923706055	15000	2019/01/29 
2019/01/30 	48.29999923706055	48.599998474121094	48.099998474121094	48.29999923706055	31000	2019/01/30 
2019/02/11 	48.45000076293945	48.5	48.0	48.20000076293945	26000	2019/02/11 
2019/02/12 	48.20000076293945	48.400001525878906	48.20000076293945	48.400001525878906	21010	2019/02/12 
2019/02/13 	48.400001525878906	48.400001525878906	48.0	48.25	29000	2019/02/13 
2019/02/14 	48.20000076293945	48.20000076293945	47.5	48.0	36000	2019/02/14 
2019/02/15 	48.0	48.0	46.79999923706055	47.0	18000	2019/02/15 
2019/02/18 	47.349998474121094	47.349998474121094	47.0	47.04999923706055	21010	2019/02/18 
2019/02/19 	47.0	47.0	46.599998474121094	46.79999923706055	15000	2019/02/19 
2019/02/20 	46.79999923706055	47.099998474121094	46.599998474121094	47.0	25000	2019/02/20 
2019/02/21 	47.0	47.0	46.79999923706055	46.79999923706055	12000	2019/02/21 
2019/02/22 	46.0	46.900001525878906	46.0	46.79999923706055	22000	2019/02/22 
2019/02/25 	46.599998474121094	46.849998474121094	46.0	46.79999923706055	33000	2019/02/25 
2019/02/26 	46.79999923706055	46.79999923706055	46.29999923706055	46.79999923706055	10000	2019/02/26 
2019/02/27 	47.5	47.5	45.849998474121094	46.79999923706055	17000	2019/02/27 
2019/03/04 	46.79999923706055	47.25	46.79999923706055	47.25	12050	2019/03/04 
2019/03/05 	47.25	47.5	47.25	47.5	10000	2019/03/05 
2019/03/06 	47.599998474121094	47.650001525878906	47.54999923706055	47.54999923706055	14000	2019/03/06 
2019/03/07 	47.70000076293945	47.70000076293945	47.54999923706055	47.599998474121094	10000	2019/03/07 
2019/03/08 	47.54999923706055	47.54999923706055	47.45000076293945	47.45000076293945	5000	2019/03/08 
2019/03/11 	47.5	48.099998474121094	47.5	48.099998474121094	24000	2019/03/11 
2019/03/12 	48.20000076293945	48.29999923706055	48.099998474121094	48.29999923706055	7000	2019/03/12 
2019/03/13 	48.349998474121094	48.5	48.29999923706055	48.5	16000	2019/03/13 
2019/03/14 	48.29999923706055	48.5	48.29999923706055	48.400001525878906	8000	2019/03/14 
2019/03/15 	48.45000076293945	48.5	48.29999923706055	48.349998474121094	25000	2019/03/15 
2019/03/18 	49.0	49.5	48.5	48.5	8048	2019/03/18 
2019/03/19 	48.70000076293945	48.70000076293945	48.70000076293945	48.70000076293945	6000	2019/03/19 
2019/03/20 	48.70000076293945	48.79999923706055	48.29999923706055	48.79999923706055	13978	2019/03/20 
2019/03/21 	49.349998474121094	49.349998474121094	48.5	49.0	17000	2019/03/21 
2019/03/22 	48.900001525878906	49.0	48.79999923706055	49.0	15000	2019/03/22 
2019/03/25 	49.0	50.0	49.0	49.599998474121094	8978	2019/03/25 
2019/03/26 	50.0	52.5	49.79999923706055	52.0	62399	2019/03/26 
2019/03/27 	52.79999923706055	54.099998474121094	52.0	54.099998474121094	68137	2019/03/27 
2019/03/28 	53.900001525878906	53.900001525878906	52.5	52.599998474121094	31432	2019/03/28 
2019/03/29 	53.0	53.0	51.5	52.400001525878906	10150	2019/03/29 
2019/04/01 	52.400001525878906	52.599998474121094	51.599998474121094	52.5	13709	2019/04/01 
2019/04/02 	52.5	52.5	51.79999923706055	52.5	27372	2019/04/02 
2019/04/03 	52.5	53.0	52.5	52.5	10364	2019/04/03 
2019/04/08 	54.0	54.0	53.400001525878906	53.900001525878906	14687	2019/04/08 
2019/04/09 	53.79999923706055	53.79999923706055	52.900001525878906	52.900001525878906	6521	2019/04/09 
2019/04/10 	53.0	53.0	52.0	52.70000076293945	45302	2019/04/10 
2019/04/11 	52.29999923706055	53.0	52.29999923706055	53.0	8587	2019/04/11 
2019/04/12 	53.099998474121094	54.099998474121094	53.099998474121094	54.0	15635	2019/04/12 
2019/04/15 	55.0	55.0	54.29999923706055	54.79999923706055	12486	2019/04/15 
2019/04/16 	54.79999923706055	55.0	54.400001525878906	54.900001525878906	17219	2019/04/16 
2019/04/17 	54.900001525878906	55.0	54.599998474121094	55.0	17040	2019/04/17 
2019/04/18 	55.0	55.0	54.5	54.5	7018	2019/04/18 
2019/04/19 	54.0	54.20000076293945	52.099998474121094	53.0	15019	2019/04/19 
2019/04/22 	53.0	53.29999923706055	52.900001525878906	53.0	7004	2019/04/22 
2019/04/23 	53.0	53.0	52.900001525878906	52.900001525878906	11005	2019/04/23 
2019/04/24 	52.70000076293945	52.70000076293945	52.0	52.70000076293945	7002	2019/04/24 
2019/04/25 	53.0	53.0	52.099998474121094	52.099998474121094	3002	2019/04/25 
2019/04/26 	52.099998474121094	52.20000076293945	51.0	51.900001525878906	20002	2019/04/26 
2019/04/29 	51.5	51.900001525878906	51.0	51.900001525878906	19004	2019/04/29 
2019/04/30 	52.099998474121094	52.79999923706055	52.099998474121094	52.79999923706055	14009	2019/04/30 
2019/05/02 	53.0	53.20000076293945	52.5	53.20000076293945	16002	2019/05/02 
2019/05/03 	53.20000076293945	53.29999923706055	52.400001525878906	53.0	15003	2019/05/03 
2019/05/06 	52.0	52.70000076293945	52.0	52.400001525878906	8002	2019/05/06 
2019/05/07 	52.400001525878906	52.5	52.099998474121094	52.5	11000	2019/05/07 
2019/05/08 	52.29999923706055	52.5	52.0	52.400001525878906	6000	2019/05/08 
2019/05/09 	52.400001525878906	52.599998474121094	52.400001525878906	52.599998474121094	5000	2019/05/09 
2019/05/10 	52.29999923706055	52.79999923706055	52.29999923706055	52.79999923706055	9003	2019/05/10 
2019/05/13 	52.5	52.5	52.29999923706055	52.5	6001	2019/05/13 
2019/05/14 	52.0	52.599998474121094	52.0	52.5	10010	2019/05/14 
2019/05/15 	52.5	52.70000076293945	52.5	52.70000076293945	5003	2019/05/15 
2019/05/16 	52.400001525878906	52.79999923706055	52.400001525878906	52.79999923706055	13007	2019/05/16 
2019/05/17 	53.70000076293945	53.70000076293945	52.400001525878906	52.400001525878906	4000	2019/05/17 
2019/05/20 	52.79999923706055	53.0	52.400001525878906	53.0	10013	2019/05/20 
2019/05/21 	52.5	53.400001525878906	52.5	53.400001525878906	7001	2019/05/21 
2019/05/22 	53.5	53.5	53.0	53.5	13000	2019/05/22 
2019/05/23 	53.79999923706055	53.79999923706055	53.79999923706055	53.79999923706055	3006	2019/05/23 
2019/05/24 	53.0	53.70000076293945	53.0	53.70000076293945	7008	2019/05/24 
2019/05/27 	53.0	53.599998474121094	53.0	53.599998474121094	7013	2019/05/27 
2019/05/28 	53.5	53.79999923706055	53.29999923706055	53.599998474121094	17010	2019/05/28 
2019/05/29 	53.599998474121094	53.79999923706055	53.400001525878906	53.599998474121094	4002	2019/05/29 
2019/05/30 	53.599998474121094	53.70000076293945	53.599998474121094	53.70000076293945	4001	2019/05/30 
2019/05/31 	53.29999923706055	53.900001525878906	53.29999923706055	53.79999923706055	12002	2019/05/31 
2019/06/03 	53.5	53.5	52.70000076293945	53.29999923706055	5017	2019/06/03 
2019/06/04 	53.29999923706055	53.400001525878906	53.29999923706055	53.400001525878906	4000	2019/06/04 
2019/06/05 	53.599998474121094	53.70000076293945	53.400001525878906	53.599998474121094	16002	2019/06/05 
2019/06/06 	53.900001525878906	53.900001525878906	53.70000076293945	53.900001525878906	7000	2019/06/06 
2019/06/10 	53.5	54.099998474121094	53.5	54.099998474121094	6004	2019/06/10 
2019/06/11 	53.5	54.099998474121094	53.5	54.099998474121094	11011	2019/06/11 
2019/06/12 	53.599998474121094	54.599998474121094	53.599998474121094	54.400001525878906	23004	2019/06/12 
2019/06/13 	53.599998474121094	54.400001525878906	53.599998474121094	54.400001525878906	8002	2019/06/13 
2019/06/14 	54.20000076293945	54.29999923706055	53.599998474121094	54.29999923706055	8000	2019/06/14 
2019/06/17 	54.599998474121094	54.599998474121094	54.29999923706055	54.5	4002	2019/06/17 
2019/06/18 	54.20000076293945	54.599998474121094	54.20000076293945	54.599998474121094	6002	2019/06/18 
2019/06/19 	54.5	55.0	54.400001525878906	55.0	16009	2019/06/19 
2019/06/20 	54.5	55.400001525878906	54.29999923706055	55.0	19005	2019/06/20 
2019/06/21 	55.29999923706055	55.5	55.20000076293945	55.20000076293945	17000	2019/06/21 
2019/06/24 	57.0	57.0	56.900001525878906	57.0	12013	2019/06/24 
2019/06/25 	56.599998474121094	57.70000076293945	56.599998474121094	57.400001525878906	12018	2019/06/25 
2019/06/26 	56.79999923706055	56.79999923706055	56.599998474121094	56.599998474121094	12000	2019/06/26 
2019/06/27 	57.29999923706055	58.0	57.29999923706055	58.0	10003	2019/06/27 
2019/06/28 	58.0	58.0	58.0	58.0	6001	2019/06/28 
2019/07/01 	58.0	58.20000076293945	58.0	58.20000076293945	2001	2019/07/01 
2019/07/02 	58.400001525878906	58.400001525878906	57.79999923706055	58.0	8001	2019/07/02 
2019/07/03 	57.599998474121094	57.599998474121094	56.599998474121094	56.599998474121094	8002	2019/07/03 
2019/07/04 	56.599998474121094	57.5	56.599998474121094	57.5	2007	2019/07/04 
2019/07/05 	59.400001525878906	59.400001525878906	59.400001525878906	59.400001525878906	1030	2019/07/05 
2019/07/08 	58.900001525878906	58.900001525878906	57.0	57.900001525878906	12016	2019/07/08 
2019/07/09 	57.79999923706055	57.900001525878906	57.099998474121094	57.900001525878906	17011	2019/07/09 
2019/07/10 	57.900001525878906	58.0	57.900001525878906	58.0	13014	2019/07/10 
2019/07/11 	55.5	55.5	55.5	55.5	2011	2019/07/11 
2019/07/12 	55.79999923706055	55.79999923706055	55.5	55.70000076293945	5002	2019/07/12 
2019/07/15 	55.0	55.20000076293945	54.0	54.29999923706055	15001	2019/07/15 
2019/07/16 	54.79999923706055	56.70000076293945	54.79999923706055	56.70000076293945	20020	2019/07/16 
2019/07/17 	55.099998474121094	56.599998474121094	55.099998474121094	56.599998474121094	11000	2019/07/17 
2019/07/18 	56.0	56.79999923706055	56.0	56.79999923706055	8002	2019/07/18 
2019/07/19 	56.79999923706055	57.79999923706055	56.79999923706055	57.79999923706055	7000	2019/07/19 
2019/07/22 	57.400001525878906	57.599998474121094	56.0	56.29999923706055	11007	2019/07/22 
2019/07/23 	55.5	56.0	54.5	55.099998474121094	19001	2019/07/23 
2019/07/24 	55.099998474121094	55.20000076293945	52.5	54.29999923706055	19004	2019/07/24 
2019/07/25 	55.20000076293945	55.400001525878906	55.20000076293945	55.400001525878906	8003	2019/07/25 
2019/07/26 	54.29999923706055	55.400001525878906	54.099998474121094	55.400001525878906	10000	2019/07/26 
2019/07/29 	55.400001525878906	55.400001525878906	55.400001525878906	55.400001525878906	3008	2019/07/29 
2019/07/30 	54.099998474121094	55.5	54.099998474121094	55.5	5000	2019/07/30 
2019/07/31 	53.900001525878906	55.29999923706055	53.79999923706055	55.29999923706055	8000	2019/07/31 
2019/08/01 	55.099998474121094	55.29999923706055	54.70000076293945	55.29999923706055	10000	2019/08/01 
2019/08/02 	54.0	55.29999923706055	54.0	55.29999923706055	6002	2019/08/02 
2019/08/05 	55.099998474121094	55.29999923706055	54.70000076293945	54.70000076293945	13002	2019/08/05 
2019/08/06 	54.599998474121094	54.599998474121094	54.599998474121094	54.599998474121094	9000	2019/08/06 
2019/08/07 	54.5	54.79999923706055	54.5	54.79999923706055	7003	2019/08/07 
2019/08/08 	54.79999923706055	54.79999923706055	54.70000076293945	54.70000076293945	2002	2019/08/08 
2019/08/12 	56.20000076293945	59.0	56.20000076293945	58.099998474121094	22010	2019/08/12 
2019/08/13 	58.0	58.099998474121094	57.0	58.099998474121094	22002	2019/08/13 
2019/08/14 	59.0	59.0	57.29999923706055	58.29999923706055	16002	2019/08/14 
2019/08/15 	58.79999923706055	58.900001525878906	58.79999923706055	58.900001525878906	2003	2019/08/15 
2019/08/16 	58.20000076293945	58.20000076293945	57.70000076293945	57.900001525878906	6001	2019/08/16 
2019/08/19 	58.5	58.5	57.70000076293945	57.70000076293945	6000	2019/08/19 
2019/08/20 	57.70000076293945	58.099998474121094	57.70000076293945	58.099998474121094	9004	2019/08/20 
2019/08/21 	58.79999923706055	59.5	58.5	59.5	9001	2019/08/21 
2019/08/22 	59.0	59.0	58.0	59.0	9001	2019/08/22 
2019/08/23 	59.099998474121094	59.20000076293945	58.099998474121094	59.099998474121094	6002	2019/08/23 
2019/08/26 	58.70000076293945	58.900001525878906	58.70000076293945	58.900001525878906	4012	2019/08/26 
2019/08/27 	59.400001525878906	59.400001525878906	59.0	59.29999923706055	4021	2019/08/27 
2019/08/28 	58.20000076293945	58.900001525878906	57.79999923706055	58.900001525878906	10000	2019/08/28 
2019/08/29 	58.599998474121094	58.70000076293945	58.0	58.70000076293945	7001	2019/08/29 
2019/08/30 	58.0	58.5	58.0	58.5	13100	2019/08/30 
2019/09/02 	59.29999923706055	59.29999923706055	58.5	58.70000076293945	7002	2019/09/02 
2019/09/03 	59.0	59.0	59.0	59.0	2000	2019/09/03 
2019/09/04 	59.20000076293945	59.20000076293945	58.0	58.900001525878906	8004	2019/09/04 
2019/09/05 	58.900001525878906	58.900001525878906	58.900001525878906	58.900001525878906	3050	2019/09/05 
2019/09/06 	58.20000076293945	58.79999923706055	58.0	58.79999923706055	10017	2019/09/06 
2019/09/10 	58.900001525878906	59.0	58.900001525878906	59.0	3002	2019/09/10 
2019/09/11 	58.20000076293945	58.79999923706055	58.20000076293945	58.79999923706055	4001	2019/09/11 
2019/09/12 	58.79999923706055	59.099998474121094	58.70000076293945	59.099998474121094	11000	2019/09/12 
2019/09/16 	59.099998474121094	59.099998474121094	59.099998474121094	59.099998474121094	3000	2019/09/16 
2019/09/17 	58.900001525878906	58.900001525878906	58.900001525878906	58.900001525878906	5002	2019/09/17 
2019/09/18 	58.900001525878906	59.099998474121094	58.29999923706055	59.099998474121094	14004	2019/09/18 
2019/09/19 	59.0	59.0	59.0	59.0	6000	2019/09/19 
2019/09/20 	59.099998474121094	59.20000076293945	59.0	59.0	22000	2019/09/20 
2019/09/23 	59.20000076293945	59.20000076293945	59.20000076293945	59.20000076293945	3001	2019/09/23 
2019/09/24 	59.29999923706055	60.0	59.0	60.0	37038	2019/09/24 
2019/09/25 	60.20000076293945	60.20000076293945	59.79999923706055	59.79999923706055	6004	2019/09/25 
2019/09/26 	60.099998474121094	60.599998474121094	59.79999923706055	60.599998474121094	15062	2019/09/26 
2019/09/27 	59.5	60.0	59.20000076293945	59.70000076293945	12005	2019/09/27 
2019/10/01 	59.79999923706055	60.099998474121094	59.70000076293945	60.099998474121094	4033	2019/10/01 
2019/10/02 	60.099998474121094	60.099998474121094	60.099998474121094	60.099998474121094	2001	2019/10/02 
2019/10/03 	60.0	60.099998474121094	59.900001525878906	60.099998474121094	3000	2019/10/03 
2019/10/04 	60.400001525878906	60.599998474121094	60.0	60.0	17001	2019/10/04 
2019/10/07 	60.099998474121094	60.79999923706055	60.099998474121094	60.79999923706055	15002	2019/10/07 
2019/10/08 	64.19999694824219	64.5	63.900001525878906	63.900001525878906	8003	2019/10/08 
2019/10/09 	61.29999923706055	62.29999923706055	61.29999923706055	62.29999923706055	10000	2019/10/09 
2019/10/14 	62.5	62.5	62.400001525878906	62.400001525878906	3000	2019/10/14 
2019/10/15 	62.70000076293945	62.70000076293945	62.599998474121094	62.599998474121094	3002	2019/10/15 
2019/10/16 	62.599998474121094	63.0	62.5	63.0	19001	2019/10/16 
2019/10/17 	63.0	63.0	63.0	63.0	9000	2019/10/17 
2019/10/18 	61.599998474121094	63.0	61.599998474121094	62.70000076293945	9007	2019/10/18 
2019/10/21 	62.70000076293945	63.0	61.900001525878906	62.79999923706055	13001	2019/10/21 
2019/10/22 	62.0	62.79999923706055	62.0	62.79999923706055	6002	2019/10/22 
2019/10/23 	62.79999923706055	62.79999923706055	62.0	62.0	7000	2019/10/23 
2019/10/24 	62.0	62.79999923706055	62.0	62.79999923706055	7002	2019/10/24 
2019/10/25 	62.599998474121094	63.0	62.0	63.0	13000	2019/10/25 
2019/10/28 	61.79999923706055	62.79999923706055	61.79999923706055	62.79999923706055	10894	2019/10/28 
2019/10/29 	62.79999923706055	62.900001525878906	62.099998474121094	62.599998474121094	8005	2019/10/29 
2019/10/30 	62.70000076293945	62.70000076293945	62.599998474121094	62.599998474121094	4001	2019/10/30 
2019/10/31 	62.900001525878906	62.900001525878906	62.5	62.5	7000	2019/10/31 
2019/11/01 	62.5	62.599998474121094	61.79999923706055	62.599998474121094	6000	2019/11/01 
2019/11/04 	62.0	62.5	61.29999923706055	62.5	10002	2019/11/04 
2019/11/05 	62.29999923706055	62.29999923706055	62.29999923706055	62.29999923706055	4001	2019/11/05 
2019/11/06 	62.29999923706055	62.29999923706055	62.20000076293945	62.29999923706055	6003	2019/11/06 
2019/11/07 	62.20000076293945	62.20000076293945	62.20000076293945	62.20000076293945	4001	2019/11/07 
2019/11/08 	61.79999923706055	62.0	61.79999923706055	62.0	6001	2019/11/08 
2019/11/11 	67.0	67.0	62.900001525878906	64.30000305175781	20011	2019/11/11 
2019/11/12 	64.5	64.5	64.5	64.5	3006	2019/11/12 
2019/11/13 	64.0	64.0	62.099998474121094	62.400001525878906	11002	2019/11/13 
2019/11/14 	62.099998474121094	62.400001525878906	62.0	62.400001525878906	10001	2019/11/14 
2019/11/15 	62.0	62.400001525878906	62.0	62.400001525878906	5001	2019/11/15 
2019/11/18 	62.400001525878906	62.5	62.400001525878906	62.5	4002	2019/11/18 
2019/11/19 	62.400001525878906	62.400001525878906	62.20000076293945	62.20000076293945	3002	2019/11/19 
2019/11/20 	62.099998474121094	62.20000076293945	61.79999923706055	62.20000076293945	7005	2019/11/20 
2019/11/21 	61.5	62.20000076293945	61.5	62.20000076293945	2002	2019/11/21 
2019/11/22 	62.099998474121094	62.099998474121094	61.20000076293945	61.79999923706055	6001	2019/11/22 
2019/11/25 	61.29999923706055	62.0	61.29999923706055	62.0	5000	2019/11/25 
2019/11/26 	61.900001525878906	61.900001525878906	61.5	61.5	4000	2019/11/26 
2019/11/27 	61.0	61.20000076293945	60.79999923706055	61.20000076293945	10000	2019/11/27 
2019/11/28 	61.29999923706055	61.29999923706055	60.79999923706055	60.79999923706055	7082	2019/11/28 
2019/11/29 	61.29999923706055	61.29999923706055	59.400001525878906	59.400001525878906	16082	2019/11/29 
2019/12/02 	61.0	61.599998474121094	61.0	61.0	10004	2019/12/02 
2019/12/03 	61.0	61.099998474121094	61.0	61.099998474121094	5022	2019/12/03 
2019/12/04 	61.099998474121094	61.099998474121094	60.900001525878906	61.099998474121094	4001	2019/12/04 
2019/12/05 	59.5	61.0	59.5	61.0	4020	2019/12/05 
2019/12/06 	60.79999923706055	60.79999923706055	60.79999923706055	60.79999923706055	2000	2019/12/06 
2019/12/09 	60.5	60.5	60.0	60.0	9003	2019/12/09 
2019/12/10 	59.400001525878906	60.0	59.400001525878906	59.400001525878906	5001	2019/12/10 
2019/12/11 	60.0	60.0	59.900001525878906	59.900001525878906	4000	2019/12/11 
2019/12/12 	61.0	61.0	60.0	60.0	7002	2019/12/12 
2019/12/13 	60.0	60.0	60.0	60.0	1002	2019/12/13 
2019/12/16 	60.0	60.0	60.0	60.0	0	2019/12/16 
2019/12/17 	59.599998474121094	59.70000076293945	59.599998474121094	59.70000076293945	7001	2019/12/17 
2019/12/18 	59.900001525878906	59.900001525878906	59.5	59.79999923706055	6000	2019/12/18 
2019/12/19 	59.900001525878906	59.900001525878906	59.900001525878906	59.900001525878906	4003	2019/12/19 
2019/12/20 	59.5	59.79999923706055	59.5	59.79999923706055	9003	2019/12/20 
2019/12/23 	59.900001525878906	59.900001525878906	59.400001525878906	59.900001525878906	5043	2019/12/23 
2019/12/24 	60.099998474121094	60.099998474121094	60.0	60.0	4003	2019/12/24 
2019/12/25 	60.0	60.099998474121094	60.0	60.099998474121094	6000	2019/12/25 
2019/12/26 	59.900001525878906	59.900001525878906	59.900001525878906	59.900001525878906	5001	2019/12/26 
2019/12/27 	60.0	60.20000076293945	60.0	60.20000076293945	6000	2019/12/27 
2019/12/30 	61.70000076293945	61.70000076293945	61.70000076293945	61.70000076293945	1000	2019/12/30 
2019/12/31 	61.70000076293945	61.70000076293945	60.20000076293945	61.70000076293945	8000	2019/12/31 
2020/01/02 	61.70000076293945	61.70000076293945	61.70000076293945	61.70000076293945	1007	2020/01/02 
2020/01/03 	61.599998474121094	61.599998474121094	61.599998474121094	61.599998474121094	2001	2020/01/03 
2020/01/06 	60.29999923706055	61.29999923706055	60.0	61.29999923706055	14003	2020/01/06 
2020/01/07 	59.900001525878906	60.20000076293945	59.900001525878906	60.0	11001	2020/01/07 
2020/01/08 	59.79999923706055	60.0	59.79999923706055	60.0	6002	2020/01/08 
2020/01/09 	60.099998474121094	60.099998474121094	60.0	60.0	5001	2020/01/09 
2020/01/10 	59.900001525878906	60.0	59.900001525878906	60.0	2050	2020/01/10 
2020/01/13 	59.900001525878906	59.900001525878906	59.79999923706055	59.79999923706055	2009	2020/01/13 
2020/01/14 	59.900001525878906	59.900001525878906	59.900001525878906	59.900001525878906	2011	2020/01/14 
2020/01/15 	60.0	60.0	60.0	60.0	2001	2020/01/15 
2020/01/16 	59.900001525878906	60.79999923706055	59.900001525878906	60.0	12001	2020/01/16 
2020/01/17 	60.0	60.0	60.0	60.0	3001	2020/01/17 
2020/01/20 	60.0	60.0	60.0	60.0	3002	2020/01/20 
2020/01/30 	59.099998474121094	59.099998474121094	59.0	59.0	7014	2020/01/30 
2020/01/31 	59.0	59.79999923706055	59.0	59.79999923706055	3011	2020/01/31 
2020/02/03 	59.900001525878906	60.0	59.79999923706055	60.0	13010	2020/02/03 
2020/02/04 	59.900001525878906	59.900001525878906	59.5	59.5	4005	2020/02/04 
2020/02/05 	59.900001525878906	60.0	59.900001525878906	60.0	2002	2020/02/05 
2020/02/06 	59.0	64.80000305175781	59.0	60.0	17013	2020/02/06 
2020/02/07 	60.0	60.0	59.0	59.099998474121094	11066	2020/02/07 
2020/02/10 	60.0	60.0	60.0	60.0	1031	2020/02/10 
2020/02/11 	59.79999923706055	59.79999923706055	59.20000076293945	59.20000076293945	3029	2020/02/11 
2020/02/12 	60.0	60.0	60.0	60.0	1004	2020/02/12 
2020/02/13 	59.900001525878906	60.0	59.900001525878906	60.0	4021	2020/02/13 
2020/02/14 	60.0	60.0	60.0	60.0	2035	2020/02/14 
2020/02/17 	60.0	60.0	60.0	60.0	1133	2020/02/17 
2020/02/18 	59.5	59.5	59.5	59.5	1017	2020/02/18 
2020/02/19 	59.79999923706055	59.79999923706055	59.79999923706055	59.79999923706055	1007	2020/02/19 
2020/02/20 	59.79999923706055	59.79999923706055	59.79999923706055	59.79999923706055	1014	2020/02/20 
2020/02/21 	59.79999923706055	59.79999923706055	59.79999923706055	59.79999923706055	1015	2020/02/21 
2020/02/24 	60.0	60.0	60.0	60.0	4036	2020/02/24 
2020/02/25 	60.0	60.0	60.0	60.0	1047	2020/02/25 
2020/02/26 	59.0	59.900001525878906	59.0	59.900001525878906	2017	2020/02/26 
2020/02/27 	59.20000076293945	59.20000076293945	58.79999923706055	58.79999923706055	6009	2020/02/27 
2020/03/02 	59.0	59.29999923706055	59.0	59.29999923706055	2025	2020/03/02 
2020/03/03 	59.79999923706055	59.79999923706055	59.79999923706055	59.79999923706055	1058	2020/03/03 
2020/03/04 	59.70000076293945	59.70000076293945	59.70000076293945	59.70000076293945	1001	2020/03/04 
2020/03/05 	59.0	60.0	59.0	59.099998474121094	4000	2020/03/05 
2020/03/06 	59.099998474121094	59.099998474121094	58.400001525878906	58.400001525878906	6000	2020/03/06 
2020/03/09 	58.29999923706055	60.0	58.29999923706055	59.29999923706055	16005	2020/03/09 
2020/03/10 	59.900001525878906	59.900001525878906	59.400001525878906	59.400001525878906	5301	2020/03/10 
2020/03/11 	60.0	60.0	59.599998474121094	59.599998474121094	3027	2020/03/11 
2020/03/12 	59.0	59.0	58.20000076293945	58.20000076293945	3018	2020/03/12 
2020/03/13 	58.20000076293945	58.70000076293945	56.5	56.5	15014	2020/03/13 
2020/03/16 	56.5	59.5	56.5	59.5	2026	2020/03/16 
2020/03/17 	59.400001525878906	59.400001525878906	58.0	59.099998474121094	3023	2020/03/17 
2020/03/18 	57.0	59.099998474121094	56.70000076293945	59.099998474121094	8020	2020/03/18 
2020/03/19 	57.5	58.79999923706055	57.5	58.79999923706055	2945	2020/03/19 
2020/03/20 	58.20000076293945	59.0	57.5	57.5	16018	2020/03/20 
2020/03/23 	54.099998474121094	57.0	54.099998474121094	55.0	29027	2020/03/23 
2020/03/24 	54.5	54.900001525878906	54.0	54.5	9065	2020/03/24 
2020/03/25 	53.5	56.0	53.400001525878906	53.400001525878906	17013	2020/03/25 
2020/03/26 	54.70000076293945	54.70000076293945	54.70000076293945	54.70000076293945	1002	2020/03/26 
2020/03/27 	57.70000076293945	57.70000076293945	57.0	57.0	12023	2020/03/27 
2020/03/30 	57.5	58.5	57.5	58.0	8000	2020/03/30 
2020/03/31 	58.0	58.0	57.5	57.5	4003	2020/03/31 
2020/04/01 	58.5	58.5	58.5	58.5	1000	2020/04/01 
2020/04/06 	58.599998474121094	58.79999923706055	58.599998474121094	58.79999923706055	2001	2020/04/06 
2020/04/07 	59.0	59.5	59.0	59.5	3001	2020/04/07 
2020/04/08 	60.0	60.0	60.0	60.0	6000	2020/04/08 
2020/04/09 	59.70000076293945	59.70000076293945	59.20000076293945	59.400001525878906	7000	2020/04/09 
2020/04/10 	59.400001525878906	59.5	59.400001525878906	59.5	6001	2020/04/10 
2020/04/13 	60.0	60.5	60.0	60.0	10000	2020/04/13 
2020/04/14 	60.0	60.0	60.0	60.0	13004	2020/04/14 
2020/04/15 	59.900001525878906	60.5	59.900001525878906	60.0	17000	2020/04/15 
2020/04/16 	58.900001525878906	59.900001525878906	58.900001525878906	59.900001525878906	3018	2020/04/16 
2020/04/17 	60.0	60.0	59.900001525878906	60.0	12015	2020/04/17 
2020/04/20 	59.900001525878906	59.900001525878906	59.900001525878906	59.900001525878906	1000	2020/04/20 
2020/04/21 	59.099998474121094	59.099998474121094	58.0	58.0	3010	2020/04/21 
2020/04/22 	59.70000076293945	59.70000076293945	59.70000076293945	59.70000076293945	1000	2020/04/22 
2020/04/23 	58.5	59.0	58.5	59.0	2001	2020/04/23 
2020/04/24 	59.5	60.0	59.0	59.0	4003	2020/04/24 
2020/04/27 	59.5	59.5	59.5	59.5	1001	2020/04/27 
2020/04/28 	59.5	60.0	59.5	60.0	2000	2020/04/28 
2020/04/29 	60.400001525878906	60.400001525878906	59.900001525878906	59.900001525878906	9001	2020/04/29 
2020/04/30 	60.099998474121094	60.400001525878906	58.900001525878906	60.0	22005	2020/04/30 
2020/05/04 	59.900001525878906	60.0	59.900001525878906	59.900001525878906	12003	2020/05/04 
2020/05/05 	60.0	60.0	59.900001525878906	59.900001525878906	14005	2020/05/05 
2020/05/06 	60.0	60.0	60.0	60.0	22000	2020/05/06 
2020/05/07 	60.900001525878906	61.0	60.900001525878906	60.900001525878906	12013	2020/05/07 
2020/05/08 	61.0	61.0	61.0	61.0	21016	2020/05/08 
2020/05/11 	61.099998474121094	61.900001525878906	61.0	61.900001525878906	14001	2020/05/11 
2020/05/12 	61.900001525878906	62.0	61.900001525878906	62.0	3005	2020/05/12 
2020/05/13 	62.0	62.099998474121094	60.0	60.0	42006	2020/05/13 
2020/05/14 	61.900001525878906	62.0	60.0	61.900001525878906	64006	2020/05/14 
2020/05/15 	60.70000076293945	61.0	60.099998474121094	60.099998474121094	32169	2020/05/15 
2020/05/18 	61.0	62.0	61.0	61.5	9006	2020/05/18 
2020/05/19 	61.900001525878906	62.0	61.5	61.900001525878906	26008	2020/05/19 
2020/05/20 	61.900001525878906	61.900001525878906	60.599998474121094	61.79999923706055	20004	2020/05/20 
2020/05/21 	61.5	61.70000076293945	60.599998474121094	61.70000076293945	23000	2020/05/21 
2020/05/22 	61.5	61.5	60.70000076293945	60.900001525878906	18020	2020/05/22 
2020/05/25 	61.0	61.5	61.0	61.5	32002	2020/05/25 
2020/05/26 	61.599998474121094	61.599998474121094	60.79999923706055	61.400001525878906	15001	2020/05/26 
2020/05/27 	61.400001525878906	61.400001525878906	60.5	61.29999923706055	23010	2020/05/27 
2020/05/28 	61.29999923706055	61.29999923706055	60.5	61.0	18024	2020/05/28 
2020/05/29 	60.79999923706055	61.400001525878906	60.099998474121094	61.400001525878906	17002	2020/05/29 
2020/06/01 	61.20000076293945	61.400001525878906	60.599998474121094	61.400001525878906	13106	2020/06/01 
2020/06/02 	60.79999923706055	61.400001525878906	60.79999923706055	61.400001525878906	17006	2020/06/02 
2020/06/03 	61.400001525878906	61.400001525878906	60.79999923706055	61.400001525878906	34001	2020/06/03 
2020/06/04 	60.900001525878906	61.5	60.70000076293945	61.400001525878906	23001	2020/06/04 
2020/06/05 	61.099998474121094	61.400001525878906	61.0	61.400001525878906	26001	2020/06/05 
2020/06/08 	61.400001525878906	61.400001525878906	61.0	61.400001525878906	30003	2020/06/08 
2020/06/09 	61.20000076293945	61.400001525878906	61.0	61.400001525878906	46010	2020/06/09 
2020/06/10 	61.20000076293945	61.400001525878906	61.099998474121094	61.400001525878906	40229	2020/06/10 
2020/06/11 	61.0	61.29999923706055	60.70000076293945	60.70000076293945	46001	2020/06/11 
2020/06/12 	60.70000076293945	61.79999923706055	60.5	60.79999923706055	70001	2020/06/12 
2020/06/15 	60.79999923706055	61.29999923706055	60.79999923706055	61.0	35001	2020/06/15 
2020/06/16 	61.5	61.79999923706055	61.0	61.5	58050	2020/06/16 
2020/06/17 	61.5	62.0	61.400001525878906	61.79999923706055	46001	2020/06/17 
2020/06/18 	62.599998474121094	63.0	61.5	62.900001525878906	50021	2020/06/18 
2020/06/19 	63.29999923706055	65.4000015258789	63.099998474121094	65.4000015258789	112009	2020/06/19 
2020/06/22 	66.0	69.0	66.0	68.5	152220	2020/06/22 
2020/06/23 	69.0	69.0999984741211	68.0	68.5999984741211	114006	2020/06/23 
2020/06/24 	68.5	68.5999984741211	67.4000015258789	68.0	86150	2020/06/24 
2020/06/29 	61.0	62.5	59.5	61.099998474121094	45029	2020/06/29 
2020/06/30 	61.79999923706055	62.900001525878906	61.400001525878906	62.70000076293945	30101	2020/06/30 
2020/07/01 	62.70000076293945	63.0	61.400001525878906	61.900001525878906	34001	2020/07/01 
2020/07/02 	62.099998474121094	62.099998474121094	60.20000076293945	61.0	23000	2020/07/02 
2020/07/03 	61.400001525878906	61.400001525878906	60.0	60.900001525878906	33002	2020/07/03 
2020/07/06 	60.20000076293945	60.20000076293945	59.29999923706055	59.599998474121094	44000	2020/07/06 
2020/07/07 	58.70000076293945	59.400001525878906	58.29999923706055	58.400001525878906	39000	2020/07/07 
2020/07/08 	58.29999923706055	58.900001525878906	58.099998474121094	58.70000076293945	27017	2020/07/08 
2020/07/09 	58.400001525878906	58.70000076293945	58.29999923706055	58.599998474121094	15000	2020/07/09 
2020/07/10 	58.20000076293945	58.5	58.0	58.29999923706055	15000	2020/07/10 
2020/07/13 	58.400001525878906	58.900001525878906	58.099998474121094	58.900001525878906	15000	2020/07/13 
2020/07/14 	58.900001525878906	58.900001525878906	58.5	58.70000076293945	17000	2020/07/14 
2020/07/15 	58.599998474121094	58.70000076293945	58.5	58.5	20021	2020/07/15 
2020/07/16 	58.20000076293945	58.400001525878906	58.099998474121094	58.400001525878906	11003	2020/07/16 
2020/07/17 	59.0	59.0	57.0	58.400001525878906	35001	2020/07/17 
2020/07/20 	58.79999923706055	58.79999923706055	58.70000076293945	58.70000076293945	4001	2020/07/20 
2020/07/21 	58.5	58.5	57.29999923706055	57.900001525878906	21421	2020/07/21 
2020/07/22 	58.0	58.400001525878906	58.0	58.20000076293945	6002	2020/07/22 
2020/07/23 	58.20000076293945	58.20000076293945	58.099998474121094	58.20000076293945	8001	2020/07/23 
2020/07/24 	58.0	58.20000076293945	57.400001525878906	58.099998474121094	14000	2020/07/24 
2020/07/27 	58.099998474121094	58.5	57.099998474121094	58.099998474121094	15002	2020/07/27 
2020/07/28 	58.0	58.0	57.400001525878906	58.0	15017	2020/07/28 
2020/07/29 	58.0	58.599998474121094	58.0	58.599998474121094	11000	2020/07/29 
2020/07/30 	58.5	58.900001525878906	58.5	58.599998474121094	9002	2020/07/30 
2020/07/31 	58.70000076293945	58.70000076293945	58.20000076293945	58.70000076293945	11000	2020/07/31 
2020/08/03 	58.70000076293945	59.29999923706055	58.20000076293945	59.29999923706055	17008	2020/08/03 
2020/08/04 	58.400001525878906	58.900001525878906	58.400001525878906	58.900001525878906	15005	2020/08/04 
2020/08/05 	59.29999923706055	59.79999923706055	59.29999923706055	59.70000076293945	10002	2020/08/05 
2020/08/06 	59.70000076293945	59.900001525878906	59.5	59.900001525878906	24001	2020/08/06 
2020/08/07 	59.900001525878906	59.900001525878906	59.5	59.79999923706055	12001	2020/08/07 
2020/08/10 	59.599998474121094	59.79999923706055	59.599998474121094	59.79999923706055	13002	2020/08/10 
2020/08/11 	59.5	59.900001525878906	59.5	59.900001525878906	5000	2020/08/11 
2020/08/12 	59.599998474121094	59.79999923706055	59.599998474121094	59.79999923706055	4000	2020/08/12 
2020/08/13 	58.900001525878906	59.79999923706055	58.900001525878906	59.79999923706055	7002	2020/08/13 
2020/08/14 	59.0	59.0	59.0	59.0	10000	2020/08/14 
2020/08/17 	59.0	59.0	58.5	58.5	17004	2020/08/17 
2020/08/18 	58.29999923706055	59.400001525878906	58.20000076293945	59.400001525878906	9425	2020/08/18 
2020/08/19 	59.400001525878906	59.400001525878906	59.400001525878906	59.400001525878906	1005	2020/08/19 
2020/08/20 	59.400001525878906	59.400001525878906	59.400001525878906	59.400001525878906	5000	2020/08/20 
2020/08/21 	59.599998474121094	59.599998474121094	59.599998474121094	59.599998474121094	5000	2020/08/21 
2020/08/24 	58.79999923706055	59.400001525878906	58.79999923706055	59.400001525878906	12000	2020/08/24 
2020/08/25 	58.29999923706055	58.5	58.29999923706055	58.5	9006	2020/08/25 
2020/08/26 	58.5	58.79999923706055	58.5	58.79999923706055	5001	2020/08/26 
2020/08/27 	59.599998474121094	59.70000076293945	59.599998474121094	59.70000076293945	9001	2020/08/27 
2020/08/28 	58.29999923706055	58.599998474121094	58.29999923706055	58.599998474121094	11000	2020/08/28 
2020/08/31 	58.29999923706055	59.099998474121094	58.29999923706055	59.099998474121094	3004	2020/08/31 
2020/09/01 	58.900001525878906	58.900001525878906	58.900001525878906	58.900001525878906	4001	2020/09/01 
2020/09/02 	58.29999923706055	59.400001525878906	58.29999923706055	59.400001525878906	12002	2020/09/02 
2020/09/03 	58.900001525878906	58.900001525878906	58.900001525878906	58.900001525878906	2004	2020/09/03 
2020/09/04 	57.5	57.5	57.5	57.5	1001	2020/09/04 
2020/09/07 	57.79999923706055	57.79999923706055	57.599998474121094	57.599998474121094	8002	2020/09/07 
2020/09/08 	58.599998474121094	58.599998474121094	58.599998474121094	58.599998474121094	2060	2020/09/08 
2020/09/09 	58.599998474121094	58.599998474121094	57.599998474121094	57.599998474121094	3004	2020/09/09 
2020/09/10 	58.20000076293945	58.29999923706055	58.20000076293945	58.29999923706055	8003	2020/09/10 
2020/09/11 	58.5	58.5	58.5	58.5	5000	2020/09/11 
2020/09/14 	59.5	59.5	59.0	59.0	5001	2020/09/14 
2020/09/15 	58.79999923706055	58.79999923706055	58.79999923706055	58.79999923706055	3001	2020/09/15 
2020/09/16 	58.0	58.599998474121094	58.0	58.599998474121094	10000	2020/09/16 
2020/09/17 	58.400001525878906	58.400001525878906	58.400001525878906	58.400001525878906	5000	2020/09/17 
2020/09/18 	58.29999923706055	58.29999923706055	58.099998474121094	58.20000076293945	15000	2020/09/18 
2020/09/21 	58.5	58.5	58.0	58.5	6002	2020/09/21 
2020/09/22 	58.0	58.0	58.0	58.0	2000	2020/09/22 
2020/09/23 	58.79999923706055	58.79999923706055	58.79999923706055	58.79999923706055	6000	2020/09/23 
2020/09/24 	57.5	57.70000076293945	57.5	57.70000076293945	4009	2020/09/24 
2020/09/25 	57.70000076293945	57.70000076293945	57.70000076293945	57.70000076293945	3044	2020/09/25 
2020/09/28 	58.5	58.5	58.5	58.5	1000	2020/09/28 
2020/09/29 	58.29999923706055	58.5	58.29999923706055	58.5	2003	2020/09/29 
2020/09/30 	58.400001525878906	58.400001525878906	58.400001525878906	58.400001525878906	2001	2020/09/30 
2020/10/05 	59.0	59.0	59.0	59.0	2002	2020/10/05 
2020/10/06 	58.900001525878906	59.0	58.900001525878906	59.0	4001	2020/10/06 
2020/10/07 	58.79999923706055	58.900001525878906	58.79999923706055	58.900001525878906	5000	2020/10/07 
2020/10/08 	58.5	58.900001525878906	58.5	58.900001525878906	5050	2020/10/08 
2020/10/12 	58.0	58.099998474121094	58.0	58.099998474121094	3003	2020/10/12 
2020/10/13 	58.0	58.099998474121094	58.0	58.099998474121094	3000	2020/10/13 
2020/10/14 	58.099998474121094	58.099998474121094	58.099998474121094	58.099998474121094	1000	2020/10/14 
2020/10/15 	58.900001525878906	58.900001525878906	58.900001525878906	58.900001525878906	2000	2020/10/15 
2020/10/16 	58.79999923706055	58.79999923706055	58.79999923706055	58.79999923706055	1000	2020/10/16 
2020/10/19 	58.599998474121094	58.599998474121094	58.599998474121094	58.599998474121094	1002	2020/10/19 
2020/10/20 	58.0	58.0	58.0	58.0	3001	2020/10/20 
2020/10/21 	58.79999923706055	58.79999923706055	58.79999923706055	58.79999923706055	3013	2020/10/21 
2020/10/22 	58.20000076293945	58.29999923706055	58.20000076293945	58.29999923706055	3001	2020/10/22 
2020/10/23 	58.599998474121094	58.599998474121094	58.599998474121094	58.599998474121094	1000	2020/10/23 
2020/10/26 	58.70000076293945	58.70000076293945	58.70000076293945	58.70000076293945	3001	2020/10/26 
2020/10/27 	58.0	58.5	58.0	58.5	2000	2020/10/27 
2020/10/28 	58.5	58.599998474121094	58.5	58.599998474121094	3005	2020/10/28 
2020/10/29 	58.0	58.0	58.0	58.0	6002	2020/10/29 
2020/10/30 	57.5	58.400001525878906	57.5	58.0	6000	2020/10/30 
2020/11/02 	57.0	58.20000076293945	57.0	58.20000076293945	5000	2020/11/02 
2020/11/03 	58.0	58.70000076293945	58.0	58.70000076293945	2002	2020/11/03 
2020/11/04 	58.599998474121094	58.599998474121094	58.599998474121094	58.599998474121094	2001	2020/11/04 
2020/11/05 	58.5	58.5	58.5	58.5	1001	2020/11/05 
2020/11/06 	59.099998474121094	60.5	58.70000076293945	58.70000076293945	17400	2020/11/06 
2020/11/09 	59.0	59.0	58.5	58.5	18000	2020/11/09 
2020/11/10 	58.5	58.5	58.20000076293945	58.5	18061	2020/11/10 
2020/11/11 	58.5	58.70000076293945	58.5	58.70000076293945	12000	2020/11/11 
2020/11/12 	58.5	58.5	58.29999923706055	58.5	18003	2020/11/12 
2020/11/13 	58.400001525878906	58.5	58.400001525878906	58.5	6000	2020/11/13 
2020/11/16 	58.5	59.0	58.5	58.70000076293945	16002	2020/11/16 
2020/11/17 	58.5	58.5	58.099998474121094	58.29999923706055	11000	2020/11/17 
2020/11/18 	58.5	58.5	58.29999923706055	58.29999923706055	15000	2020/11/18 
2020/11/19 	58.5	58.79999923706055	58.5	58.5	13001	2020/11/19 
2020/11/20 	58.5	59.0	58.5	58.5	31000	2020/11/20 
2020/11/23 	58.5	59.0	58.5	58.5	32000	2020/11/23 
2020/11/24 	59.29999923706055	59.29999923706055	58.5	58.5	23001	2020/11/24 
2020/11/25 	58.599998474121094	58.79999923706055	58.5	58.5	32001	2020/11/25 
2020/11/26 	58.70000076293945	58.70000076293945	58.5	58.5	13003	2020/11/26 
2020/11/27 	58.5	58.5	58.5	58.5	11226	2020/11/27 
2020/11/30 	58.599998474121094	58.900001525878906	58.5	58.599998474121094	17000	2020/11/30 
2020/12/01 	58.599998474121094	58.599998474121094	58.400001525878906	58.400001525878906	8001	2020/12/01 
2020/12/02 	58.599998474121094	58.70000076293945	58.599998474121094	58.70000076293945	10000	2020/12/02 
2020/12/03 	58.70000076293945	58.70000076293945	58.70000076293945	58.70000076293945	1019	2020/12/03 
2020/12/04 	58.79999923706055	59.29999923706055	58.79999923706055	59.29999923706055	13000	2020/12/04 
2020/12/07 	59.0	59.0	58.599998474121094	59.0	15002	2020/12/07 
2020/12/08 	58.5	58.5	58.5	58.5	3000	2020/12/08 
2020/12/09 	58.70000076293945	58.70000076293945	58.599998474121094	58.599998474121094	2017	2020/12/09 
2020/12/10 	58.5	58.5	58.099998474121094	58.29999923706055	7001	2020/12/10 
2020/12/11 	58.0	58.099998474121094	58.0	58.099998474121094	8000	2020/12/11 
2020/12/14 	58.20000076293945	58.20000076293945	57.70000076293945	58.20000076293945	16001	2020/12/14 
2020/12/15 	58.0	58.0	57.5	57.5	2066	2020/12/15 
2020/12/16 	58.900001525878906	58.900001525878906	57.5	58.0	3002	2020/12/16 
2020/12/17 	58.5	59.5	58.5	58.599998474121094	17000	2020/12/17 
2020/12/18 	58.5	58.5	58.5	58.5	6003	2020/12/18 
2020/12/21 	58.400001525878906	58.400001525878906	58.400001525878906	58.400001525878906	6000	2020/12/21 
2020/12/22 	58.900001525878906	58.900001525878906	58.900001525878906	58.900001525878906	2000	2020/12/22 
2020/12/23 	58.900001525878906	59.20000076293945	58.5	59.20000076293945	50000	2020/12/23 
2020/12/24 	59.0	59.0	59.0	59.0	3000	2020/12/24 
2020/12/25 	58.5	58.5	58.5	58.5	1099	2020/12/25 
2020/12/28 	58.5	58.79999923706055	58.5	58.79999923706055	4000	2020/12/28 
2020/12/29 	58.79999923706055	58.79999923706055	58.79999923706055	58.79999923706055	5000	2020/12/29 
2020/12/30 	58.900001525878906	58.900001525878906	58.79999923706055	58.79999923706055	2002	2020/12/30 
2020/12/31 	58.79999923706055	58.79999923706055	58.5	58.5	16007	2020/12/31 
2021/01/04 	58.70000076293945	59.099998474121094	58.5	59.099998474121094	6001	2021/01/04 
2021/01/05 	58.29999923706055	59.0	58.29999923706055	58.5	25010	2021/01/05 
2021/01/06 	59.0	59.0	58.29999923706055	58.5	7010	2021/01/06 
2021/01/07 	59.0	59.0	59.0	59.0	4000	2021/01/07 
2021/01/08 	59.5	60.20000076293945	59.400001525878906	59.5	53610	2021/01/08 
2021/01/11 	61.0	62.5	61.0	61.599998474121094	51522	2021/01/11 
2021/01/12 	62.5	62.5	61.0	61.5	16000	2021/01/12 
2021/01/13 	61.70000076293945	62.20000076293945	61.0	62.0	43746	2021/01/13 
2021/01/14 	62.400001525878906	62.400001525878906	59.599998474121094	61.400001525878906	32000	2021/01/14 
2021/01/15 	61.400001525878906	62.0	61.400001525878906	61.5	17000	2021/01/15 
2021/01/18 	62.400001525878906	62.400001525878906	60.5	61.900001525878906	21691	2021/01/18 
2021/01/19 	61.400001525878906	61.5	61.0	61.29999923706055	9000	2021/01/19 
2021/01/20 	60.5	60.900001525878906	59.599998474121094	60.900001525878906	17001	2021/01/20 
2021/01/21 	61.0	61.0	60.0	60.0	6028	2021/01/21 
2021/01/22 	60.0	60.79999923706055	59.5	60.79999923706055	9000	2021/01/22 
2021/01/25 	60.099998474121094	60.70000076293945	60.099998474121094	60.70000076293945	4000	2021/01/25 
2021/01/26 	60.400001525878906	60.400001525878906	59.900001525878906	60.099998474121094	11051	2021/01/26 
2021/01/27 	60.099998474121094	60.099998474121094	60.099998474121094	60.099998474121094	3001	2021/01/27 
2021/01/28 	60.099998474121094	60.5	59.5	60.5	8000	2021/01/28 
2021/01/29 	60.0	60.79999923706055	59.70000076293945	60.79999923706055	11000	2021/01/29 
2021/02/01 	62.20000076293945	62.20000076293945	61.5	61.5	6004	2021/02/01 
2021/02/02 	60.5	61.20000076293945	60.5	61.0	15003	2021/02/02 
2021/02/03 	61.0	61.29999923706055	61.0	61.0	16003	2021/02/03 
2021/02/04 	60.70000076293945	61.29999923706055	60.5	61.29999923706055	19002	2021/02/04 
2021/02/05 	60.70000076293945	60.900001525878906	60.70000076293945	60.79999923706055	15002	2021/02/05 
2021/02/17 	60.099998474121094	62.0	60.099998474121094	60.79999923706055	19005	2021/02/17 
2021/02/18 	62.0	62.0	61.5	62.0	73001	2021/02/18 
2021/02/19 	61.79999923706055	62.20000076293945	61.79999923706055	62.20000076293945	70001	2021/02/19 
2021/02/22 	62.400001525878906	63.0	62.400001525878906	62.599998474121094	45025	2021/02/22 
2021/02/23 	62.099998474121094	63.0	62.099998474121094	62.5	19012	2021/02/23 
2021/02/24 	62.599998474121094	62.599998474121094	62.20000076293945	62.29999923706055	13001	2021/02/24 
2021/02/25 	61.900001525878906	62.20000076293945	61.900001525878906	62.20000076293945	2002	2021/02/25 
2021/02/26 	61.900001525878906	62.20000076293945	61.900001525878906	62.099998474121094	10010	2021/02/26 
2021/03/02 	63.0	63.099998474121094	62.599998474121094	62.599998474121094	31003	2021/03/02 
2021/03/03 	62.900001525878906	63.400001525878906	62.900001525878906	63.0	58003	2021/03/03 
2021/03/04 	63.0	63.0	62.79999923706055	63.0	40006	2021/03/04 
2021/03/05 	63.0	63.20000076293945	63.0	63.0	32015	2021/03/05 
2021/03/08 	63.79999923706055	63.79999923706055	63.0	63.79999923706055	26020	2021/03/08 
2021/03/09 	63.29999923706055	63.400001525878906	63.0	63.0	19011	2021/03/09 
2021/03/10 	61.29999923706055	63.0	61.099998474121094	63.0	30008	2021/03/10 
2021/03/11 	62.900001525878906	63.0	62.70000076293945	62.70000076293945	27173	2021/03/11 
2021/03/12 	65.5	65.5	63.20000076293945	64.9000015258789	54000	2021/03/12 
2021/03/15 	64.0999984741211	64.5	63.599998474121094	64.4000015258789	18003	2021/03/15 
2021/03/16 	64.30000305175781	64.5999984741211	64.30000305175781	64.5	7005	2021/03/16 
2021/03/17 	64.5	64.5	63.599998474121094	64.30000305175781	14007	2021/03/17 
2021/03/18 	64.5999984741211	65.0	64.0	64.19999694824219	39001	2021/03/18 
2021/03/19 	64.19999694824219	64.9000015258789	64.0	64.9000015258789	24000	2021/03/19 
2021/03/22 	64.9000015258789	66.0	64.80000305175781	66.0	50200	2021/03/22 
2021/03/23 	66.30000305175781	66.5	65.69999694824219	66.19999694824219	33000	2021/03/23 
2021/03/24 	66.19999694824219	66.19999694824219	65.4000015258789	66.0	8037	2021/03/24 
2021/03/25 	65.5999984741211	65.9000015258789	65.5	65.5	6010	2021/03/25 
2021/03/26 	65.80000305175781	65.80000305175781	65.69999694824219	65.69999694824219	6200	2021/03/26 
2021/03/29 	66.80000305175781	68.0	66.80000305175781	68.0	50001	2021/03/29 
2021/03/30 	68.0	69.0999984741211	67.80000305175781	69.0999984741211	29000	2021/03/30 
2021/03/31 	69.19999694824219	69.19999694824219	68.5999984741211	69.0	20039	2021/03/31 
2021/04/01 	68.30000305175781	68.9000015258789	68.30000305175781	68.9000015258789	15001	2021/04/01 
2021/04/07 	72.0	72.0	71.0	71.30000305175781	32030	2021/04/07 
2021/04/08 	71.30000305175781	72.0999984741211	71.30000305175781	72.0	28020	2021/04/08 
2021/04/09 	74.5	74.5	72.5	73.5	45003	2021/04/09 
2021/04/12 	73.9000015258789	75.0	73.69999694824219	75.0	80000	2021/04/12 
2021/04/13 	75.0	75.5	73.9000015258789	75.0	43169	2021/04/13 
2021/04/14 	73.80000305175781	74.0	72.5	74.0	17121	2021/04/14 
2021/04/15 	74.9000015258789	74.9000015258789	74.0	74.4000015258789	8000	2021/04/15 
2021/04/16 	74.5	74.5	72.80000305175781	72.9000015258789	33001	2021/04/16 
2021/04/19 	73.0	75.0	72.9000015258789	74.5999984741211	25001	2021/04/19 
2021/04/20 	74.9000015258789	75.4000015258789	74.5999984741211	74.69999694824219	32010	2021/04/20 
2021/04/21 	75.0	75.0	74.19999694824219	74.30000305175781	43756	2021/04/21 
2021/04/22 	77.0999984741211	81.69999694824219	77.0999984741211	81.5	257002	2021/04/22 
2021/04/23 	80.69999694824219	81.0	78.0	81.0	127176	2021/04/23 
2021/04/26 	81.0	81.5999984741211	80.5999984741211	81.5	69018	2021/04/26 
2021/04/27 	81.5999984741211	82.5	81.19999694824219	82.5	87025	2021/04/27 
2021/04/28 	82.5	83.0	82.30000305175781	82.5999984741211	48001	2021/04/28 
2021/04/29 	82.4000015258789	82.5	82.0	82.4000015258789	33000	2021/04/29 
2021/05/03 	82.4000015258789	82.4000015258789	81.0	81.0	66005	2021/05/03 
2021/05/04 	81.0	81.0	79.0	80.5	60302	2021/05/04 
2021/05/05 	80.0	81.80000305175781	80.0	81.69999694824219	23001	2021/05/05 
2021/05/06 	81.0	81.5	80.30000305175781	81.0	21002	2021/05/06 
2021/05/07 	83.5999984741211	83.5999984741211	81.5	83.5	61060	2021/05/07 
2021/05/10 	81.80000305175781	82.9000015258789	80.5999984741211	82.9000015258789	25538	2021/05/10 
2021/05/11 	82.0	82.0999984741211	79.5	79.69999694824219	22010	2021/05/11 
2021/05/12 	80.0	80.5	77.0	78.0	43003	2021/05/12 
2021/05/13 	79.0	80.0	78.69999694824219	78.69999694824219	13106	2021/05/13 
2021/05/14 	77.0999984741211	78.30000305175781	77.0	77.5	58009	2021/05/14 
2021/05/17 	75.0	76.80000305175781	73.5	75.0999984741211	39007	2021/05/17 
2021/05/18 	75.19999694824219	80.5	75.19999694824219	78.5	39000	2021/05/18 
2021/05/19 	77.19999694824219	79.69999694824219	77.19999694824219	77.9000015258789	10000	2021/05/19 
2021/05/20 	79.0	79.0	79.0	79.0	2002	2021/05/20 
2021/05/21 	79.5	79.5	77.9000015258789	78.9000015258789	13002	2021/05/21 
2021/05/24 	78.5	78.5	78.0	78.0	5002	2021/05/24 
2021/05/25 	78.5999984741211	79.5	78.5999984741211	78.69999694824219	6000	2021/05/25 
2021/05/26 	79.0999984741211	79.4000015258789	79.0999984741211	79.0999984741211	13000	2021/05/26 
2021/05/27 	77.80000305175781	78.9000015258789	77.80000305175781	78.9000015258789	12002	2021/05/27 
2021/05/28 	78.9000015258789	78.9000015258789	78.9000015258789	78.9000015258789	2000	2021/05/28 
2021/05/31 	78.9000015258789	78.9000015258789	77.80000305175781	78.5	9000	2021/05/31 
2021/06/01 	79.0	79.0	78.0	78.5	9000	2021/06/01 
2021/06/02 	78.5	78.5	77.69999694824219	78.5	22000	2021/06/02 
2021/06/03 	79.0	80.0	79.0	79.0999984741211	11000	2021/06/03 
2021/06/04 	79.5999984741211	79.9000015258789	79.5	79.5	17000	2021/06/04 
2021/06/07 	79.5	79.5	78.69999694824219	79.5	15006	2021/06/07 
2021/06/08 	79.5	79.5	79.5	79.5	1016	2021/06/08 
2021/06/09 	79.5	79.9000015258789	79.0999984741211	79.0999984741211	45004	2021/06/09 
2021/06/10 	79.5	79.5	79.4000015258789	79.4000015258789	6002	2021/06/10 
2021/06/11 	79.0999984741211	79.5	79.0999984741211	79.5	8000	2021/06/11 
2021/06/15 	80.0	80.0	79.5	79.5	13001	2021/06/15 
2021/06/16 	79.5	80.0	79.5	79.5999984741211	24017	2021/06/16 
2021/06/17 	79.5999984741211	79.5999984741211	79.5999984741211	79.5999984741211	2001	2021/06/17 
2021/06/18 	80.0	80.5999984741211	79.0	79.9000015258789	60000	2021/06/18 
2021/06/21 	79.5	80.0999984741211	79.5	79.5	11003	2021/06/21 
2021/06/22 	79.9000015258789	80.0	79.0	79.0	16000	2021/06/22 
2021/06/23 	80.0	80.30000305175781	79.9000015258789	80.0999984741211	15001	2021/06/23 
2021/06/24 	80.4000015258789	80.4000015258789	80.0999984741211	80.0999984741211	2006	2021/06/24 
2021/06/25 	80.0999984741211	81.0	80.0999984741211	80.19999694824219	12000	2021/06/25 
2021/06/28 	80.0	80.80000305175781	79.5999984741211	79.5999984741211	27041	2021/06/28 
2021/06/29 	80.0	80.0	79.69999694824219	79.80000305175781	13000	2021/06/29 
2021/06/30 	79.69999694824219	81.0	79.69999694824219	80.30000305175781	15001	2021/06/30 
2021/07/01 	81.0	81.0999984741211	80.0999984741211	80.0999984741211	13001	2021/07/01 
2021/07/02 	80.5	83.0	80.5	82.4000015258789	25000	2021/07/02 
2021/07/05 	83.0	84.9000015258789	82.80000305175781	83.80000305175781	59250	2021/07/05 
2021/07/06 	84.30000305175781	84.30000305175781	82.9000015258789	83.30000305175781	40203	2021/07/06 
2021/07/07 	83.30000305175781	84.9000015258789	81.9000015258789	84.9000015258789	34250	2021/07/07 
2021/07/08 	83.89060974121094	83.99012756347656	82.89546966552734	83.79109954833984	31151	2021/07/08 
2021/07/09 	82.79595184326172	82.79595184326172	82.19886779785156	82.29838562011719	18138	2021/07/09 
2021/07/12 	82.596923828125	82.596923828125	80.10906982421875	81.6017837524414	35180	2021/07/12 
2021/07/13 	81.6017837524414	83.09449768066406	81.40275573730469	81.40275573730469	27168	2021/07/13 
2021/07/14 	81.30323791503906	82.39789581298828	81.30323791503906	82.39789581298828	11082	2021/07/14 
2021/07/15 	81.80081176757812	81.80081176757812	81.30323791503906	81.50226593017578	31201	2021/07/15 
2021/07/16 	80.90518188476562	83.29352569580078	80.90518188476562	82.596923828125	31151	2021/07/16 
2021/07/19 	82.89546966552734	86.47798919677734	82.89546966552734	85.88089752197266	121913	2021/07/19 
2021/07/20 	80.30000305175781	80.30000305175781	79.0	79.5999984741211	45000	2021/07/20 
2021/07/21 	80.69999694824219	81.5999984741211	79.5999984741211	81.5999984741211	30180	2021/07/21 
2021/07/22 	79.30000305175781	80.30000305175781	79.19999694824219	80.0	17000	2021/07/22 
2021/07/23 	78.9000015258789	79.0	78.69999694824219	79.0	15000	2021/07/23 
2021/07/26 	78.0999984741211	78.0999984741211	76.19999694824219	78.0	31000	2021/07/26 
2021/07/27 	78.0	78.0	76.69999694824219	76.69999694824219	5069	2021/07/27 
2021/07/28 	76.0	76.19999694824219	75.19999694824219	75.19999694824219	23001	2021/07/28 
2021/07/29 	75.19999694824219	75.19999694824219	75.0	75.0	13001	2021/07/29 
2021/07/30 	75.0	75.0	74.69999694824219	74.69999694824219	8003	2021/07/30 
2021/08/02 	74.19999694824219	75.0	74.19999694824219	74.4000015258789	8018	2021/08/02 
2021/08/03 	75.0	75.0	74.80000305175781	74.80000305175781	4000	2021/08/03 
2021/08/04 	78.5999984741211	78.5999984741211	75.0	76.0	13003	2021/08/04 
2021/08/05 	75.0	76.0	75.0	76.0	5014	2021/08/05 
2021/08/06 	75.0	75.4000015258789	75.0	75.4000015258789	9000	2021/08/06 
2021/08/09 	75.80000305175781	75.80000305175781	75.0	75.0	7000	2021/08/09 
2021/08/10 	74.0	74.0	73.19999694824219	73.19999694824219	4001	2021/08/10 
2021/08/11 	73.5	73.5999984741211	72.0	72.0	23000	2021/08/11 
2021/08/12 	72.0	72.0	72.0	72.0	2000	2021/08/12 
2021/08/13 	74.9000015258789	74.9000015258789	74.9000015258789	74.9000015258789	13000	2021/08/13 
2021/08/16 	72.0	74.19999694824219	71.5999984741211	74.19999694824219	51000	2021/08/16 
2021/08/17 	74.5	74.5	71.19999694824219	71.19999694824219	28002	2021/08/17 
2021/08/18 	70.19999694824219	71.0	70.0999984741211	70.9000015258789	19001	2021/08/18 
2021/08/19 	70.0	70.0	70.0	70.0	4005	2021/08/19 
2021/08/20 	72.0	72.0	70.5	70.5	11000	2021/08/20 
2021/08/23 	70.19999694824219	70.9000015258789	70.19999694824219	70.9000015258789	3200	2021/08/23 
2021/08/24 	71.9000015258789	71.9000015258789	70.0999984741211	70.9000015258789	8013	2021/08/24 
2021/08/25 	71.0	71.0	70.0999984741211	70.9000015258789	6009	2021/08/25 
2021/08/26 	71.69999694824219	71.69999694824219	70.0999984741211	70.0999984741211	11050	2021/08/26 
2021/08/27 	70.5999984741211	70.5999984741211	70.5999984741211	70.5999984741211	1000	2021/08/27 
2021/08/30 	70.19999694824219	71.0	70.0	70.80000305175781	14057	2021/08/30 
2021/08/31 	70.19999694824219	70.19999694824219	70.0	70.0	10000	2021/08/31 
2021/09/01 	70.0999984741211	70.0999984741211	70.0999984741211	70.0999984741211	5000	2021/09/01 
2021/09/02 	69.9000015258789	70.0	69.9000015258789	70.0	2006	2021/09/02 
2021/09/03 	70.5	70.5	69.80000305175781	70.19999694824219	26060	2021/09/03 
2021/09/06 	70.30000305175781	70.30000305175781	69.9000015258789	70.19999694824219	29002	2021/09/06 
2021/09/07 	69.5999984741211	69.5999984741211	67.0999984741211	68.4000015258789	49016	2021/09/07 
2021/09/08 	65.80000305175781	66.5999984741211	65.5999984741211	65.5999984741211	60051	2021/09/08 
2021/09/09 	65.5999984741211	65.5999984741211	63.5	63.900001525878906	61000	2021/09/09 
2021/09/10 	63.900001525878906	64.0999984741211	63.70000076293945	63.900001525878906	17000	2021/09/10 
2021/09/13 	63.29999923706055	63.5	62.5	63.400001525878906	27000	2021/09/13 
2021/09/14 	63.099998474121094	64.4000015258789	63.099998474121094	64.4000015258789	13002	2021/09/14 
2021/09/15 	63.29999923706055	64.0	63.20000076293945	64.0	25000	2021/09/15 
2021/09/16 	64.69999694824219	64.80000305175781	63.5	64.30000305175781	13000	2021/09/16 
2021/09/17 	63.70000076293945	64.30000305175781	63.599998474121094	63.79999923706055	19033	2021/09/17 
2021/09/22 	63.79999923706055	64.4000015258789	63.0	64.4000015258789	26000	2021/09/22 
2021/09/23 	64.5	65.5	64.19999694824219	65.0	27000	2021/09/23 
2021/09/24 	65.0	65.4000015258789	65.0	65.19999694824219	22001	2021/09/24 
2021/09/27 	65.19999694824219	66.0	65.19999694824219	66.0	18010	2021/09/27 
2021/09/28 	65.19999694824219	66.0	65.0	65.80000305175781	16000	2021/09/28 
2021/09/29 	65.69999694824219	66.80000305175781	65.69999694824219	66.80000305175781	29001	2021/09/29 
2021/09/30 	66.80000305175781	68.0	66.80000305175781	68.0	25000	2021/09/30 
2021/10/01 	68.0	68.5	66.9000015258789	67.4000015258789	31000	2021/10/01 
2021/10/04 	66.30000305175781	68.30000305175781	66.0999984741211	66.69999694824219	43001	2021/10/04 
2021/10/05 	66.69999694824219	67.0	66.69999694824219	67.0	6000	2021/10/05 
2021/10/06 	65.5999984741211	66.5999984741211	65.5999984741211	66.5999984741211	21000	2021/10/06 
2021/10/07 	67.4000015258789	67.4000015258789	66.80000305175781	66.80000305175781	7000	2021/10/07 
2021/10/08 	67.5999984741211	67.5999984741211	67.0	67.0	7000	2021/10/08 
2021/10/12 	67.0999984741211	67.4000015258789	66.0	67.4000015258789	17001	2021/10/12 
2021/10/13 	67.4000015258789	67.5	65.30000305175781	66.69999694824219	22001	2021/10/13 
2021/10/14 	68.19999694824219	68.19999694824219	66.0999984741211	67.80000305175781	6010	2021/10/14 
2021/10/15 	67.80000305175781	67.80000305175781	67.0	67.0	19338	2021/10/15 
2021/10/18 	66.5999984741211	67.30000305175781	65.80000305175781	67.30000305175781	25098	2021/10/18 
2021/10/19 	67.69999694824219	67.69999694824219	66.19999694824219	66.80000305175781	18000	2021/10/19 
2021/10/20 	67.5	67.5	66.5	67.5	11000	2021/10/20 
2021/10/21 	67.5	67.69999694824219	67.4000015258789	67.5	12001	2021/10/21 
2021/10/22 	67.80000305175781	68.0	67.69999694824219	68.0	21003	2021/10/22 
2021/10/25 	68.0	69.0	68.0	69.0	5000	2021/10/25 
2021/10/26 	69.30000305175781	69.5	69.30000305175781	69.5	12000	2021/10/26 
2021/10/27 	69.5	69.80000305175781	69.0	69.5	8000	2021/10/27 
2021/10/28 	67.4000015258789	69.30000305175781	67.4000015258789	69.30000305175781	11500	2021/10/28 
2021/10/29 	68.0999984741211	69.0	68.0999984741211	68.69999694824219	10000	2021/10/29 
2021/11/01 	69.0	69.0	68.0	68.9000015258789	15001	2021/11/01 
2021/11/02 	68.9000015258789	68.9000015258789	68.69999694824219	68.69999694824219	4015	2021/11/02 
2021/11/03 	68.0	68.5999984741211	67.80000305175781	68.5999984741211	6004	2021/11/03 
2021/11/04 	68.5999984741211	68.5999984741211	68.0999984741211	68.0999984741211	4002	2021/11/04 
2021/11/05 	68.80000305175781	68.80000305175781	68.5999984741211	68.5999984741211	3000	2021/11/05 
2021/11/08 	68.69999694824219	68.69999694824219	68.30000305175781	68.30000305175781	3000	2021/11/08 
2021/11/09 	68.30000305175781	68.5	68.30000305175781	68.5	5000	2021/11/09 
2021/11/10 	68.0	69.0	68.0	68.5	20001	2021/11/10 
2021/11/11 	68.5	68.69999694824219	68.5	68.5	9010	2021/11/11 
2021/11/12 	67.30000305175781	68.5	67.30000305175781	68.4000015258789	13010	2021/11/12 
2021/11/15 	68.5999984741211	68.5999984741211	68.5999984741211	68.5999984741211	4020	2021/11/15 
2021/11/16 	68.0999984741211	68.0999984741211	67.5	68.0	6000	2021/11/16 
2021/11/17 	68.0	68.0	66.69999694824219	66.69999694824219	2002	2021/11/17 
2021/11/18 	66.80000305175781	66.9000015258789	66.5999984741211	66.5999984741211	20000	2021/11/18 
2021/11/19 	68.0	68.0	67.80000305175781	68.0	4003	2021/11/19 
2021/11/22 	68.0	68.69999694824219	68.0	68.5999984741211	4000	2021/11/22 
2021/11/23 	68.80000305175781	68.80000305175781	67.30000305175781	68.5999984741211	5029	2021/11/23 
2021/11/24 	68.80000305175781	68.80000305175781	66.80000305175781	68.0	13002	2021/11/24 
2021/11/25 	68.5	68.5	67.0	68.0	5032	2021/11/25 
2021/11/26 	68.0	68.0	67.0	68.0	3000	2021/11/26 
2021/11/29 	68.0	68.0	68.0	68.0	2086	2021/11/29 
2021/11/30 	67.0	67.0	66.69999694824219	66.80000305175781	8000	2021/11/30 
2021/12/01 	67.30000305175781	67.4000015258789	66.80000305175781	66.80000305175781	7000	2021/12/01 
2021/12/02 	66.0999984741211	67.0	66.0	67.0	16001	2021/12/02 
2021/12/03 	66.19999694824219	66.9000015258789	66.19999694824219	66.9000015258789	7000	2021/12/03 
2021/12/06 	67.5999984741211	67.5999984741211	67.5999984741211	67.5999984741211	3032	2021/12/06 
2021/12/07 	67.80000305175781	68.69999694824219	67.80000305175781	68.4000015258789	12010	2021/12/07 
2021/12/08 	68.4000015258789	68.5999984741211	67.9000015258789	68.4000015258789	32000	2021/12/08 
2021/12/09 	68.0	68.0	68.0	68.0	5000	2021/12/09 
2021/12/10 	69.9000015258789	69.9000015258789	67.0	67.4000015258789	25090	2021/12/10 
2021/12/13 	68.0999984741211	68.0999984741211	67.0	67.69999694824219	12001	2021/12/13 
2021/12/14 	67.69999694824219	67.69999694824219	67.0	67.5999984741211	3010	2021/12/14 
2021/12/15 	66.19999694824219	67.4000015258789	66.0	67.19999694824219	21000	2021/12/15 
2021/12/16 	67.0	67.69999694824219	67.0	67.69999694824219	5000	2021/12/16 
2021/12/17 	67.69999694824219	67.69999694824219	67.5999984741211	67.5999984741211	2000	2021/12/17 
2021/12/20 	67.5	67.80000305175781	67.5	67.80000305175781	2000	2021/12/20 
2021/12/21 	68.69999694824219	68.69999694824219	68.69999694824219	68.69999694824219	1000	2021/12/21 
2021/12/22 	68.4000015258789	68.4000015258789	67.30000305175781	67.30000305175781	5000	2021/12/22 
2021/12/23 	67.80000305175781	67.80000305175781	67.80000305175781	67.80000305175781	1001	2021/12/23 
2021/12/24 	67.80000305175781	67.80000305175781	67.80000305175781	67.80000305175781	3001	2021/12/24 
2021/12/27 	67.80000305175781	67.9000015258789	67.80000305175781	67.9000015258789	8050	2021/12/27 
2021/12/28 	68.0	68.0	68.0	68.0	2031	2021/12/28 
2021/12/29 	67.5	68.0	67.5	68.0	6001	2021/12/29 
2021/12/30 	68.0	68.5	68.0	68.5	3000	2021/12/30 
2022/01/03 	68.5999984741211	68.5999984741211	67.69999694824219	68.30000305175781	11032	2022/01/03 
2022/01/04 	67.69999694824219	67.9000015258789	67.5	67.9000015258789	6000	2022/01/04 
2022/01/05 	68.30000305175781	68.30000305175781	68.30000305175781	68.30000305175781	1085	2022/01/05 
2022/01/06 	68.5	68.5	68.5	68.5	1000	2022/01/06 
2022/01/07 	67.19999694824219	67.19999694824219	67.0	67.0	2000	2022/01/07 
2022/01/10 	67.69999694824219	67.69999694824219	67.30000305175781	67.30000305175781	4001	2022/01/10 
2022/01/11 	67.5	68.0	67.5	67.5999984741211	4001	2022/01/11 
2022/01/12 	67.5999984741211	67.5999984741211	67.5999984741211	67.5999984741211	0	2022/01/12 
2022/01/13 	68.0	68.5	68.0	68.5	11009	2022/01/13 
2022/01/14 	67.4000015258789	67.5999984741211	67.4000015258789	67.5	4010	2022/01/14 
2022/01/17 	67.5	67.5999984741211	67.5	67.5	7001	2022/01/17 
2022/01/18 	67.5	67.5	67.5	67.5	3000	2022/01/18 
2022/01/19 	67.9000015258789	68.30000305175781	67.9000015258789	68.30000305175781	5000	2022/01/19 
2022/01/20 	68.0	68.5	68.0	68.5	4101	2022/01/20 
2022/01/21 	68.5999984741211	68.5999984741211	68.0	68.0	3007	2022/01/21 
2022/01/24 	66.80000305175781	67.80000305175781	66.80000305175781	67.80000305175781	11001	2022/01/24 
2022/01/25 	68.4000015258789	68.4000015258789	67.5	67.5	2000	2022/01/25 
2022/01/26 	67.5999984741211	68.4000015258789	67.5999984741211	68.4000015258789	2000	2022/01/26 
2022/02/07 	67.80000305175781	67.80000305175781	67.4000015258789	67.4000015258789	5006	2022/02/07 
2022/02/08 	67.5	67.5999984741211	67.5	67.5999984741211	5001	2022/02/08 
2022/02/09 	68.0	68.0	67.5	67.9000015258789	4003	2022/02/09 
2022/02/10 	68.5	68.5	68.30000305175781	68.30000305175781	3001	2022/02/10 
2022/02/11 	68.5	68.5	68.0	68.0	12002	2022/02/11 
2022/02/14 	68.0	68.0	67.80000305175781	67.80000305175781	12001	2022/02/14 
2022/02/15 	67.80000305175781	67.80000305175781	66.0999984741211	66.0999984741211	78000	2022/02/15 
2022/02/16 	66.0999984741211	66.5	66.0999984741211	66.5	3003	2022/02/16 
2022/02/17 	67.0999984741211	67.0999984741211	65.5999984741211	66.0999984741211	14000	2022/02/17 
2022/02/18 	67.69999694824219	67.9000015258789	67.69999694824219	67.9000015258789	4008	2022/02/18 
2022/02/21 	68.0	68.0	66.4000015258789	66.4000015258789	9004	2022/02/21 
2022/02/22 	66.4000015258789	67.30000305175781	66.4000015258789	66.80000305175781	9004	2022/02/22 
2022/02/23 	66.9000015258789	66.9000015258789	66.5	66.5	11000	2022/02/23 
2022/02/24 	66.30000305175781	66.30000305175781	65.5	66.0999984741211	29006	2022/02/24 
2022/02/25 	66.19999694824219	66.4000015258789	66.19999694824219	66.4000015258789	2005	2022/02/25 
2022/03/01 	66.4000015258789	67.0999984741211	65.80000305175781	65.9000015258789	33021	2022/03/01 
2022/03/02 	67.0999984741211	67.19999694824219	67.0999984741211	67.19999694824219	2000	2022/03/02 
2022/03/03 	66.5	66.5	66.0	66.0	4032	2022/03/03 
2022/03/04 	66.5	67.0	65.69999694824219	65.69999694824219	22507	2022/03/04 
2022/03/07 	70.19999694824219	70.19999694824219	65.0	66.0999984741211	37307	2022/03/07 
2022/03/08 	66.4000015258789	67.80000305175781	65.80000305175781	65.9000015258789	19003	2022/03/08 
2022/03/09 	65.5	67.0	65.5	66.0	23258	2022/03/09 
2022/03/10 	66.9000015258789	67.19999694824219	66.0	67.0	10175	2022/03/10 
2022/03/11 	67.0999984741211	67.0999984741211	66.69999694824219	66.69999694824219	6000	2022/03/11 
2022/03/14 	67.0	68.0999984741211	66.69999694824219	67.80000305175781	18838	2022/03/14 
2022/03/15 	67.5999984741211	67.80000305175781	67.5999984741211	67.80000305175781	3000	2022/03/15 
2022/03/16 	67.0999984741211	69.30000305175781	67.0	68.0	28000	2022/03/16 
2022/03/17 	71.0	71.0	69.80000305175781	70.0999984741211	40001	2022/03/17 
2022/03/18 	70.19999694824219	71.0	70.0999984741211	70.19999694824219	39002	2022/03/18 
2022/03/21 	70.30000305175781	71.5999984741211	70.30000305175781	71.19999694824219	21006	2022/03/21 
2022/03/22 	70.0	71.9000015258789	70.0	71.80000305175781	28007	2022/03/22 
2022/03/23 	71.30000305175781	72.5	71.30000305175781	72.5	24032	2022/03/23 
2022/03/24 	72.5	73.80000305175781	72.4000015258789	73.5	33000	2022/03/24 
2022/03/25 	73.19999694824219	73.9000015258789	73.19999694824219	73.5999984741211	6000	2022/03/25 
2022/03/28 	73.5999984741211	73.5999984741211	73.0	73.4000015258789	19000	2022/03/28 
2022/03/29 	73.4000015258789	74.19999694824219	73.4000015258789	73.9000015258789	15001	2022/03/29 
2022/03/30 	74.5	74.69999694824219	73.9000015258789	74.69999694824219	31003	2022/03/30 
2022/03/31 	74.9000015258789	75.0	74.4000015258789	74.69999694824219	20101	2022/03/31 
2022/04/01 	74.5	74.5	74.0999984741211	74.0999984741211	14000	2022/04/01 
2022/04/06 	73.5	74.30000305175781	73.5	74.30000305175781	6007	2022/04/06 
2022/04/07 	74.0	74.30000305175781	73.5999984741211	74.30000305175781	11001	2022/04/07 
2022/04/08 	74.0999984741211	74.30000305175781	73.9000015258789	73.9000015258789	14000	2022/04/08 
2022/04/11 	73.69999694824219	74.5	73.5	73.5	16008	2022/04/11 
2022/04/12 	74.0999984741211	74.19999694824219	74.0	74.0	14000	2022/04/12 
2022/04/13 	73.19999694824219	74.9000015258789	73.19999694824219	74.4000015258789	10002	2022/04/13 
2022/04/14 	74.5999984741211	74.5999984741211	74.0	74.4000015258789	12065	2022/04/14 
2022/04/15 	74.5999984741211	74.5999984741211	73.9000015258789	74.30000305175781	8182	2022/04/15 
2022/04/18 	74.0999984741211	74.30000305175781	73.5999984741211	73.5999984741211	10001	2022/04/18 
2022/04/19 	73.80000305175781	73.80000305175781	73.5999984741211	73.5999984741211	3000	2022/04/19 
2022/04/20 	73.5999984741211	74.30000305175781	73.5	73.5999984741211	5001	2022/04/20 
2022/04/21 	73.9000015258789	73.9000015258789	73.9000015258789	73.9000015258789	6015	2022/04/21 
2022/04/22 	73.9000015258789	74.0	73.9000015258789	74.0	11000	2022/04/22 
2022/04/25 	72.5	73.5	72.5	73.0999984741211	13002	2022/04/25 
2022/04/26 	72.5999984741211	74.0	72.5999984741211	72.5999984741211	5000	2022/04/26 
2022/04/27 	72.80000305175781	72.80000305175781	72.80000305175781	72.80000305175781	2000	2022/04/27 
2022/04/28 	73.69999694824219	73.69999694824219	72.69999694824219	73.30000305175781	7000	2022/04/28 
2022/04/29 	73.0	73.5	73.0	73.5	8035	2022/04/29 
2022/05/03 	73.5	73.80000305175781	73.19999694824219	73.5	12000	2022/05/03 
2022/05/04 	73.5	73.69999694824219	73.5	73.69999694824219	11000	2022/05/04 
2022/05/05 	73.9000015258789	74.0	73.19999694824219	73.5	7000	2022/05/05 
2022/05/06 	72.0	74.0	72.0	74.0	5347	2022/05/06 
2022/05/09 	73.9000015258789	73.9000015258789	73.9000015258789	73.9000015258789	2000	2022/05/09 
2022/05/10 	72.4000015258789	73.30000305175781	72.19999694824219	73.19999694824219	8000	2022/05/10 
2022/05/11 	73.5999984741211	73.69999694824219	73.0	73.4000015258789	6000	2022/05/11 
2022/05/12 	73.4000015258789	73.4000015258789	72.5	73.0	14000	2022/05/12 
2022/05/13 	71.0	72.5	71.0	72.5	11001	2022/05/13 
2022/05/16 	72.0	72.69999694824219	72.0	72.69999694824219	3000	2022/05/16 
2022/05/17 	72.9000015258789	72.9000015258789	72.80000305175781	72.80000305175781	2000	2022/05/17 
2022/05/18 	72.5	73.4000015258789	72.30000305175781	72.9000015258789	11000	2022/05/18 
2022/05/19 	72.9000015258789	72.9000015258789	72.9000015258789	72.9000015258789	2003	2022/05/19 
2022/05/20 	73.5999984741211	73.5999984741211	73.5999984741211	73.5999984741211	1000	2022/05/20 
2022/05/23 	74.0999984741211	74.0999984741211	74.0999984741211	74.0999984741211	2000	2022/05/23 
2022/05/24 	74.19999694824219	74.19999694824219	72.80000305175781	72.80000305175781	7000	2022/05/24 
2022/05/25 	73.80000305175781	74.0	73.80000305175781	74.0	23000	2022/05/25 
2022/05/26 	74.80000305175781	74.80000305175781	74.0	74.30000305175781	9000	2022/05/26 
2022/05/27 	73.5999984741211	73.5999984741211	73.4000015258789	73.4000015258789	4003	2022/05/27 
2022/05/30 	74.0	75.5	74.0	75.0	23002	2022/05/30 
2022/05/31 	75.19999694824219	75.30000305175781	75.0999984741211	75.30000305175781	4000	2022/05/31 
2022/06/01 	75.0	75.4000015258789	75.0	75.4000015258789	8002	2022/06/01 
2022/06/02 	75.4000015258789	75.4000015258789	75.4000015258789	75.4000015258789	5000	2022/06/02 
2022/06/06 	74.5	74.80000305175781	74.5	74.80000305175781	4001	2022/06/06 
2022/06/07 	75.0999984741211	75.0999984741211	75.0999984741211	75.0999984741211	1000	2022/06/07 
2022/06/08 	75.0	75.0999984741211	74.69999694824219	75.0999984741211	10001	2022/06/08 
2022/06/09 	75.4000015258789	75.5999984741211	75.0	75.5999984741211	18397	2022/06/09 
2022/06/10 	74.69999694824219	76.0	74.4000015258789	75.5	8000	2022/06/10 
2022/06/13 	75.0999984741211	75.30000305175781	74.19999694824219	74.19999694824219	12000	2022/06/13 
2022/06/14 	74.19999694824219	74.5	74.0999984741211	74.0999984741211	23000	2022/06/14 
2022/06/15 	74.0999984741211	75.4000015258789	74.0999984741211	75.4000015258789	10969	2022/06/15 
2022/06/16 	75.4000015258789	76.0	74.9000015258789	74.9000015258789	4001	2022/06/16 
2022/06/17 	74.9000015258789	75.5	74.0999984741211	74.0999984741211	8051	2022/06/17 
2022/06/20 	74.0999984741211	74.0999984741211	73.9000015258789	74.0999984741211	12100	2022/06/20 
2022/06/21 	73.5999984741211	74.9000015258789	73.5999984741211	74.9000015258789	5001	2022/06/21 
2022/06/22 	74.4000015258789	74.5	74.4000015258789	74.5	3001	2022/06/22 
2022/06/23 	74.30000305175781	74.5	74.30000305175781	74.5	2000	2022/06/23 
2022/06/24 	74.80000305175781	74.80000305175781	74.80000305175781	74.80000305175781	1026	2022/06/24 
2022/06/27 	74.69999694824219	74.9000015258789	74.5	74.9000015258789	5001	2022/06/27 
2022/06/28 	75.0	75.0	74.80000305175781	75.0	8000	2022/06/28 
2022/06/29 	75.30000305175781	75.4000015258789	74.0999984741211	75.19999694824219	16149	2022/06/29 
2022/06/30 	73.80000305175781	75.19999694824219	72.0	74.0	14000	2022/06/30 
2022/07/01 	74.0	74.19999694824219	73.80000305175781	73.80000305175781	15001	2022/07/01 
2022/07/04 	73.0	74.0999984741211	73.0	73.80000305175781	16000	2022/07/04 
2022/07/05 	73.80000305175781	74.19999694824219	73.80000305175781	73.9000015258789	18000	2022/07/05 
2022/07/06 	74.0	74.0	73.0	73.9000015258789	35005	2022/07/06 
2022/07/07 	68.0	69.5	68.0	68.0	18001	2022/07/07 
2022/07/08 	67.9000015258789	67.9000015258789	67.9000015258789	67.9000015258789	1000	2022/07/08 
2022/07/11 	67.30000305175781	67.30000305175781	65.0999984741211	67.30000305175781	8000	2022/07/11 
2022/07/12 	65.19999694824219	66.4000015258789	64.69999694824219	64.80000305175781	14000	2022/07/12 
2022/07/13 	64.80000305175781	65.5	64.30000305175781	64.5999984741211	6000	2022/07/13 
2022/07/14 	65.19999694824219	65.19999694824219	65.19999694824219	65.19999694824219	1003	2022/07/14 
2022/07/15 	65.30000305175781	65.30000305175781	65.30000305175781	65.30000305175781	1001	2022/07/15 
2022/07/18 	65.5999984741211	65.5999984741211	65.5	65.5	4000	2022/07/18 
2022/07/19 	66.4000015258789	66.4000015258789	66.19999694824219	66.19999694824219	2001	2022/07/19 
2022/07/20 	66.30000305175781	66.5	65.0999984741211	65.0999984741211	5000	2022/07/20 
2022/07/21 	65.0	65.0999984741211	65.0	65.0999984741211	3000	2022/07/21 
2022/07/22 	66.0	66.5	65.0999984741211	65.0999984741211	7001	2022/07/22 
2022/07/25 	65.0999984741211	65.0999984741211	65.0999984741211	65.0999984741211	1005	2022/07/25 
2022/07/26 	65.9000015258789	67.80000305175781	65.9000015258789	67.80000305175781	7001	2022/07/26 
2022/07/27 	67.0	67.0	66.5	66.5	2001	2022/07/27 
2022/07/28 	66.5	66.5	65.4000015258789	65.5	9000	2022/07/28 
2022/07/29 	65.5	65.5	65.5	65.5	1001	2022/07/29 
2022/08/01 	66.0	66.0	65.5	66.0	5000	2022/08/01 
2022/08/02 	66.0	66.80000305175781	65.69999694824219	65.69999694824219	10000	2022/08/02 
2022/08/03 	66.0999984741211	66.0999984741211	66.0999984741211	66.0999984741211	8001	2022/08/03 
2022/08/04 	67.0	67.0	66.0	66.0	15000	2022/08/04 
2022/08/05 	66.69999694824219	66.69999694824219	66.5	66.5	3000	2022/08/05 
2022/08/08 	67.0	67.0	67.0	67.0	5006	2022/08/08 
2022/08/09 	67.0	67.4000015258789	67.0	67.0	9000	2022/08/09 
2022/08/10 	67.0	67.5	67.0	67.5	11000	2022/08/10 
2022/08/11 	67.0	68.0	67.0	67.0	14000	2022/08/11 
2022/08/12 	67.0	67.9000015258789	67.0	67.9000015258789	10000	2022/08/12 
2022/08/15 	67.0999984741211	67.9000015258789	67.0	67.80000305175781	23000	2022/08/15 
2022/08/16 	68.0	68.0	68.0	68.0	2002	2022/08/16 
2022/08/17 	67.30000305175781	68.0	66.80000305175781	66.80000305175781	23000	2022/08/17 
2022/08/18 	67.9000015258789	67.9000015258789	67.9000015258789	67.9000015258789	1001	2022/08/18 
2022/08/19 	67.9000015258789	67.9000015258789	67.30000305175781	67.30000305175781	2001	2022/08/19 
2022/08/22 	67.30000305175781	67.30000305175781	67.30000305175781	67.30000305175781	0	2022/08/22 
2022/08/23 	67.5	68.0	67.5	68.0	3000	2022/08/23 
2022/08/24 	68.30000305175781	68.30000305175781	68.0999984741211	68.19999694824219	4000	2022/08/24 
2022/08/25 	66.9000015258789	67.0	66.69999694824219	66.80000305175781	16010	2022/08/25 
2022/08/26 	67.0	67.19999694824219	66.80000305175781	67.19999694824219	16000	2022/08/26 
2022/08/29 	67.0	67.19999694824219	66.80000305175781	67.19999694824219	5003	2022/08/29 
2022/08/30 	68.19999694824219	68.19999694824219	67.4000015258789	67.4000015258789	6000	2022/08/30 
2022/08/31 	67.4000015258789	68.0	67.4000015258789	68.0	4000	2022/08/31 
2022/09/01 	66.30000305175781	67.0	66.30000305175781	67.0	6000	2022/09/01 
2022/09/02 	67.9000015258789	67.9000015258789	67.0	67.19999694824219	11000	2022/09/02 
2022/09/05 	67.19999694824219	67.19999694824219	67.19999694824219	67.19999694824219	1000	2022/09/05 
2022/09/06 	67.9000015258789	68.0	67.9000015258789	68.0	3500	2022/09/06 
2022/09/07 	68.0	68.0	68.0	68.0	2000	2022/09/07 
2022/09/08 	67.9000015258789	68.0	67.4000015258789	68.0	3000	2022/09/08 
2022/09/12 	68.0	68.30000305175781	68.0	68.30000305175781	15000	2022/09/12 
2022/09/13 	68.4000015258789	68.4000015258789	68.19999694824219	68.19999694824219	2001	2022/09/13 
2022/09/14 	68.0	68.0	67.0	68.0	3001	2022/09/14 
2022/09/15 	68.19999694824219	68.30000305175781	68.0	68.0	6003	2022/09/15 
2022/09/16 	67.0	68.19999694824219	67.0	67.4000015258789	7000	2022/09/16 
2022/09/19 	67.5	67.9000015258789	66.80000305175781	67.30000305175781	8000	2022/09/19 
2022/09/20 	67.5	67.5	67.0	67.0	6001	2022/09/20 
2022/09/21 	67.30000305175781	67.30000305175781	66.5	67.30000305175781	5000	2022/09/21 
2022/09/22 	65.5999984741211	67.19999694824219	65.5999984741211	67.19999694824219	5001	2022/09/22 
2022/09/23 	67.0999984741211	67.19999694824219	67.0999984741211	67.19999694824219	10000	2022/09/23 
2022/09/26 	65.9000015258789	66.9000015258789	65.9000015258789	66.9000015258789	4000	2022/09/26 
2022/09/27 	66.69999694824219	66.69999694824219	66.69999694824219	66.69999694824219	5000	2022/09/27 
2022/09/28 	66.0	66.4000015258789	66.0	66.4000015258789	14000	2022/09/28 
2022/09/29 	66.19999694824219	66.4000015258789	66.0	66.4000015258789	14000	2022/09/29 
2022/09/30 	66.0999984741211	66.0999984741211	65.30000305175781	65.30000305175781	8000	2022/09/30 
2022/10/03 	65.9000015258789	65.9000015258789	65.4000015258789	65.80000305175781	4000	2022/10/03 
2022/10/04 	65.80000305175781	65.80000305175781	65.19999694824219	65.19999694824219	17162	2022/10/04 
2022/10/05 	65.0	65.69999694824219	65.0	65.5	8000	2022/10/05 
2022/10/06 	65.5999984741211	65.9000015258789	65.5999984741211	65.9000015258789	12000	2022/10/06 
2022/10/07 	66.4000015258789	66.4000015258789	65.80000305175781	65.80000305175781	13000	2022/10/07 
2022/10/11 	65.9000015258789	65.9000015258789	65.80000305175781	65.9000015258789	11000	2022/10/11 
2022/10/12 	66.0	66.0	64.5	66.0	12000	2022/10/12 
2022/10/13 	66.0	66.4000015258789	65.5	65.69999694824219	11000	2022/10/13 
2022/10/14 	65.5	65.9000015258789	65.5	65.80000305175781	10000	2022/10/14 
2022/10/17 	66.0	66.0	65.5999984741211	66.0	5000	2022/10/17 
2022/10/18 	66.0	66.30000305175781	66.0	66.30000305175781	11000	2022/10/18 
2022/10/19 	66.19999694824219	66.19999694824219	66.0	66.0	10000	2022/10/19 
2022/10/20 	65.9000015258789	66.0	65.5	65.5	12060	2022/10/20 
2022/10/21 	66.0	66.0	65.19999694824219	66.0	13000	2022/10/21 
2022/10/24 	66.9000015258789	66.9000015258789	66.80000305175781	66.80000305175781	11000	2022/10/24 
2022/10/25 	67.0	67.0	66.69999694824219	66.80000305175781	11001	2022/10/25 
2022/10/26 	66.80000305175781	66.80000305175781	66.80000305175781	66.80000305175781	14000	2022/10/26 
2022/10/27 	66.80000305175781	66.80000305175781	66.80000305175781	66.80000305175781	11001	2022/10/27 
2022/10/28 	66.9000015258789	66.9000015258789	66.9000015258789	66.9000015258789	11000	2022/10/28 
2022/10/31 	67.4000015258789	67.4000015258789	66.9000015258789	66.9000015258789	13001	2022/10/31 
2022/11/01 	66.9000015258789	66.9000015258789	66.5	66.5	11000	2022/11/01 
2022/11/02 	66.5	67.5	66.4000015258789	67.0999984741211	13000	2022/11/02 
2022/11/03 	66.5	66.9000015258789	66.0	66.9000015258789	10001	2022/11/03 
2022/11/04 	67.0	67.0	66.30000305175781	66.9000015258789	10000	2022/11/04 
2022/11/07 	67.5	69.5	67.0	69.5	42016	2022/11/07 
2022/11/08 	69.0999984741211	70.80000305175781	69.0999984741211	70.30000305175781	29000	2022/11/08 
2022/11/09 	70.30000305175781	72.4000015258789	70.30000305175781	71.0	22000	2022/11/09 
2022/11/10 	71.69999694824219	71.69999694824219	70.19999694824219	70.4000015258789	13000	2022/11/10 
2022/11/11 	70.4000015258789	70.4000015258789	69.5999984741211	69.9000015258789	12000	2022/11/11 
2022/11/14 	69.9000015258789	69.9000015258789	67.80000305175781	68.9000015258789	27021	2022/11/14 
2022/11/15 	69.0	69.30000305175781	67.69999694824219	68.4000015258789	14014	2022/11/15 
2022/11/16 	69.0	69.4000015258789	68.5	68.80000305175781	15025	2022/11/16 
2022/11/17 	68.5999984741211	69.4000015258789	68.5999984741211	69.0999984741211	12000	2022/11/17 
2022/11/18 	69.0	69.4000015258789	68.69999694824219	68.69999694824219	17000	2022/11/18 
2022/11/21 	69.0999984741211	69.80000305175781	67.69999694824219	69.30000305175781	13000	2022/11/21 
2022/11/22 	69.4000015258789	69.5	69.19999694824219	69.19999694824219	12001	2022/11/22 
2022/11/23 	68.0999984741211	69.5999984741211	68.0999984741211	69.30000305175781	20270	2022/11/23 
2022/11/24 	68.5	69.80000305175781	68.5	68.9000015258789	13002	2022/11/24 
2022/11/25 	69.9000015258789	69.9000015258789	68.5	69.5	20050	2022/11/25 
2022/11/28 	69.0	70.5	68.80000305175781	69.5	22002	2022/11/28 
2022/11/29 	68.69999694824219	69.80000305175781	68.5999984741211	69.5999984741211	23000	2022/11/29 
2022/11/30 	69.69999694824219	70.5	69.69999694824219	70.4000015258789	47056	2022/11/30 
2022/12/01 	71.69999694824219	71.69999694824219	70.5	71.5999984741211	65006	2022/12/01 
2022/12/02 	71.0	71.0	67.5999984741211	68.19999694824219	40000	2022/12/02 
2022/12/05 	68.4000015258789	68.5	68.19999694824219	68.19999694824219	19000	2022/12/05 
2022/12/06 	68.69999694824219	68.69999694824219	68.0999984741211	68.19999694824219	12001	2022/12/06 
2022/12/07 	68.0	68.0	67.5	67.9000015258789	18006	2022/12/07 
2022/12/08 	67.80000305175781	68.4000015258789	67.80000305175781	68.19999694824219	16000	2022/12/08 
2022/12/09 	69.0	69.0	68.0	68.4000015258789	24001	2022/12/09 
2022/12/12 	68.4000015258789	68.5	68.4000015258789	68.5	16000	2022/12/12 
2022/12/13 	68.5	68.5	68.30000305175781	68.5	13000	2022/12/13 
2022/12/14 	69.0	69.0	68.0999984741211	68.69999694824219	19002	2022/12/14 
2022/12/15 	68.69999694824219	69.0	68.19999694824219	68.69999694824219	25000	2022/12/15 
2022/12/16 	68.30000305175781	68.69999694824219	67.80000305175781	68.0	17000	2022/12/16 
2022/12/19 	68.0	68.0	67.0999984741211	67.19999694824219	23001	2022/12/19 
2022/12/20 	67.19999694824219	67.4000015258789	66.80000305175781	66.80000305175781	19000	2022/12/20 
2022/12/21 	66.5999984741211	66.9000015258789	66.5999984741211	66.69999694824219	13000	2022/12/21 
2022/12/22 	67.0	67.0	66.5999984741211	66.9000015258789	8001	2022/12/22 
2022/12/23 	66.69999694824219	66.80000305175781	66.5	66.80000305175781	14000	2022/12/23 
2022/12/26 	66.30000305175781	66.9000015258789	66.19999694824219	66.9000015258789	24001	2022/12/26 
2022/12/27 	66.5999984741211	66.9000015258789	66.19999694824219	66.9000015258789	26001	2022/12/27 
2022/12/28 	66.9000015258789	66.9000015258789	65.69999694824219	66.69999694824219	38024	2022/12/28 
2022/12/29 	66.5999984741211	66.69999694824219	66.30000305175781	66.69999694824219	19002	2022/12/29 
2022/12/30 	66.69999694824219	66.69999694824219	66.5999984741211	66.69999694824219	10000	2022/12/30 
2023/01/03 	66.69999694824219	66.69999694824219	65.9000015258789	66.69999694824219	12000	2023/01/03 
2023/01/04 	66.69999694824219	66.69999694824219	66.30000305175781	66.5	11002	2023/01/04 
2023/01/05 	66.69999694824219	66.69999694824219	66.4000015258789	66.69999694824219	13003	2023/01/05 
2023/01/06 	66.30000305175781	67.0999984741211	66.30000305175781	67.0999984741211	20001	2023/01/06 
2023/01/09 	66.9000015258789	69.5	66.9000015258789	69.5	23262	2023/01/09 
2023/01/10 	68.80000305175781	68.9000015258789	68.69999694824219	68.80000305175781	10002	2023/01/10 
2023/01/11 	68.80000305175781	68.80000305175781	67.0	67.9000015258789	14210	2023/01/11 
2023/01/12 	67.5	67.5	66.5999984741211	66.5999984741211	17001	2023/01/12 
2023/01/13 	66.80000305175781	67.0	66.5999984741211	66.9000015258789	14000	2023/01/13 
2023/01/16 	66.9000015258789	67.0	66.9000015258789	67.0	12000	2023/01/16 
2023/01/17 	67.0	67.19999694824219	67.0	67.0999984741211	24005	2023/01/17 
2023/01/30 	67.30000305175781	68.4000015258789	67.30000305175781	68.0	18016	2023/01/30 
2023/01/31 	68.0	68.0	67.5999984741211	68.0	16001	2023/01/31 
2023/02/01 	68.0	68.0	67.69999694824219	67.69999694824219	30010	2023/02/01 
2023/02/02 	67.69999694824219	68.0	67.5999984741211	67.80000305175781	33161	2023/02/02 
2023/02/03 	68.19999694824219	68.30000305175781	68.0	68.0	10099	2023/02/03 
