Date	Open	High	Low	Close	Volume	Date
2019/10/07 	44.160099029541016	67.87754821777344	44.160099029541016	67.87754821777344	79527	2019/10/07 
2019/10/08 	64.5035171508789	64.5035171508789	58.36079788208008	60.03788757324219	22774	2019/10/08 
2019/10/09 	57.993621826171875	60.057735443115234	57.0608024597168	57.755455017089844	16495	2019/10/09 
2019/10/14 	59.54170608520508	64.70198822021484	59.54170608520508	64.69206237792969	27520	2019/10/14 
2019/10/15 	63.52107620239258	64.69206237792969	63.31268310546875	63.73939514160156	11104	2019/10/15 
2019/10/16 	61.476810455322266	61.72490310668945	61.456966400146484	61.536354064941406	13180	2019/10/16 
2019/10/17 	61.536354064941406	61.536354064941406	61.536354064941406	61.536354064941406	0	2019/10/17 
2019/10/18 	61.536354064941406	61.536354064941406	61.536354064941406	61.536354064941406	0	2019/10/18 
2019/10/21 	64.543212890625	67.68899536132812	64.543212890625	67.48059844970703	20657	2019/10/21 
2019/10/22 	69.97142791748047	69.97142791748047	69.45539855957031	69.45539855957031	12092	2019/10/22 
2019/10/23 	68.4828872680664	68.4828872680664	66.27984619140625	66.48824310302734	13100	2019/10/23 
2019/10/24 	67.43098449707031	67.43098449707031	67.43098449707031	67.43098449707031	1	2019/10/24 
2019/10/25 	67.43098449707031	67.43098449707031	67.43098449707031	67.43098449707031	0	2019/10/25 
2019/10/28 	65.52565002441406	65.98213195800781	64.29512023925781	64.29512023925781	5240	2019/10/28 
2019/10/29 	64.29512023925781	64.29512023925781	64.29512023925781	64.29512023925781	0	2019/10/29 
2019/10/30 	64.29512023925781	64.29512023925781	64.29512023925781	64.29512023925781	0	2019/10/30 
2019/10/31 	64.29512023925781	64.29512023925781	64.29512023925781	64.29512023925781	0	2019/10/31 
2019/11/01 	65.98213195800781	66.27984619140625	65.49588012695312	66.27984619140625	10328	2019/11/01 
2019/11/04 	66.27984619140625	66.27984619140625	66.27984619140625	66.27984619140625	0	2019/11/04 
2019/11/05 	66.27984619140625	66.27984619140625	66.27984619140625	66.27984619140625	0	2019/11/05 
2019/11/06 	66.27984619140625	66.27984619140625	66.27984619140625	66.27984619140625	0	2019/11/06 
2019/11/07 	66.27984619140625	66.27984619140625	66.27984619140625	66.27984619140625	0	2019/11/07 
2019/11/08 	66.27984619140625	66.27984619140625	66.27984619140625	66.27984619140625	0	2019/11/08 
2019/11/11 	66.27984619140625	66.27984619140625	66.27984619140625	66.27984619140625	0	2019/11/11 
2019/11/12 	66.27984619140625	66.27984619140625	66.27984619140625	66.27984619140625	0	2019/11/12 
2019/11/13 	66.27984619140625	66.27984619140625	66.27984619140625	66.27984619140625	0	2019/11/13 
2019/11/14 	63.01497268676758	63.5012321472168	63.01497268676758	63.5012321472168	2216	2019/11/14 
2019/11/15 	63.01497268676758	63.5012321472168	63.01497268676758	63.4615364074707	2443	2019/11/15 
2019/11/18 	63.32260513305664	63.32260513305664	62.9256591796875	62.9256591796875	2504	2019/11/18 
2019/11/19 	63.01497268676758	63.21344757080078	63.01497268676758	63.21344757080078	4232	2019/11/19 
2019/11/20 	63.01497268676758	63.01497268676758	63.00505065917969	63.00505065917969	5038	2019/11/20 
2019/11/21 	63.01497268676758	63.01497268676758	63.00505065917969	63.00505065917969	5038	2019/11/21 
2019/11/22 	63.00505065917969	63.00505065917969	63.00505065917969	63.00505065917969	0	2019/11/22 
2019/11/25 	60.1569709777832	60.5340690612793	60.1569709777832	60.1569709777832	9129	2019/11/25 
2019/11/26 	59.958499908447266	59.958499908447266	57.328739166259766	57.556983947753906	8182	2019/11/26 
2019/11/27 	59.958499908447266	59.958499908447266	57.328739166259766	57.556983947753906	8182	2019/11/27 
2019/11/28 	57.7356071472168	57.7356071472168	57.40813064575195	57.70583724975586	10137	2019/11/28 
2019/11/29 	57.7356071472168	57.7356071472168	57.40813064575195	57.71575927734375	15175	2019/11/29 
2019/12/02 	57.46767044067383	57.646297454833984	57.44782257080078	57.646297454833984	13437	2019/12/02 
2019/12/03 	57.924156188964844	57.94400405883789	57.924156188964844	57.94400405883789	8061	2019/12/03 
2019/12/04 	57.755455017089844	57.93408203125	57.755455017089844	57.93408203125	1068	2019/12/04 
2019/12/05 	57.755455017089844	57.93408203125	57.7356071472168	57.7356071472168	7114	2019/12/05 
2019/12/06 	57.7356071472168	57.7356071472168	57.7356071472168	57.7356071472168	0	2019/12/06 
2019/12/09 	57.924156188964844	57.924156188964844	57.924156188964844	57.924156188964844	1007	2019/12/09 
2019/12/10 	57.37835693359375	57.37835693359375	57.36843490600586	57.36843490600586	6046	2019/12/10 
2019/12/11 	57.37835693359375	57.556983947753906	57.36843490600586	57.556983947753906	6086	2019/12/11 
2019/12/12 	57.556983947753906	57.556983947753906	57.556983947753906	57.556983947753906	0	2019/12/12 
2019/12/13 	57.556983947753906	57.556983947753906	54.679134368896484	57.54705810546875	4516	2019/12/13 
2019/12/16 	57.54705810546875	57.54705810546875	57.54705810546875	57.54705810546875	0	2019/12/16 
2019/12/17 	57.35851287841797	57.35851287841797	57.35851287841797	57.35851287841797	3023	2019/12/17 
2019/12/18 	57.35851287841797	57.35851287841797	57.35851287841797	57.35851287841797	3023	2019/12/18 
2019/12/19 	56.37607192993164	56.743247985839844	56.37607192993164	56.73332214355469	2579	2019/12/19 
2019/12/20 	56.37607192993164	56.743247985839844	56.37607192993164	56.73332214355469	2579	2019/12/20 
2019/12/23 	56.73332214355469	56.73332214355469	56.73332214355469	56.73332214355469	0	2019/12/23 
2019/12/24 	56.73332214355469	56.73332214355469	56.5150032043457	56.5150032043457	5038	2019/12/24 
2019/12/25 	56.5150032043457	56.5150032043457	56.5150032043457	56.5150032043457	0	2019/12/25 
2019/12/26 	56.5150032043457	56.5150032043457	56.5150032043457	56.5150032043457	0	2019/12/26 
2019/12/27 	56.743247985839844	56.76309585571289	56.56462097167969	56.584468841552734	11145	2019/12/27 
2019/12/30 	56.56462097167969	56.76309585571289	56.56462097167969	56.594390869140625	1622	2019/12/30 
2019/12/31 	56.56462097167969	56.76309585571289	56.56462097167969	56.594390869140625	1622	2019/12/31 
2020/01/02 	57.0608024597168	57.35851287841797	57.0608024597168	57.35851287841797	2059	2020/01/02 
2020/01/03 	57.0608024597168	57.35851287841797	57.0608024597168	57.35851287841797	2059	2020/01/03 
2020/01/06 	56.62416458129883	56.812713623046875	56.62416458129883	56.812713623046875	4534	2020/01/06 
2020/01/07 	56.743247985839844	56.743247985839844	56.56462097167969	56.56462097167969	5038	2020/01/07 
2020/01/08 	56.50508117675781	56.50508117675781	56.50508117675781	56.50508117675781	3023	2020/01/08 
2020/01/09 	57.050880432128906	57.0608024597168	57.050880432128906	57.0608024597168	6146	2020/01/09 
2020/01/10 	57.4900016784668	57.5	57.4900016784668	57.5	6100	2020/01/10 
2020/01/13 	57.310001373291016	57.310001373291016	57.310001373291016	57.310001373291016	1000	2020/01/13 
2020/01/14 	57.0099983215332	57.310001373291016	57.0099983215332	57.310001373291016	3400	2020/01/14 
2020/01/15 	57.0099983215332	57.369998931884766	57.0099983215332	57.27000045776367	8000	2020/01/15 
2020/01/16 	57.0099983215332	57.369998931884766	57.0099983215332	57.27000045776367	8000	2020/01/16 
2020/01/17 	57.9900016784668	57.9900016784668	57.9900016784668	57.9900016784668	100	2020/01/17 
2020/01/20 	57.29999923706055	57.5	57.29999923706055	57.4900016784668	9000	2020/01/20 
2020/01/30 	57.0	57.0	57.0	57.0	3000	2020/01/30 
2020/01/31 	57.0	57.38999938964844	57.0	57.38999938964844	4000	2020/01/31 
2020/02/03 	57.38999938964844	57.38999938964844	57.38999938964844	57.38999938964844	0	2020/02/03 
2020/02/04 	57.380001068115234	57.380001068115234	57.380001068115234	57.380001068115234	3000	2020/02/04 
2020/02/05 	57.16999816894531	57.16999816894531	57.16999816894531	57.16999816894531	500	2020/02/05 
2020/02/06 	57.16999816894531	57.16999816894531	57.16999816894531	57.16999816894531	500	2020/02/06 
2020/02/07 	57.16999816894531	57.16999816894531	57.16999816894531	57.16999816894531	0	2020/02/07 
2020/02/10 	57.16999816894531	57.16999816894531	57.16999816894531	57.16999816894531	0	2020/02/10 
2020/02/11 	55.41999816894531	55.41999816894531	55.41999816894531	55.41999816894531	1000	2020/02/11 
2020/02/12 	55.41999816894531	55.41999816894531	55.41999816894531	55.41999816894531	1000	2020/02/12 
2020/02/13 	55.41999816894531	55.41999816894531	55.41999816894531	55.41999816894531	0	2020/02/13 
2020/02/14 	55.41999816894531	55.41999816894531	55.41999816894531	55.41999816894531	0	2020/02/14 
2020/02/17 	55.41999816894531	56.18000030517578	55.41999816894531	56.0	14000	2020/02/17 
2020/02/18 	55.630001068115234	55.630001068115234	55.630001068115234	55.630001068115234	2000	2020/02/18 
2020/02/19 	55.630001068115234	55.630001068115234	55.630001068115234	55.630001068115234	2000	2020/02/19 
2020/02/20 	55.630001068115234	56.0	55.630001068115234	56.0	4000	2020/02/20 
2020/02/21 	55.630001068115234	56.0	55.630001068115234	56.0	6000	2020/02/21 
2020/02/24 	55.81999969482422	55.81999969482422	55.79999923706055	55.79999923706055	2000	2020/02/24 
2020/02/25 	55.0	55.70000076293945	55.0	55.70000076293945	2000	2020/02/25 
2020/02/26 	55.70000076293945	55.70000076293945	55.70000076293945	55.70000076293945	3000	2020/02/26 
2020/02/27 	55.0	55.0	55.0	55.0	2000	2020/02/27 
2020/03/02 	55.150001525878906	55.150001525878906	54.33000183105469	54.33000183105469	3500	2020/03/02 
2020/03/03 	55.0	55.0	55.0	55.0	6000	2020/03/03 
2020/03/04 	55.0	55.0	55.0	55.0	1000	2020/03/04 
2020/03/05 	52.43000030517578	52.9900016784668	49.2599983215332	50.0	4172	2020/03/05 
2020/03/06 	50.0	50.0	50.0	50.0	3000	2020/03/06 
2020/03/09 	47.65999984741211	47.65999984741211	47.65999984741211	47.65999984741211	1500	2020/03/09 
2020/03/10 	47.65999984741211	47.65999984741211	47.65999984741211	47.65999984741211	1000	2020/03/10 
2020/03/11 	47.5099983215332	47.65999984741211	47.5099983215332	47.65999984741211	6000	2020/03/11 
2020/03/12 	47.72999954223633	47.72999954223633	47.58000183105469	47.58000183105469	6000	2020/03/12 
2020/03/13 	46.279998779296875	46.279998779296875	46.279998779296875	46.279998779296875	1000	2020/03/13 
2020/03/16 	46.279998779296875	46.279998779296875	46.279998779296875	46.279998779296875	0	2020/03/16 
2020/03/17 	46.27000045776367	46.27000045776367	46.27000045776367	46.27000045776367	1000	2020/03/17 
2020/03/18 	45.27000045776367	45.27000045776367	45.27000045776367	45.27000045776367	899	2020/03/18 
2020/03/19 	45.27000045776367	45.27000045776367	45.0	45.0	11500	2020/03/19 
2020/03/20 	45.0	45.0	45.0	45.0	0	2020/03/20 
2020/03/23 	45.400001525878906	45.400001525878906	45.0	45.400001525878906	3500	2020/03/23 
2020/03/24 	45.0	45.29999923706055	45.0	45.29999923706055	4000	2020/03/24 
2020/03/25 	45.0	45.20000076293945	45.0	45.20000076293945	9000	2020/03/25 
2020/03/26 	45.04999923706055	45.04999923706055	45.0	45.0	5000	2020/03/26 
2020/03/27 	45.0	45.0	45.0	45.0	0	2020/03/27 
2020/03/30 	45.0	45.0	45.0	45.0	0	2020/03/30 
2020/03/31 	45.0	45.0	45.0	45.0	0	2020/03/31 
2020/04/01 	45.0	45.0	45.0	45.0	0	2020/04/01 
2020/04/06 	45.0	45.0	45.0	45.0	1000	2020/04/06 
2020/04/07 	45.0	45.0	45.0	45.0	1000	2020/04/07 
2020/04/08 	45.0	45.0	45.0	45.0	1000	2020/04/08 
2020/04/09 	45.0	46.79999923706055	45.0	46.79999923706055	38000	2020/04/09 
2020/04/10 	46.29999923706055	46.29999923706055	45.0	46.29999923706055	6000	2020/04/10 
2020/04/13 	45.0	45.0	45.0	45.0	3000	2020/04/13 
2020/04/14 	45.5	45.5	45.0	45.0	7000	2020/04/14 
2020/04/15 	45.0	45.5	45.0	45.5	8000	2020/04/15 
2020/04/16 	45.0	46.70000076293945	45.0	46.5	40000	2020/04/16 
2020/04/17 	46.650001525878906	46.650001525878906	45.20000076293945	45.5	22000	2020/04/17 
2020/04/20 	45.20000076293945	45.650001525878906	45.099998474121094	45.099998474121094	7000	2020/04/20 
2020/04/21 	46.099998474121094	46.099998474121094	45.0	45.0	4550	2020/04/21 
2020/04/22 	45.0	45.0	45.0	45.0	0	2020/04/22 
2020/04/23 	45.0	45.0	45.0	45.0	0	2020/04/23 
2020/04/24 	45.0	45.0	45.0	45.0	0	2020/04/24 
2020/04/27 	45.0	45.0	45.0	45.0	0	2020/04/27 
2020/04/28 	45.0	45.0	45.0	45.0	0	2020/04/28 
2020/04/29 	45.0	45.0	45.0	45.0	0	2020/04/29 
2020/04/30 	45.0	45.0	45.0	45.0	0	2020/04/30 
2020/05/04 	45.0	45.0	45.0	45.0	0	2020/05/04 
2020/05/05 	45.0	45.0	45.0	45.0	0	2020/05/05 
2020/05/06 	45.0	45.0	45.0	45.0	0	2020/05/06 
2020/05/07 	45.0	45.0	45.0	45.0	0	2020/05/07 
2020/05/08 	45.0	45.0	45.0	45.0	0	2020/05/08 
2020/05/11 	45.0	45.0	45.0	45.0	0	2020/05/11 
2020/05/12 	45.0	45.0	45.0	45.0	0	2020/05/12 
2020/05/13 	45.0	45.0	45.0	45.0	0	2020/05/13 
2020/05/14 	45.0	45.0	45.0	45.0	0	2020/05/14 
2020/05/15 	45.0	45.0	45.0	45.0	0	2020/05/15 
2020/05/18 	45.0	45.0	45.0	45.0	0	2020/05/18 
2020/05/19 	45.0	45.0	45.0	45.0	0	2020/05/19 
2020/05/20 	45.0	45.0	45.0	45.0	0	2020/05/20 
2020/05/21 	45.0	45.0	45.0	45.0	0	2020/05/21 
2020/05/22 	45.0	45.0	45.0	45.0	0	2020/05/22 
2020/05/25 	45.0	45.0	45.0	45.0	0	2020/05/25 
2020/05/26 	45.0	45.0	45.0	45.0	0	2020/05/26 
2020/05/27 	45.0	45.0	45.0	45.0	0	2020/05/27 
2020/05/28 	45.0	45.0	45.0	45.0	0	2020/05/28 
2020/05/29 	45.0	45.0	45.0	45.0	0	2020/05/29 
2020/06/01 	45.0	45.0	45.0	45.0	0	2020/06/01 
2020/06/02 	45.0	45.0	45.0	45.0	0	2020/06/02 
2020/06/03 	45.0	45.0	45.0	45.0	0	2020/06/03 
2020/06/04 	45.0	45.0	45.0	45.0	0	2020/06/04 
2020/06/05 	45.0	45.0	45.0	45.0	0	2020/06/05 
2020/06/08 	45.0	45.0	45.0	45.0	0	2020/06/08 
2020/06/09 	45.0	45.0	45.0	45.0	0	2020/06/09 
2020/06/10 	45.0	45.0	45.0	45.0	0	2020/06/10 
2020/06/11 	45.0	45.0	45.0	45.0	0	2020/06/11 
2020/06/12 	45.0	45.0	45.0	45.0	0	2020/06/12 
2020/06/15 	45.0	45.0	45.0	45.0	0	2020/06/15 
2020/06/16 	45.0	45.0	45.0	45.0	0	2020/06/16 
2020/06/17 	45.0	45.0	45.0	45.0	0	2020/06/17 
2020/06/18 	45.0	45.0	45.0	45.0	0	2020/06/18 
2020/06/19 	45.0	45.0	45.0	45.0	0	2020/06/19 
2020/06/22 	45.0	45.0	45.0	45.0	0	2020/06/22 
2020/06/23 	45.0	45.0	45.0	45.0	0	2020/06/23 
2020/06/24 	45.0	45.0	45.0	45.0	0	2020/06/24 
2020/06/29 	45.0	45.0	45.0	45.0	0	2020/06/29 
2020/06/30 	45.0	45.0	45.0	45.0	0	2020/06/30 
2020/07/01 	45.0	45.0	45.0	45.0	0	2020/07/01 
2020/07/02 	45.0	45.0	45.0	45.0	0	2020/07/02 
2020/07/03 	45.0	45.0	45.0	45.0	0	2020/07/03 
2020/07/06 	45.0	45.0	45.0	45.0	0	2020/07/06 
2020/07/07 	45.0	45.0	45.0	45.0	0	2020/07/07 
2020/07/08 	45.0	45.0	45.0	45.0	0	2020/07/08 
2020/07/09 	45.0	45.0	45.0	45.0	0	2020/07/09 
2020/07/10 	45.0	45.0	45.0	45.0	0	2020/07/10 
2020/07/13 	45.0	45.0	45.0	45.0	0	2020/07/13 
2020/07/14 	45.0	45.0	45.0	45.0	0	2020/07/14 
2020/07/15 	45.0	45.0	45.0	45.0	0	2020/07/15 
2020/07/16 	45.0	45.0	45.0	45.0	0	2020/07/16 
2020/07/17 	45.0	45.0	45.0	45.0	0	2020/07/17 
2020/07/20 	45.0	45.0	45.0	45.0	0	2020/07/20 
2020/07/21 	45.0	45.0	45.0	45.0	0	2020/07/21 
2020/07/22 	45.0	45.0	45.0	45.0	0	2020/07/22 
2020/07/23 	45.0	45.0	45.0	45.0	0	2020/07/23 
2020/07/24 	45.0	45.0	45.0	45.0	0	2020/07/24 
2020/07/27 	71.0	71.80000305175781	71.0	71.0	52900	2020/07/27 
2020/07/28 	71.9000015258789	74.19999694824219	70.69999694824219	72.19999694824219	109606	2020/07/28 
2020/07/29 	73.80000305175781	76.5	73.5	76.0	63100	2020/07/29 
2020/07/30 	76.80000305175781	76.80000305175781	74.30000305175781	74.9000015258789	60521	2020/07/30 
2020/07/31 	74.30000305175781	74.9000015258789	74.30000305175781	74.9000015258789	8000	2020/07/31 
2020/08/03 	77.0	79.0	76.69999694824219	78.69999694824219	151810	2020/08/03 
2020/08/04 	80.0	81.4000015258789	78.69999694824219	79.19999694824219	138050	2020/08/04 
2020/08/05 	79.69999694824219	83.0	78.5999984741211	78.80000305175781	131720	2020/08/05 
2020/08/06 	80.0	80.19999694824219	78.80000305175781	79.80000305175781	56765	2020/08/06 
2020/08/07 	78.9000015258789	79.0	76.69999694824219	77.19999694824219	110400	2020/08/07 
2020/08/10 	76.5999984741211	76.9000015258789	74.5	74.5999984741211	124400	2020/08/10 
2020/08/11 	72.69999694824219	74.19999694824219	72.0	74.19999694824219	38600	2020/08/11 
2020/08/12 	73.0999984741211	73.5	73.0	73.0	15000	2020/08/12 
2020/08/13 	73.0	73.30000305175781	72.69999694824219	72.69999694824219	46001	2020/08/13 
2020/08/14 	73.30000305175781	74.0	72.9000015258789	74.0	19000	2020/08/14 
2020/08/17 	75.0999984741211	78.0999984741211	75.0999984741211	78.0	66030	2020/08/17 
2020/08/18 	77.5	78.0	76.69999694824219	77.5	30600	2020/08/18 
2020/08/19 	77.19999694824219	77.5	76.69999694824219	77.30000305175781	8100	2020/08/19 
2020/08/20 	74.80000305175781	75.0	73.0999984741211	74.0	23500	2020/08/20 
2020/08/21 	73.69999694824219	74.0	73.69999694824219	73.9000015258789	6000	2020/08/21 
2020/08/24 	73.69999694824219	74.0	73.5999984741211	73.9000015258789	14200	2020/08/24 
2020/08/25 	73.0999984741211	73.5999984741211	72.80000305175781	72.80000305175781	36850	2020/08/25 
2020/08/26 	73.4000015258789	75.0999984741211	73.4000015258789	74.0	42600	2020/08/26 
2020/08/27 	75.0	75.0	74.5	74.80000305175781	19700	2020/08/27 
2020/08/28 	75.30000305175781	76.0	75.0	75.5999984741211	27460	2020/08/28 
2020/08/31 	75.69999694824219	76.30000305175781	75.4000015258789	76.30000305175781	5051	2020/08/31 
2020/09/01 	76.19999694824219	76.30000305175781	75.0999984741211	75.5	21000	2020/09/01 
2020/09/02 	75.0	76.19999694824219	74.69999694824219	75.19999694824219	30000	2020/09/02 
2020/09/03 	74.19999694824219	74.5999984741211	73.69999694824219	74.5999984741211	17050	2020/09/03 
2020/09/04 	74.0	74.0	73.0	73.30000305175781	16600	2020/09/04 
2020/09/07 	74.0	74.0	72.80000305175781	73.0	27300	2020/09/07 
2020/09/08 	73.5	73.5	72.4000015258789	72.69999694824219	4680	2020/09/08 
2020/09/09 	73.0	73.0	71.69999694824219	72.4000015258789	22900	2020/09/09 
2020/09/10 	72.30000305175781	75.5	72.30000305175781	75.5	31363	2020/09/10 
2020/09/11 	76.69999694824219	82.30000305175781	76.69999694824219	81.69999694824219	295165	2020/09/11 
2020/09/14 	82.9000015258789	90.0	82.9000015258789	83.80000305175781	456251	2020/09/14 
2020/09/15 	83.30000305175781	87.4000015258789	80.69999694824219	81.19999694824219	140887	2020/09/15 
2020/09/16 	82.9000015258789	82.9000015258789	80.19999694824219	82.0	33820	2020/09/16 
2020/09/17 	81.69999694824219	81.9000015258789	80.30000305175781	81.19999694824219	36206	2020/09/17 
2020/09/18 	80.80000305175781	82.9000015258789	80.4000015258789	81.5999984741211	54708	2020/09/18 
2020/09/21 	81.5999984741211	81.5999984741211	78.69999694824219	78.80000305175781	37660	2020/09/21 
2020/09/22 	78.69999694824219	79.80000305175781	78.0	78.0999984741211	17006	2020/09/22 
2020/09/23 	77.9000015258789	80.30000305175781	77.9000015258789	80.19999694824219	30040	2020/09/23 
2020/09/24 	79.69999694824219	80.19999694824219	77.69999694824219	79.30000305175781	60369	2020/09/24 
2020/09/25 	78.5	81.30000305175781	78.30000305175781	80.0999984741211	100211	2020/09/25 
2020/09/28 	81.0	81.0	78.5	78.80000305175781	138701	2020/09/28 
2020/09/29 	80.4000015258789	82.19999694824219	79.4000015258789	81.4000015258789	141353	2020/09/29 
2020/09/30 	81.5	81.9000015258789	80.80000305175781	81.4000015258789	57474	2020/09/30 
2020/10/05 	81.30000305175781	81.5999984741211	80.69999694824219	81.30000305175781	49217	2020/10/05 
2020/10/06 	81.30000305175781	81.30000305175781	80.5999984741211	80.9000015258789	48135	2020/10/06 
2020/10/07 	81.0	81.5999984741211	80.69999694824219	81.0999984741211	111240	2020/10/07 
2020/10/08 	81.80000305175781	82.9000015258789	81.0999984741211	82.0	120585	2020/10/08 
2020/10/12 	82.5999984741211	82.9000015258789	79.5	79.80000305175781	144200	2020/10/12 
2020/10/13 	79.0999984741211	81.0	79.0999984741211	80.69999694824219	22600	2020/10/13 
2020/10/14 	81.4000015258789	81.5999984741211	78.80000305175781	78.80000305175781	41001	2020/10/14 
2020/10/15 	80.5999984741211	80.80000305175781	80.0999984741211	80.80000305175781	22001	2020/10/15 
2020/10/16 	80.80000305175781	80.9000015258789	78.69999694824219	79.69999694824219	154603	2020/10/16 
2020/10/19 	78.80000305175781	80.9000015258789	78.80000305175781	79.80000305175781	16200	2020/10/19 
2020/10/20 	79.5999984741211	80.9000015258789	79.30000305175781	79.5999984741211	23423	2020/10/20 
2020/10/21 	80.9000015258789	80.9000015258789	79.30000305175781	80.4000015258789	44600	2020/10/21 
2020/10/22 	79.9000015258789	80.80000305175781	79.9000015258789	80.80000305175781	43100	2020/10/22 
2020/10/23 	80.0999984741211	81.19999694824219	80.0999984741211	81.19999694824219	5730	2020/10/23 
2020/10/26 	80.0	80.5999984741211	79.69999694824219	80.5999984741211	26985	2020/10/26 
2020/10/27 	81.0	81.19999694824219	80.0999984741211	80.0999984741211	21410	2020/10/27 
2020/10/28 	80.69999694824219	81.0	80.30000305175781	80.4000015258789	19300	2020/10/28 
2020/10/29 	79.5999984741211	80.9000015258789	79.5999984741211	80.5999984741211	22930	2020/10/29 
2020/10/30 	81.0	81.0	77.0999984741211	77.0999984741211	152850	2020/10/30 
2020/11/02 	79.30000305175781	79.30000305175781	77.0	78.19999694824219	77520	2020/11/02 
2020/11/03 	78.0	78.4000015258789	77.4000015258789	78.0999984741211	21600	2020/11/03 
2020/11/04 	78.5	78.5	77.30000305175781	78.19999694824219	26505	2020/11/04 
2020/11/05 	78.5	79.0	77.80000305175781	78.0999984741211	30240	2020/11/05 
2020/11/06 	77.69999694824219	78.0	75.19999694824219	77.19999694824219	37301	2020/11/06 
2020/11/09 	77.19999694824219	77.5	73.5999984741211	74.30000305175781	115780	2020/11/09 
2020/11/10 	73.5	75.30000305175781	71.5	73.5	75063	2020/11/10 
2020/11/11 	74.9000015258789	74.9000015258789	73.69999694824219	74.5999984741211	86060	2020/11/11 
2020/11/12 	74.5999984741211	74.80000305175781	74.0999984741211	74.5	30200	2020/11/12 
2020/11/13 	74.80000305175781	75.30000305175781	74.4000015258789	74.5999984741211	60300	2020/11/13 
2020/11/16 	75.19999694824219	75.5	74.69999694824219	75.0	84530	2020/11/16 
2020/11/17 	75.0	75.0999984741211	73.80000305175781	74.0999984741211	53125	2020/11/17 
2020/11/18 	73.80000305175781	74.0	73.0999984741211	73.4000015258789	44745	2020/11/18 
2020/11/19 	73.69999694824219	73.80000305175781	72.9000015258789	73.19999694824219	53020	2020/11/19 
2020/11/20 	72.69999694824219	73.0	72.0	72.30000305175781	106945	2020/11/20 
2020/11/23 	73.0	73.0999984741211	69.5	69.69999694824219	201850	2020/11/23 
2020/11/24 	63.0	65.5999984741211	61.0	65.5999984741211	1930000	2020/11/24 
2020/11/25 	65.5999984741211	68.69999694824219	65.5	65.80000305175781	1178481	2020/11/25 
2020/11/26 	64.0	65.0	62.0	64.0	556650	2020/11/26 
2020/11/27 	63.5	63.5	62.5	63.0	280000	2020/11/27 
2020/11/30 	63.099998474121094	63.70000076293945	62.0	62.099998474121094	291000	2020/11/30 
2020/12/01 	62.20000076293945	62.79999923706055	62.0	62.20000076293945	173300	2020/12/01 
2020/12/02 	62.5	63.5	62.5	62.5	178372	2020/12/02 
2020/12/03 	62.5	62.5	61.5	61.70000076293945	188001	2020/12/03 
2020/12/04 	62.0	62.099998474121094	60.099998474121094	60.599998474121094	203000	2020/12/04 
2020/12/07 	60.599998474121094	61.0	58.0	58.29999923706055	483000	2020/12/07 
2020/12/08 	58.20000076293945	59.70000076293945	58.20000076293945	59.20000076293945	165164	2020/12/08 
2020/12/09 	59.29999923706055	62.5	59.29999923706055	62.0	252500	2020/12/09 
2020/12/10 	61.79999923706055	61.79999923706055	60.20000076293945	60.29999923706055	194000	2020/12/10 
2020/12/11 	60.400001525878906	61.0	59.0	59.20000076293945	240000	2020/12/11 
2020/12/14 	61.0	61.0	59.5	59.900001525878906	87050	2020/12/14 
2020/12/15 	60.5	60.5	59.70000076293945	59.70000076293945	71049	2020/12/15 
2020/12/16 	59.79999923706055	60.0	59.0	59.5	116000	2020/12/16 
2020/12/17 	60.29999923706055	60.29999923706055	58.599998474121094	59.0	87000	2020/12/17 
2020/12/18 	60.20000076293945	60.20000076293945	59.0	59.70000076293945	130000	2020/12/18 
2020/12/21 	60.5	60.5	59.5	59.5	79101	2020/12/21 
2020/12/22 	59.70000076293945	59.70000076293945	58.5	58.5	105000	2020/12/22 
2020/12/23 	58.5	58.5	58.0	58.29999923706055	119000	2020/12/23 
2020/12/24 	58.5	58.79999923706055	58.5	58.5	60000	2020/12/24 
2020/12/25 	60.0	61.900001525878906	59.900001525878906	60.20000076293945	320000	2020/12/25 
2020/12/28 	60.099998474121094	61.70000076293945	60.099998474121094	60.70000076293945	172000	2020/12/28 
2020/12/29 	61.0	61.0	59.5	59.900001525878906	127000	2020/12/29 
2020/12/30 	60.29999923706055	60.29999923706055	59.0	59.70000076293945	125600	2020/12/30 
2020/12/31 	59.5	60.400001525878906	59.5	60.0	75000	2020/12/31 
2021/01/04 	60.20000076293945	60.20000076293945	59.0	59.20000076293945	128000	2021/01/04 
2021/01/05 	59.400001525878906	59.599998474121094	59.099998474121094	59.29999923706055	78008	2021/01/05 
2021/01/06 	59.20000076293945	59.599998474121094	58.29999923706055	58.900001525878906	155000	2021/01/06 
2021/01/07 	58.599998474121094	59.099998474121094	58.599998474121094	58.70000076293945	67000	2021/01/07 
2021/01/08 	58.79999923706055	59.0	58.5	59.0	143500	2021/01/08 
2021/01/11 	59.0	59.0	58.5	58.599998474121094	77000	2021/01/11 
2021/01/12 	60.0	61.29999923706055	59.0	60.0	306000	2021/01/12 
2021/01/13 	60.900001525878906	60.900001525878906	58.900001525878906	59.5	134000	2021/01/13 
2021/01/14 	60.0	60.0	58.400001525878906	59.29999923706055	128021	2021/01/14 
2021/01/15 	60.0	60.0	58.29999923706055	58.79999923706055	67000	2021/01/15 
2021/01/18 	59.0	59.0	57.900001525878906	58.099998474121094	156000	2021/01/18 
2021/01/19 	58.20000076293945	58.20000076293945	57.099998474121094	57.20000076293945	141015	2021/01/19 
2021/01/20 	57.0	57.0	55.599998474121094	55.599998474121094	155291	2021/01/20 
2021/01/21 	55.599998474121094	57.0	55.599998474121094	56.099998474121094	64000	2021/01/21 
2021/01/22 	57.29999923706055	57.29999923706055	56.0	56.20000076293945	56000	2021/01/22 
2021/01/25 	56.099998474121094	56.400001525878906	55.900001525878906	56.400001525878906	74000	2021/01/25 
2021/01/26 	55.900001525878906	55.900001525878906	55.29999923706055	55.5	76000	2021/01/26 
2021/01/27 	55.70000076293945	55.70000076293945	55.5	55.5	35000	2021/01/27 
2021/01/28 	55.099998474121094	55.400001525878906	55.0	55.29999923706055	67000	2021/01/28 
2021/01/29 	55.599998474121094	56.20000076293945	55.599998474121094	55.70000076293945	35000	2021/01/29 
2021/02/01 	55.70000076293945	55.70000076293945	55.29999923706055	55.400001525878906	21010	2021/02/01 
2021/02/02 	55.5	56.5	55.5	56.099998474121094	38000	2021/02/02 
2021/02/03 	56.099998474121094	56.5	56.099998474121094	56.29999923706055	14000	2021/02/03 
2021/02/04 	56.79999923706055	57.400001525878906	56.79999923706055	56.79999923706055	71000	2021/02/04 
2021/02/05 	57.0	57.0	56.599998474121094	56.79999923706055	20001	2021/02/05 
2021/02/17 	57.20000076293945	58.79999923706055	57.20000076293945	58.599998474121094	92000	2021/02/17 
2021/02/18 	60.400001525878906	60.400001525878906	59.0	59.5	131002	2021/02/18 
2021/02/19 	59.0	59.400001525878906	58.5	58.79999923706055	51000	2021/02/19 
2021/02/22 	58.900001525878906	59.29999923706055	58.900001525878906	59.099998474121094	68000	2021/02/22 
2021/02/23 	58.599998474121094	59.0	58.0	58.900001525878906	61023	2021/02/23 
2021/02/24 	59.0	59.400001525878906	58.5	58.5	112077	2021/02/24 
2021/02/25 	58.599998474121094	60.0	58.599998474121094	58.599998474121094	160000	2021/02/25 
2021/02/26 	58.29999923706055	58.900001525878906	58.099998474121094	58.099998474121094	79000	2021/02/26 
2021/03/02 	58.79999923706055	59.099998474121094	58.099998474121094	58.099998474121094	100000	2021/03/02 
2021/03/03 	58.20000076293945	59.099998474121094	58.099998474121094	59.0	47000	2021/03/03 
2021/03/04 	59.0	59.0	58.20000076293945	58.20000076293945	52000	2021/03/04 
2021/03/05 	58.79999923706055	59.0	58.5	58.599998474121094	21000	2021/03/05 
2021/03/08 	58.79999923706055	59.70000076293945	58.79999923706055	59.5	97000	2021/03/08 
2021/03/09 	59.79999923706055	59.900001525878906	58.5	59.5	96010	2021/03/09 
2021/03/10 	59.599998474121094	59.599998474121094	59.099998474121094	59.099998474121094	59000	2021/03/10 
2021/03/11 	59.099998474121094	59.20000076293945	58.0	58.5	69000	2021/03/11 
2021/03/12 	59.400001525878906	59.400001525878906	58.29999923706055	58.70000076293945	32000	2021/03/12 
2021/03/15 	58.70000076293945	58.70000076293945	58.0	58.099998474121094	49000	2021/03/15 
2021/03/16 	58.5	58.5	58.099998474121094	58.29999923706055	44000	2021/03/16 
2021/03/17 	58.20000076293945	58.5	58.20000076293945	58.5	52000	2021/03/17 
2021/03/18 	58.5	58.5	58.20000076293945	58.29999923706055	44000	2021/03/18 
2021/03/19 	58.29999923706055	58.29999923706055	57.599998474121094	57.70000076293945	76000	2021/03/19 
2021/03/22 	57.70000076293945	58.0	57.599998474121094	57.70000076293945	65000	2021/03/22 
2021/03/23 	57.70000076293945	57.70000076293945	57.29999923706055	57.400001525878906	47003	2021/03/23 
2021/03/24 	57.400001525878906	57.400001525878906	57.0	57.099998474121094	87000	2021/03/24 
2021/03/25 	57.79999923706055	57.79999923706055	56.599998474121094	56.599998474121094	80000	2021/03/25 
2021/03/26 	56.599998474121094	56.79999923706055	56.5	56.599998474121094	44000	2021/03/26 
2021/03/29 	56.70000076293945	57.099998474121094	56.599998474121094	56.70000076293945	68000	2021/03/29 
2021/03/30 	56.70000076293945	57.20000076293945	56.599998474121094	56.599998474121094	101000	2021/03/30 
2021/03/31 	56.599998474121094	56.900001525878906	56.599998474121094	56.900001525878906	82000	2021/03/31 
2021/04/01 	57.0	57.0	56.79999923706055	56.79999923706055	25000	2021/04/01 
2021/04/07 	56.599998474121094	56.70000076293945	56.5	56.70000076293945	58000	2021/04/07 
2021/04/08 	56.70000076293945	56.900001525878906	56.599998474121094	56.70000076293945	64200	2021/04/08 
2021/04/09 	57.0	58.79999923706055	57.0	58.5	224002	2021/04/09 
2021/04/12 	59.70000076293945	63.20000076293945	59.70000076293945	62.0	649319	2021/04/12 
2021/04/13 	63.0	63.0	60.0	60.0	316087	2021/04/13 
2021/04/14 	60.0	61.0	58.29999923706055	58.70000076293945	165000	2021/04/14 
2021/04/15 	58.79999923706055	59.599998474121094	58.5	58.599998474121094	105000	2021/04/15 
2021/04/16 	59.0	59.0	58.599998474121094	58.900001525878906	71000	2021/04/16 
2021/04/19 	58.900001525878906	61.099998474121094	58.900001525878906	59.79999923706055	137159	2021/04/19 
2021/04/20 	59.29999923706055	60.400001525878906	59.29999923706055	59.599998474121094	69000	2021/04/20 
2021/04/21 	59.400001525878906	59.400001525878906	58.79999923706055	58.900001525878906	77052	2021/04/21 
2021/04/22 	59.099998474121094	59.900001525878906	58.5	58.599998474121094	123135	2021/04/22 
2021/04/23 	58.5	58.5	58.099998474121094	58.400001525878906	63000	2021/04/23 
2021/04/26 	59.5	59.5	58.400001525878906	58.599998474121094	96000	2021/04/26 
2021/04/27 	58.599998474121094	59.400001525878906	58.5	59.400001525878906	39002	2021/04/27 
2021/04/28 	59.400001525878906	59.400001525878906	58.400001525878906	58.5	140000	2021/04/28 
2021/04/29 	58.5	58.900001525878906	57.900001525878906	58.599998474121094	115000	2021/04/29 
2021/05/03 	58.400001525878906	58.400001525878906	56.79999923706055	57.099998474121094	115000	2021/05/03 
2021/05/04 	56.900001525878906	57.0	55.400001525878906	56.20000076293945	133000	2021/05/04 
2021/05/05 	56.0	56.599998474121094	56.0	56.400001525878906	47000	2021/05/05 
2021/05/06 	57.0	57.0	55.29999923706055	55.79999923706055	80095	2021/05/06 
2021/05/07 	55.79999923706055	57.0	55.599998474121094	56.5	26000	2021/05/07 
2021/05/10 	56.20000076293945	56.900001525878906	55.900001525878906	56.20000076293945	52000	2021/05/10 
2021/05/11 	56.0	56.599998474121094	54.5	54.70000076293945	154000	2021/05/11 
2021/05/12 	54.0	54.5	50.20000076293945	51.099998474121094	199000	2021/05/12 
2021/05/13 	51.099998474121094	51.5	50.0	51.0	74500	2021/05/13 
2021/05/14 	52.0	52.0	50.20000076293945	50.599998474121094	72001	2021/05/14 
2021/05/17 	49.29999923706055	50.70000076293945	48.70000076293945	49.0	93032	2021/05/17 
2021/05/18 	49.70000076293945	51.0	49.0	51.0	96000	2021/05/18 
2021/05/19 	50.70000076293945	50.79999923706055	50.0	50.29999923706055	100164	2021/05/19 
2021/05/20 	51.0	51.5	50.0	50.70000076293945	80000	2021/05/20 
2021/05/21 	51.400001525878906	51.400001525878906	50.79999923706055	51.29999923706055	24000	2021/05/21 
2021/05/24 	50.79999923706055	51.900001525878906	50.79999923706055	51.599998474121094	23000	2021/05/24 
2021/05/25 	51.900001525878906	53.0	51.70000076293945	52.5	65000	2021/05/25 
2021/05/26 	52.5	53.0	52.5	52.900001525878906	25000	2021/05/26 
2021/05/27 	53.5	54.29999923706055	52.900001525878906	54.0	70000	2021/05/27 
2021/05/28 	54.20000076293945	54.900001525878906	54.0	54.79999923706055	78000	2021/05/28 
2021/05/31 	55.0	55.29999923706055	54.20000076293945	54.400001525878906	62000	2021/05/31 
2021/06/01 	55.20000076293945	55.20000076293945	54.5	54.70000076293945	19000	2021/06/01 
2021/06/02 	54.70000076293945	55.0	54.400001525878906	54.599998474121094	108000	2021/06/02 
2021/06/03 	52.20000076293945	52.29999923706055	51.599998474121094	52.0	58000	2021/06/03 
2021/06/04 	52.0	52.20000076293945	51.79999923706055	51.900001525878906	47000	2021/06/04 
2021/06/07 	53.0	53.400001525878906	52.0	52.5	94000	2021/06/07 
2021/06/08 	53.29999923706055	53.29999923706055	52.5	53.099998474121094	24000	2021/06/08 
2021/06/09 	53.099998474121094	53.099998474121094	52.70000076293945	52.70000076293945	55000	2021/06/09 
2021/06/10 	52.900001525878906	52.900001525878906	51.70000076293945	52.70000076293945	151000	2021/06/10 
2021/06/11 	52.5	52.5	51.900001525878906	52.5	42000	2021/06/11 
2021/06/15 	52.29999923706055	52.400001525878906	52.099998474121094	52.20000076293945	22000	2021/06/15 
2021/06/16 	52.29999923706055	52.29999923706055	52.0	52.099998474121094	17000	2021/06/16 
2021/06/17 	52.099998474121094	52.79999923706055	52.099998474121094	52.79999923706055	20000	2021/06/17 
2021/06/18 	53.0	54.70000076293945	53.0	53.70000076293945	89000	2021/06/18 
2021/06/21 	53.79999923706055	55.20000076293945	53.0	55.20000076293945	218002	2021/06/21 
2021/06/22 	55.29999923706055	56.400001525878906	55.20000076293945	55.70000076293945	204000	2021/06/22 
2021/06/23 	55.70000076293945	55.79999923706055	54.20000076293945	54.79999923706055	47022	2021/06/23 
2021/06/24 	54.900001525878906	56.0	54.79999923706055	55.0	66000	2021/06/24 
2021/06/25 	55.900001525878906	55.900001525878906	55.099998474121094	55.099998474121094	49000	2021/06/25 
2021/06/28 	55.099998474121094	55.5	54.599998474121094	54.599998474121094	23300	2021/06/28 
2021/06/29 	55.0	55.0	53.70000076293945	53.70000076293945	35000	2021/06/29 
2021/06/30 	55.29999923706055	55.29999923706055	53.70000076293945	53.79999923706055	40000	2021/06/30 
2021/07/01 	54.0	54.20000076293945	53.70000076293945	53.900001525878906	35000	2021/07/01 
2021/07/02 	53.5	54.29999923706055	53.5	54.29999923706055	24000	2021/07/02 
2021/07/05 	54.900001525878906	54.900001525878906	54.5	54.79999923706055	20001	2021/07/05 
2021/07/06 	54.900001525878906	55.0	54.29999923706055	54.599998474121094	42000	2021/07/06 
2021/07/07 	54.5	55.900001525878906	54.20000076293945	54.79999923706055	84002	2021/07/07 
2021/07/08 	55.0	55.79999923706055	55.0	55.0	167150	2021/07/08 
2021/07/09 	55.5	55.79999923706055	55.0	55.20000076293945	93000	2021/07/09 
2021/07/12 	55.599998474121094	55.599998474121094	55.0	55.0	63000	2021/07/12 
2021/07/13 	55.20000076293945	55.5	54.79999923706055	54.900001525878906	46014	2021/07/13 
2021/07/14 	55.099998474121094	55.099998474121094	54.20000076293945	54.20000076293945	54000	2021/07/14 
2021/07/15 	54.20000076293945	54.70000076293945	53.79999923706055	54.599998474121094	61000	2021/07/15 
2021/07/16 	54.70000076293945	54.79999923706055	54.0	54.5	37000	2021/07/16 
2021/07/19 	54.29999923706055	54.400001525878906	53.099998474121094	54.099998474121094	92000	2021/07/19 
2021/07/20 	54.900001525878906	54.900001525878906	53.099998474121094	53.400001525878906	30000	2021/07/20 
2021/07/21 	53.5	53.79999923706055	53.099998474121094	53.599998474121094	45000	2021/07/21 
2021/07/22 	54.5	54.5	53.5	53.900001525878906	17000	2021/07/22 
2021/07/23 	54.70000076293945	54.79999923706055	53.79999923706055	54.0	67000	2021/07/23 
2021/07/26 	54.79999923706055	54.79999923706055	54.0	54.5	22001	2021/07/26 
2021/07/27 	54.5	54.5	53.5	54.5	42003	2021/07/27 
2021/07/28 	54.0	54.0	52.70000076293945	53.099998474121094	44001	2021/07/28 
2021/07/29 	54.900001525878906	54.900001525878906	53.0	53.20000076293945	33000	2021/07/29 
2021/07/30 	54.599998474121094	54.599998474121094	53.5	54.0	14000	2021/07/30 
2021/08/02 	54.0	54.400001525878906	54.0	54.400001525878906	3001	2021/08/02 
2021/08/03 	53.900001525878906	54.20000076293945	53.5	54.20000076293945	35000	2021/08/03 
2021/08/04 	54.29999923706055	54.29999923706055	54.20000076293945	54.20000076293945	6000	2021/08/04 
2021/08/05 	54.0	54.099998474121094	53.79999923706055	53.79999923706055	18000	2021/08/05 
2021/08/06 	53.79999923706055	54.29999923706055	53.70000076293945	54.20000076293945	21000	2021/08/06 
2021/08/09 	54.0	54.29999923706055	53.400001525878906	53.79999923706055	57000	2021/08/09 
2021/08/10 	54.099998474121094	54.599998474121094	53.79999923706055	53.79999923706055	39000	2021/08/10 
2021/08/11 	54.29999923706055	54.29999923706055	52.900001525878906	53.0	93000	2021/08/11 
2021/08/12 	53.5	53.79999923706055	53.20000076293945	53.5	24000	2021/08/12 
2021/08/13 	53.5	53.5	52.5	52.599998474121094	38000	2021/08/13 
2021/08/16 	52.5	52.5	51.79999923706055	52.20000076293945	23100	2021/08/16 
2021/08/17 	52.20000076293945	52.5	51.70000076293945	51.70000076293945	26100	2021/08/17 
2021/08/18 	51.70000076293945	52.0	51.5	52.0	20000	2021/08/18 
2021/08/19 	52.0	52.0	51.0	51.0	25000	2021/08/19 
2021/08/20 	51.0	51.0	50.5	50.900001525878906	29000	2021/08/20 
2021/08/23 	50.5	51.20000076293945	50.5	51.0	37000	2021/08/23 
2021/08/24 	51.099998474121094	51.099998474121094	50.79999923706055	50.79999923706055	14000	2021/08/24 
2021/08/25 	51.400001525878906	51.400001525878906	51.0	51.0	37000	2021/08/25 
2021/08/26 	51.099998474121094	51.599998474121094	51.0	51.5	49000	2021/08/26 
2021/08/27 	51.599998474121094	52.0	51.5	52.0	22000	2021/08/27 
2021/08/30 	52.400001525878906	52.400001525878906	52.20000076293945	52.29999923706055	10000	2021/08/30 
2021/08/31 	52.79999923706055	52.79999923706055	52.29999923706055	52.29999923706055	3000	2021/08/31 
2021/09/01 	52.70000076293945	52.70000076293945	52.29999923706055	52.5	17000	2021/09/01 
2021/09/02 	52.5	52.79999923706055	52.0	52.5	26000	2021/09/02 
2021/09/03 	52.5	52.599998474121094	52.0	52.5	31000	2021/09/03 
2021/09/06 	52.900001525878906	52.900001525878906	52.5	52.5	20000	2021/09/06 
2021/09/07 	52.099998474121094	52.599998474121094	52.0	52.099998474121094	15000	2021/09/07 
2021/09/08 	51.79999923706055	51.79999923706055	50.400001525878906	51.0	57100	2021/09/08 
2021/09/09 	51.79999923706055	51.900001525878906	50.79999923706055	51.20000076293945	19000	2021/09/09 
2021/09/10 	51.29999923706055	52.0	51.29999923706055	51.5	22000	2021/09/10 
2021/09/13 	51.599998474121094	51.79999923706055	51.5	51.599998474121094	33000	2021/09/13 
2021/09/14 	51.599998474121094	51.900001525878906	51.400001525878906	51.5	20000	2021/09/14 
2021/09/15 	51.5	51.599998474121094	51.20000076293945	51.5	13000	2021/09/15 
2021/09/16 	52.099998474121094	52.099998474121094	51.29999923706055	51.29999923706055	29000	2021/09/16 
2021/09/17 	51.5	51.79999923706055	51.400001525878906	51.70000076293945	33000	2021/09/17 
2021/09/22 	51.79999923706055	55.0	51.79999923706055	53.70000076293945	298000	2021/09/22 
2021/09/23 	54.29999923706055	54.900001525878906	53.79999923706055	54.0	91000	2021/09/23 
2021/09/24 	54.0	54.0	53.20000076293945	53.20000076293945	26000	2021/09/24 
2021/09/27 	52.79999923706055	53.20000076293945	52.599998474121094	52.79999923706055	36000	2021/09/27 
2021/09/28 	52.70000076293945	53.70000076293945	52.5	52.79999923706055	17000	2021/09/28 
2021/09/29 	53.29999923706055	53.29999923706055	52.29999923706055	52.400001525878906	31030	2021/09/29 
2021/09/30 	52.29999923706055	53.20000076293945	52.29999923706055	52.400001525878906	7000	2021/09/30 
2021/10/01 	52.29999923706055	52.79999923706055	51.5	51.599998474121094	54050	2021/10/01 
2021/10/04 	51.70000076293945	52.400001525878906	51.5	51.5	89040	2021/10/04 
2021/10/05 	51.5	52.400001525878906	51.29999923706055	52.400001525878906	33000	2021/10/05 
2021/10/06 	53.400001525878906	53.400001525878906	52.0	52.29999923706055	31000	2021/10/06 
2021/10/07 	52.400001525878906	52.79999923706055	52.400001525878906	52.79999923706055	40000	2021/10/07 
2021/10/08 	52.900001525878906	53.400001525878906	51.5	51.70000076293945	86030	2021/10/08 
2021/10/12 	50.900001525878906	51.29999923706055	50.70000076293945	51.29999923706055	49000	2021/10/12 
2021/10/13 	51.29999923706055	51.29999923706055	50.70000076293945	51.29999923706055	11002	2021/10/13 
2021/10/14 	51.79999923706055	51.900001525878906	51.79999923706055	51.900001525878906	2000	2021/10/14 
2021/10/15 	51.5	51.900001525878906	51.5	51.900001525878906	15000	2021/10/15 
2021/10/18 	51.599998474121094	51.79999923706055	51.5	51.70000076293945	12008	2021/10/18 
2021/10/19 	54.79999923706055	54.79999923706055	51.70000076293945	52.5	43000	2021/10/19 
2021/10/20 	51.900001525878906	52.400001525878906	51.599998474121094	52.400001525878906	12000	2021/10/20 
2021/10/21 	51.79999923706055	52.5	51.79999923706055	51.900001525878906	27000	2021/10/21 
2021/10/22 	52.79999923706055	53.70000076293945	52.099998474121094	52.5	59000	2021/10/22 
2021/10/25 	52.20000076293945	52.20000076293945	51.900001525878906	51.900001525878906	32000	2021/10/25 
2021/10/26 	51.900001525878906	51.900001525878906	51.5	51.79999923706055	42000	2021/10/26 
2021/10/27 	52.0	52.599998474121094	52.0	52.0	12000	2021/10/27 
2021/10/28 	51.5	52.0	51.5	51.79999923706055	13000	2021/10/28 
2021/10/29 	51.79999923706055	52.0	51.5	52.0	34000	2021/10/29 
2021/11/01 	51.79999923706055	52.20000076293945	51.70000076293945	52.0	25000	2021/11/01 
2021/11/02 	52.0	52.400001525878906	51.70000076293945	51.70000076293945	46000	2021/11/02 
2021/11/03 	52.0	52.0	51.70000076293945	51.70000076293945	24000	2021/11/03 
2021/11/04 	51.79999923706055	52.0	51.599998474121094	51.599998474121094	41000	2021/11/04 
2021/11/05 	51.599998474121094	51.79999923706055	51.599998474121094	51.79999923706055	20000	2021/11/05 
2021/11/08 	51.79999923706055	51.900001525878906	51.599998474121094	51.900001525878906	26000	2021/11/08 
2021/11/09 	52.0	53.79999923706055	51.900001525878906	53.099998474121094	153000	2021/11/09 
2021/11/10 	53.400001525878906	53.79999923706055	52.400001525878906	53.20000076293945	110001	2021/11/10 
2021/11/11 	53.20000076293945	54.0	52.79999923706055	53.900001525878906	80000	2021/11/11 
2021/11/12 	54.20000076293945	58.099998474121094	53.900001525878906	56.599998474121094	356020	2021/11/12 
2021/11/15 	57.0	58.5	56.400001525878906	56.79999923706055	210000	2021/11/15 
2021/11/16 	56.599998474121094	56.599998474121094	55.29999923706055	56.400001525878906	124000	2021/11/16 
2021/11/17 	56.5	57.599998474121094	56.0	57.599998474121094	142000	2021/11/17 
2021/11/18 	57.599998474121094	57.599998474121094	56.400001525878906	57.20000076293945	63052	2021/11/18 
2021/11/19 	57.20000076293945	57.20000076293945	55.400001525878906	56.29999923706055	78000	2021/11/19 
2021/11/22 	56.0	56.79999923706055	55.79999923706055	56.400001525878906	63000	2021/11/22 
2021/11/23 	56.5	56.5	55.400001525878906	56.29999923706055	74022	2021/11/23 
2021/11/24 	56.70000076293945	56.70000076293945	56.0	56.099998474121094	36000	2021/11/24 
2021/11/25 	56.0	56.599998474121094	56.0	56.29999923706055	26000	2021/11/25 
2021/11/26 	56.29999923706055	56.29999923706055	55.099998474121094	56.0	54000	2021/11/26 
2021/11/29 	55.599998474121094	55.599998474121094	54.79999923706055	55.099998474121094	77025	2021/11/29 
2021/11/30 	56.0	56.099998474121094	55.5	55.599998474121094	41000	2021/11/30 
2021/12/01 	55.900001525878906	55.900001525878906	55.20000076293945	55.70000076293945	24000	2021/12/01 
2021/12/02 	56.0	56.400001525878906	55.900001525878906	55.900001525878906	32010	2021/12/02 
2021/12/03 	56.0	57.400001525878906	56.0	56.79999923706055	162120	2021/12/03 
2021/12/06 	57.5	60.70000076293945	57.099998474121094	59.400001525878906	472000	2021/12/06 
2021/12/07 	59.70000076293945	60.900001525878906	59.29999923706055	60.20000076293945	388092	2021/12/07 
2021/12/08 	60.70000076293945	61.5	60.5	61.400001525878906	405000	2021/12/08 
2021/12/09 	61.5	62.900001525878906	60.29999923706055	60.29999923706055	454200	2021/12/09 
2021/12/10 	60.5	61.400001525878906	60.20000076293945	61.29999923706055	199000	2021/12/10 
2021/12/13 	62.20000076293945	62.5	60.29999923706055	61.0	194990	2021/12/13 
2021/12/14 	60.599998474121094	60.599998474121094	58.20000076293945	59.20000076293945	244000	2021/12/14 
2021/12/15 	59.5	60.099998474121094	59.0	59.29999923706055	65000	2021/12/15 
2021/12/16 	60.400001525878906	61.0	60.0	60.5	183000	2021/12/16 
2021/12/17 	60.5	60.79999923706055	59.79999923706055	60.0	160000	2021/12/17 
2021/12/20 	60.099998474121094	60.79999923706055	60.0	60.099998474121094	109000	2021/12/20 
2021/12/21 	60.099998474121094	62.0	60.099998474121094	61.599998474121094	208000	2021/12/21 
2021/12/22 	61.70000076293945	62.5	60.70000076293945	60.70000076293945	131020	2021/12/22 
2021/12/23 	61.0	61.20000076293945	60.400001525878906	61.0	93015	2021/12/23 
2021/12/24 	61.0	61.0	60.599998474121094	60.70000076293945	70015	2021/12/24 
2021/12/27 	61.0	62.79999923706055	60.79999923706055	61.20000076293945	222090	2021/12/27 
2021/12/28 	61.29999923706055	67.30000305175781	61.29999923706055	63.79999923706055	641110	2021/12/28 
2021/12/29 	64.5	68.5	64.5	68.19999694824219	1000060	2021/12/29 
2021/12/30 	68.19999694824219	69.9000015258789	66.5999984741211	68.0	529000	2021/12/30 
2022/01/03 	68.5	69.0999984741211	67.0999984741211	67.5999984741211	360015	2022/01/03 
2022/01/04 	67.9000015258789	68.30000305175781	67.19999694824219	67.9000015258789	289050	2022/01/04 
2022/01/05 	68.30000305175781	69.0	67.0999984741211	68.9000015258789	268015	2022/01/05 
2022/01/06 	70.0	74.9000015258789	69.30000305175781	71.69999694824219	985000	2022/01/06 
2022/01/07 	73.30000305175781	73.80000305175781	67.0999984741211	68.0	969000	2022/01/07 
2022/01/10 	67.5999984741211	69.69999694824219	66.5999984741211	66.69999694824219	532100	2022/01/10 
2022/01/11 	67.80000305175781	67.9000015258789	63.5	64.4000015258789	725115	2022/01/11 
2022/01/12 	64.80000305175781	65.5	64.19999694824219	64.9000015258789	170010	2022/01/12 
2022/01/13 	65.80000305175781	65.9000015258789	65.0	65.9000015258789	82000	2022/01/13 
2022/01/14 	65.9000015258789	66.0	63.599998474121094	65.0999984741211	137000	2022/01/14 
2022/01/17 	64.19999694824219	65.9000015258789	64.0	65.30000305175781	122000	2022/01/17 
2022/01/18 	66.0	66.69999694824219	65.30000305175781	65.4000015258789	126000	2022/01/18 
2022/01/19 	65.0	65.4000015258789	64.5999984741211	65.4000015258789	112000	2022/01/19 
2022/01/20 	65.5	65.69999694824219	65.0	65.4000015258789	72000	2022/01/20 
2022/01/21 	65.0	65.5	64.19999694824219	65.0999984741211	186000	2022/01/21 
2022/01/24 	64.30000305175781	65.0999984741211	63.5	64.5999984741211	148000	2022/01/24 
2022/01/25 	64.0999984741211	64.5	63.400001525878906	64.0	113000	2022/01/25 
2022/01/26 	63.70000076293945	64.4000015258789	63.400001525878906	64.19999694824219	59040	2022/01/26 
2022/02/07 	64.5	66.19999694824219	64.5	66.0999984741211	100000	2022/02/07 
2022/02/08 	67.0999984741211	67.5	66.19999694824219	66.5	108000	2022/02/08 
2022/02/09 	67.80000305175781	67.80000305175781	66.30000305175781	66.80000305175781	119000	2022/02/09 
2022/02/10 	66.80000305175781	66.80000305175781	66.30000305175781	66.5999984741211	122000	2022/02/10 
2022/02/11 	66.4000015258789	66.69999694824219	65.80000305175781	66.4000015258789	90200	2022/02/11 
2022/02/14 	66.19999694824219	66.19999694824219	64.69999694824219	65.0	125000	2022/02/14 
2022/02/15 	64.0999984741211	65.30000305175781	63.599998474121094	64.30000305175781	196000	2022/02/15 
2022/02/16 	65.5	65.5	64.0	64.69999694824219	101298	2022/02/16 
2022/02/17 	64.80000305175781	65.4000015258789	64.30000305175781	64.5999984741211	88000	2022/02/17 
2022/02/18 	64.80000305175781	65.4000015258789	64.69999694824219	64.9000015258789	49000	2022/02/18 
2022/02/21 	65.0	65.4000015258789	64.5	64.9000015258789	70000	2022/02/21 
2022/02/22 	64.80000305175781	65.0	63.599998474121094	64.19999694824219	126000	2022/02/22 
2022/02/23 	64.19999694824219	65.0	64.19999694824219	65.0	35001	2022/02/23 
2022/02/24 	64.5	64.80000305175781	62.900001525878906	62.900001525878906	127180	2022/02/24 
2022/02/25 	60.0	62.0	59.900001525878906	62.0	454060	2022/02/25 
2022/03/01 	62.0	62.20000076293945	61.5	61.900001525878906	91000	2022/03/01 
2022/03/02 	61.900001525878906	62.20000076293945	61.599998474121094	62.0	38000	2022/03/02 
2022/03/03 	63.599998474121094	63.70000076293945	61.900001525878906	63.29999923706055	104006	2022/03/03 
2022/03/04 	62.29999923706055	63.599998474121094	62.29999923706055	63.400001525878906	62000	2022/03/04 
2022/03/07 	63.20000076293945	63.79999923706055	62.20000076293945	62.70000076293945	114076	2022/03/07 
2022/03/08 	62.0	62.599998474121094	61.0	61.900001525878906	98116	2022/03/08 
2022/03/09 	62.0	63.0	61.900001525878906	62.29999923706055	67100	2022/03/09 
2022/03/10 	62.599998474121094	63.900001525878906	62.29999923706055	63.0	73002	2022/03/10 
2022/03/11 	62.599998474121094	62.599998474121094	62.099998474121094	62.29999923706055	55082	2022/03/11 
2022/03/14 	63.0	63.0	61.099998474121094	61.599998474121094	104018	2022/03/14 
2022/03/15 	61.599998474121094	61.599998474121094	60.400001525878906	60.400001525878906	139274	2022/03/15 
2022/03/16 	61.5	61.5	60.29999923706055	60.79999923706055	47100	2022/03/16 
2022/03/17 	62.0	62.099998474121094	60.70000076293945	61.099998474121094	116000	2022/03/17 
2022/03/18 	60.70000076293945	61.400001525878906	60.70000076293945	61.20000076293945	33000	2022/03/18 
2022/03/21 	61.79999923706055	62.0	61.20000076293945	61.29999923706055	39000	2022/03/21 
2022/03/22 	61.599998474121094	61.79999923706055	60.900001525878906	61.099998474121094	50000	2022/03/22 
2022/03/23 	61.099998474121094	62.900001525878906	61.099998474121094	62.0	113000	2022/03/23 
2022/03/24 	61.599998474121094	62.20000076293945	61.599998474121094	62.0	14000	2022/03/24 
2022/03/25 	62.0	62.20000076293945	61.70000076293945	61.79999923706055	31000	2022/03/25 
2022/03/28 	61.599998474121094	63.400001525878906	61.599998474121094	62.599998474121094	126000	2022/03/28 
2022/03/29 	62.900001525878906	63.70000076293945	62.900001525878906	63.20000076293945	88000	2022/03/29 
2022/03/30 	63.599998474121094	64.4000015258789	63.599998474121094	64.0999984741211	131000	2022/03/30 
2022/03/31 	64.30000305175781	64.5999984741211	63.400001525878906	63.599998474121094	122118	2022/03/31 
2022/04/01 	63.20000076293945	63.79999923706055	63.099998474121094	63.5	47000	2022/04/01 
2022/04/06 	62.900001525878906	64.5	62.900001525878906	63.5	76035	2022/04/06 
2022/04/07 	63.400001525878906	64.0	63.20000076293945	63.70000076293945	87168	2022/04/07 
2022/04/08 	63.900001525878906	64.69999694824219	63.79999923706055	64.69999694824219	124000	2022/04/08 
2022/04/11 	64.80000305175781	65.5999984741211	64.0999984741211	64.9000015258789	125000	2022/04/11 
2022/04/12 	64.69999694824219	64.80000305175781	63.900001525878906	64.0	53000	2022/04/12 
2022/04/13 	64.0999984741211	64.5	63.5	64.5	88000	2022/04/13 
2022/04/14 	64.69999694824219	64.80000305175781	64.19999694824219	64.4000015258789	30000	2022/04/14 
2022/04/15 	64.19999694824219	64.69999694824219	63.70000076293945	64.69999694824219	86000	2022/04/15 
2022/04/18 	64.5999984741211	64.80000305175781	64.30000305175781	64.30000305175781	80000	2022/04/18 
2022/04/19 	64.0	67.0	64.0	66.80000305175781	207000	2022/04/19 
2022/04/20 	67.0999984741211	67.80000305175781	66.5	66.9000015258789	182001	2022/04/20 
2022/04/21 	67.4000015258789	68.4000015258789	67.4000015258789	67.69999694824219	222300	2022/04/21 
2022/04/22 	69.5	73.0	69.0999984741211	70.5	1074205	2022/04/22 
2022/04/25 	69.69999694824219	69.80000305175781	68.30000305175781	69.5	397000	2022/04/25 
2022/04/26 	70.0	71.0999984741211	68.5999984741211	68.69999694824219	265000	2022/04/26 
2022/04/27 	67.4000015258789	67.4000015258789	65.4000015258789	66.0999984741211	261220	2022/04/27 
2022/04/28 	67.9000015258789	67.9000015258789	66.0999984741211	66.69999694824219	94274	2022/04/28 
2022/04/29 	67.19999694824219	67.4000015258789	66.9000015258789	66.9000015258789	64000	2022/04/29 
2022/05/03 	67.5	68.0	66.19999694824219	67.80000305175781	46050	2022/05/03 
2022/05/04 	68.69999694824219	70.9000015258789	68.30000305175781	69.5	390001	2022/05/04 
2022/05/05 	70.0	71.5999984741211	69.5	71.0999984741211	282000	2022/05/05 
2022/05/06 	70.19999694824219	71.9000015258789	69.4000015258789	71.4000015258789	180000	2022/05/06 
2022/05/09 	71.4000015258789	71.5	69.0	69.0	258050	2022/05/09 
2022/05/10 	68.5999984741211	70.19999694824219	67.80000305175781	69.5999984741211	242000	2022/05/10 
2022/05/11 	71.0	71.0	68.0999984741211	68.4000015258789	161050	2022/05/11 
2022/05/12 	68.0	68.69999694824219	67.80000305175781	68.4000015258789	228000	2022/05/12 
2022/05/13 	68.69999694824219	72.5999984741211	68.69999694824219	72.5	750009	2022/05/13 
2022/05/16 	73.80000305175781	75.5999984741211	72.19999694824219	75.5	1192218	2022/05/16 
2022/05/17 	75.5	75.5	73.69999694824219	74.69999694824219	567052	2022/05/17 
2022/05/18 	74.69999694824219	76.9000015258789	74.0	74.4000015258789	794030	2022/05/18 
2022/05/19 	73.19999694824219	73.4000015258789	72.30000305175781	73.4000015258789	461000	2022/05/19 
2022/05/20 	73.80000305175781	76.80000305175781	73.5999984741211	73.5999984741211	869000	2022/05/20 
2022/05/23 	73.80000305175781	74.30000305175781	72.80000305175781	73.69999694824219	242279	2022/05/23 
2022/05/24 	74.30000305175781	74.30000305175781	72.69999694824219	73.0	258282	2022/05/24 
2022/05/25 	74.0999984741211	76.30000305175781	73.5	76.30000305175781	638100	2022/05/25 
2022/05/26 	76.69999694824219	76.69999694824219	74.30000305175781	74.5	375037	2022/05/26 
2022/05/27 	74.9000015258789	75.0	73.4000015258789	74.0999984741211	388100	2022/05/27 
2022/05/30 	74.5	75.4000015258789	73.9000015258789	74.30000305175781	125095	2022/05/30 
2022/05/31 	74.30000305175781	74.30000305175781	72.9000015258789	73.4000015258789	260005	2022/05/31 
2022/06/01 	73.30000305175781	74.30000305175781	73.30000305175781	73.69999694824219	137050	2022/06/01 
2022/06/02 	73.5999984741211	74.4000015258789	73.30000305175781	73.69999694824219	310350	2022/06/02 
2022/06/06 	70.69999694824219	70.9000015258789	69.4000015258789	70.19999694824219	607403	2022/06/06 
2022/06/07 	70.0999984741211	70.0999984741211	66.5	66.69999694824219	865020	2022/06/07 
2022/06/08 	67.19999694824219	68.5999984741211	66.5	68.0	623230	2022/06/08 
2022/06/09 	67.5	68.5	67.5	67.9000015258789	169089	2022/06/09 
2022/06/10 	67.5999984741211	70.80000305175781	67.5999984741211	70.4000015258789	341040	2022/06/10 
2022/06/13 	69.9000015258789	72.5999984741211	69.4000015258789	71.5	496030	2022/06/13 
2022/06/14 	71.4000015258789	71.9000015258789	70.19999694824219	71.5999984741211	217040	2022/06/14 
2022/06/15 	72.4000015258789	72.4000015258789	71.30000305175781	71.5	158651	2022/06/15 
2022/06/16 	71.69999694824219	72.19999694824219	70.0	70.4000015258789	303050	2022/06/16 
2022/06/17 	69.0	70.0999984741211	68.30000305175781	69.30000305175781	202100	2022/06/17 
2022/06/20 	69.0	69.9000015258789	66.69999694824219	67.19999694824219	193067	2022/06/20 
2022/06/21 	67.19999694824219	68.5999984741211	67.19999694824219	68.30000305175781	97010	2022/06/21 
2022/06/22 	68.4000015258789	68.4000015258789	66.30000305175781	66.9000015258789	237000	2022/06/22 
2022/06/23 	68.0999984741211	68.5	66.5999984741211	67.80000305175781	130000	2022/06/23 
2022/06/24 	67.80000305175781	68.4000015258789	67.30000305175781	67.5999984741211	94015	2022/06/24 
2022/06/27 	67.69999694824219	68.19999694824219	67.4000015258789	67.5999984741211	94000	2022/06/27 
2022/06/28 	68.0999984741211	68.19999694824219	66.4000015258789	67.0999984741211	112000	2022/06/28 
2022/06/29 	66.5999984741211	66.5999984741211	65.69999694824219	66.19999694824219	181000	2022/06/29 
2022/06/30 	65.5	65.5	63.599998474121094	63.599998474121094	242000	2022/06/30 
2022/07/01 	63.70000076293945	64.0	60.70000076293945	60.900001525878906	230000	2022/07/01 
2022/07/04 	61.5	62.0	61.0	61.29999923706055	71000	2022/07/04 
2022/07/05 	62.20000076293945	63.20000076293945	61.79999923706055	62.900001525878906	84000	2022/07/05 
2022/07/06 	63.5	64.19999694824219	62.5	63.29999923706055	225100	2022/07/06 
2022/07/07 	64.0	64.80000305175781	63.900001525878906	64.19999694824219	167000	2022/07/07 
2022/07/08 	64.5	65.0999984741211	64.19999694824219	64.4000015258789	118574	2022/07/08 
2022/07/11 	64.5999984741211	65.5	64.4000015258789	64.80000305175781	76000	2022/07/11 
2022/07/12 	64.0	64.5999984741211	63.099998474121094	63.400001525878906	84000	2022/07/12 
2022/07/13 	64.0999984741211	64.4000015258789	63.79999923706055	64.0	33000	2022/07/13 
2022/07/14 	63.400001525878906	64.80000305175781	63.400001525878906	64.4000015258789	42000	2022/07/14 
2022/07/15 	64.0	64.4000015258789	63.599998474121094	64.30000305175781	56025	2022/07/15 
2022/07/18 	64.5999984741211	65.0999984741211	64.5	65.0999984741211	31065	2022/07/18 
2022/07/19 	65.19999694824219	65.9000015258789	65.0	65.9000015258789	49000	2022/07/19 
2022/07/20 	65.69999694824219	66.5999984741211	65.5	65.80000305175781	100000	2022/07/20 
2022/07/21 	66.19999694824219	67.5	65.5999984741211	66.69999694824219	101000	2022/07/21 
2022/07/22 	66.69999694824219	67.5999984741211	66.69999694824219	67.19999694824219	81000	2022/07/22 
2022/07/25 	67.4000015258789	67.80000305175781	66.69999694824219	67.69999694824219	50300	2022/07/25 
2022/07/26 	67.80000305175781	67.9000015258789	67.0999984741211	67.5999984741211	80000	2022/07/26 
2022/07/27 	67.0	68.5999984741211	67.0	68.0999984741211	81010	2022/07/27 
2022/07/28 	68.0999984741211	68.5999984741211	67.5	67.5999984741211	80000	2022/07/28 
2022/07/29 	70.30000305175781	70.30000305175781	68.4000015258789	68.69999694824219	257014	2022/07/29 
2022/08/01 	68.69999694824219	68.80000305175781	67.5	67.5999984741211	172008	2022/08/01 
2022/08/02 	67.0999984741211	67.30000305175781	65.4000015258789	66.5	279000	2022/08/02 
2022/08/03 	65.9000015258789	66.4000015258789	65.69999694824219	65.80000305175781	87035	2022/08/03 
2022/08/04 	65.80000305175781	65.80000305175781	64.69999694824219	65.4000015258789	96000	2022/08/04 
2022/08/05 	65.69999694824219	66.5	65.5999984741211	66.19999694824219	63600	2022/08/05 
2022/08/08 	66.4000015258789	66.69999694824219	65.5999984741211	66.69999694824219	47000	2022/08/08 
2022/08/09 	67.0	68.4000015258789	67.0	68.30000305175781	86000	2022/08/09 
2022/08/10 	67.69999694824219	69.0999984741211	67.69999694824219	68.80000305175781	77039	2022/08/10 
2022/08/11 	68.0	69.19999694824219	68.0	68.5999984741211	128010	2022/08/11 
2022/08/12 	68.5999984741211	68.5999984741211	68.4000015258789	68.5	39105	2022/08/12 
2022/08/15 	69.30000305175781	69.30000305175781	68.0999984741211	68.5999984741211	57050	2022/08/15 
2022/08/16 	68.19999694824219	68.69999694824219	68.19999694824219	68.30000305175781	58000	2022/08/16 
2022/08/17 	69.0	72.19999694824219	68.4000015258789	71.5999984741211	414156	2022/08/17 
2022/08/18 	71.0999984741211	72.4000015258789	70.4000015258789	71.5999984741211	189070	2022/08/18 
2022/08/19 	71.69999694824219	71.69999694824219	70.69999694824219	70.69999694824219	128014	2022/08/19 
2022/08/22 	70.30000305175781	71.30000305175781	70.30000305175781	70.80000305175781	43000	2022/08/22 
2022/08/23 	70.5999984741211	70.5999984741211	69.5	70.0	92000	2022/08/23 
2022/08/24 	70.0	70.5999984741211	69.80000305175781	70.19999694824219	84000	2022/08/24 
2022/08/25 	70.5999984741211	72.69999694824219	70.5999984741211	71.5999984741211	384001	2022/08/25 
2022/08/26 	71.80000305175781	74.30000305175781	71.80000305175781	73.4000015258789	688005	2022/08/26 
2022/08/29 	71.4000015258789	73.19999694824219	71.4000015258789	72.30000305175781	356042	2022/08/29 
2022/08/30 	72.5	73.4000015258789	72.4000015258789	73.0	124000	2022/08/30 
2022/08/31 	72.69999694824219	73.30000305175781	72.0	73.19999694824219	244063	2022/08/31 
2022/09/01 	73.0	73.0	72.0999984741211	72.30000305175781	132030	2022/09/01 
2022/09/02 	72.9000015258789	76.9000015258789	72.69999694824219	75.5999984741211	905050	2022/09/02 
2022/09/05 	77.0	81.30000305175781	76.9000015258789	80.0	2196180	2022/09/05 
2022/09/06 	80.69999694824219	80.80000305175781	78.19999694824219	80.5999984741211	1124120	2022/09/06 
2022/09/07 	80.30000305175781	80.4000015258789	78.19999694824219	80.0	499000	2022/09/07 
2022/09/08 	80.9000015258789	82.69999694824219	79.5	82.5	780012	2022/09/08 
2022/09/12 	83.0	86.0999984741211	81.19999694824219	81.19999694824219	1426082	2022/09/12 
2022/09/13 	82.4000015258789	84.80000305175781	81.4000015258789	83.4000015258789	1102353	2022/09/13 
2022/09/14 	81.80000305175781	84.5999984741211	81.19999694824219	84.0999984741211	624020	2022/09/14 
2022/09/15 	83.69999694824219	84.0	81.5	81.69999694824219	633090	2022/09/15 
2022/09/16 	81.4000015258789	82.69999694824219	81.19999694824219	81.19999694824219	280060	2022/09/16 
2022/09/19 	81.9000015258789	81.9000015258789	78.0	78.5	689003	2022/09/19 
2022/09/20 	79.30000305175781	80.0999984741211	78.80000305175781	79.5999984741211	273030	2022/09/20 
2022/09/21 	79.80000305175781	79.80000305175781	78.0999984741211	78.19999694824219	232030	2022/09/21 
2022/09/22 	78.19999694824219	78.30000305175781	76.0999984741211	78.30000305175781	440000	2022/09/22 
2022/09/23 	77.80000305175781	78.30000305175781	75.5999984741211	76.0	510250	2022/09/23 
2022/09/26 	74.9000015258789	75.69999694824219	73.30000305175781	73.5999984741211	501145	2022/09/26 
2022/09/27 	73.80000305175781	77.30000305175781	73.5999984741211	77.19999694824219	495010	2022/09/27 
2022/09/28 	76.80000305175781	76.80000305175781	71.69999694824219	71.9000015258789	667300	2022/09/28 
2022/09/29 	72.5	74.30000305175781	72.30000305175781	72.9000015258789	296000	2022/09/29 
2022/09/30 	70.9000015258789	72.80000305175781	70.0	72.4000015258789	594000	2022/09/30 
2022/10/03 	71.5999984741211	73.0999984741211	71.19999694824219	71.9000015258789	214000	2022/10/03 
2022/10/04 	74.80000305175781	77.0999984741211	73.69999694824219	75.5999984741211	1025000	2022/10/04 
2022/10/05 	77.0	77.9000015258789	75.0999984741211	75.5	500000	2022/10/05 
2022/10/06 	76.0	76.5	74.5	75.5999984741211	352000	2022/10/06 
2022/10/07 	75.5999984741211	77.30000305175781	75.30000305175781	76.30000305175781	313000	2022/10/07 
2022/10/11 	76.30000305175781	76.5	74.5	75.80000305175781	356026	2022/10/11 
2022/10/12 	76.19999694824219	77.69999694824219	75.5	76.0	445000	2022/10/12 
2022/10/13 	76.30000305175781	76.5	71.5	72.19999694824219	797100	2022/10/13 
2022/10/14 	75.0	76.9000015258789	74.80000305175781	76.0	676033	2022/10/14 
2022/10/17 	76.5999984741211	83.30000305175781	76.5999984741211	82.5999984741211	3222503	2022/10/17 
2022/10/18 	84.0	89.0999984741211	82.80000305175781	85.30000305175781	5582000	2022/10/18 
2022/10/19 	85.0	93.4000015258789	84.0999984741211	92.80000305175781	7105247	2022/10/19 
2022/10/20 	91.0	93.19999694824219	84.30000305175781	87.69999694824219	6714100	2022/10/20 
2022/10/21 	88.69999694824219	91.69999694824219	86.19999694824219	86.19999694824219	7744080	2022/10/21 
2022/10/24 	88.80000305175781	88.80000305175781	85.0999984741211	85.30000305175781	2700043	2022/10/24 
2022/10/25 	85.9000015258789	85.9000015258789	82.5999984741211	83.0999984741211	2256155	2022/10/25 
2022/10/26 	83.80000305175781	84.5	80.5	80.5999984741211	1979187	2022/10/26 
2022/10/27 	81.0	84.5	81.0	83.19999694824219	1479160	2022/10/27 
2022/10/28 	82.5999984741211	83.19999694824219	80.5999984741211	80.9000015258789	858255	2022/10/28 
2022/10/31 	82.0	86.5999984741211	81.9000015258789	85.4000015258789	2078000	2022/10/31 
2022/11/01 	84.80000305175781	88.5	84.5	86.80000305175781	1627060	2022/11/01 
2022/11/02 	87.80000305175781	88.0	86.0999984741211	87.19999694824219	1099115	2022/11/02 
2022/11/03 	83.5	84.80000305175781	82.80000305175781	83.30000305175781	1609030	2022/11/03 
2022/11/04 	83.30000305175781	84.80000305175781	82.80000305175781	83.5	865195	2022/11/04 
2022/11/07 	83.30000305175781	84.4000015258789	82.80000305175781	83.30000305175781	810000	2022/11/07 
2022/11/08 	83.80000305175781	84.19999694824219	81.5	81.5999984741211	1053305	2022/11/08 
2022/11/09 	81.5999984741211	82.5999984741211	81.4000015258789	82.19999694824219	572007	2022/11/09 
2022/11/10 	81.5	82.69999694824219	80.19999694824219	80.19999694824219	651010	2022/11/10 
2022/11/11 	81.5999984741211	82.69999694824219	79.30000305175781	81.0999984741211	995000	2022/11/11 
2022/11/14 	81.5999984741211	82.69999694824219	81.0	81.4000015258789	738009	2022/11/14 
2022/11/15 	80.80000305175781	81.80000305175781	80.69999694824219	81.5	466150	2022/11/15 
2022/11/16 	81.5999984741211	83.9000015258789	81.5999984741211	83.0	1068207	2022/11/16 
2022/11/17 	82.5999984741211	83.5999984741211	82.4000015258789	83.30000305175781	401000	2022/11/17 
2022/11/18 	83.30000305175781	88.5999984741211	83.30000305175781	86.0	2183015	2022/11/18 
2022/11/21 	86.5	94.5999984741211	86.4000015258789	94.5	5325693	2022/11/21 
2022/11/22 	94.69999694824219	96.9000015258789	90.30000305175781	93.4000015258789	5149304	2022/11/22 
2022/11/23 	94.30000305175781	96.0	90.80000305175781	90.80000305175781	1592300	2022/11/23 
2022/11/24 	90.80000305175781	91.5999984741211	87.19999694824219	87.69999694824219	1638100	2022/11/24 
2022/11/25 	87.9000015258789	89.4000015258789	87.0	87.0999984741211	763000	2022/11/25 
2022/11/28 	86.5999984741211	89.4000015258789	86.30000305175781	87.5999984741211	760050	2022/11/28 
2022/11/29 	87.0999984741211	88.5999984741211	86.0999984741211	87.80000305175781	748123	2022/11/29 
2022/11/30 	88.4000015258789	90.80000305175781	87.19999694824219	89.5	1688030	2022/11/30 
2022/12/01 	89.5999984741211	95.0	89.19999694824219	94.69999694824219	3043443	2022/12/01 
2022/12/02 	104.0	104.0	99.4000015258789	104.0	5694104	2022/12/02 
2022/12/05 	108.0	114.0	107.0	114.0	4028216	2022/12/05 
2022/12/06 	125.0	125.0	125.0	125.0	1208063	2022/12/06 
2022/12/07 	125.0	131.0	117.5	122.5	21014975	2022/12/07 
2022/12/08 	129.5	134.5	128.0	134.5	7073206	2022/12/08 
2022/12/09 	134.5	138.0	131.5	136.0	2123986	2022/12/09 
2022/12/12 	138.0	138.0	134.0	135.0	948311	2022/12/12 
2022/12/13 	138.0	138.0	128.0	129.0	1343951	2022/12/13 
2022/12/14 	129.0	133.5	128.0	133.5	614408	2022/12/14 
2022/12/15 	133.5	141.0	133.5	141.0	1968640	2022/12/15 
2022/12/16 	136.0	137.5	135.0	136.5	827800	2022/12/16 
2022/12/19 	138.5	138.5	132.0	134.5	548226	2022/12/19 
2022/12/20 	133.5	136.0	127.0	127.0	662801	2022/12/20 
2022/12/21 	127.5	134.5	127.5	134.5	533768	2022/12/21 
2022/12/22 	136.5	136.5	132.5	132.5	374300	2022/12/22 
2022/12/23 	128.5	132.5	128.5	132.5	538105	2022/12/23 
2022/12/26 	133.5	136.5	131.0	136.0	837458	2022/12/26 
2022/12/27 	132.5	133.0	122.5	122.5	3760532	2022/12/27 
2022/12/28 	119.5	121.0	115.5	119.0	3048580	2022/12/28 
2022/12/29 	117.0	122.0	113.0	119.5	2031150	2022/12/29 
2022/12/30 	119.5	131.0	119.5	131.0	4343124	2022/12/30 
2023/01/03 	134.0	136.0	126.5	128.0	12321262	2023/01/03 
2023/01/04 	127.0	131.0	124.5	125.0	3619192	2023/01/04 
2023/01/05 	129.5	134.5	119.5	120.5	7449046	2023/01/05 
2023/01/06 	122.0	124.5	119.0	120.5	4710305	2023/01/06 
2023/01/09 	120.5	122.5	118.0	121.5	2727202	2023/01/09 
2023/01/10 	121.0	127.0	120.0	122.0	3494182	2023/01/10 
2023/01/11 	122.5	125.0	118.5	118.5	1801251	2023/01/11 
2023/01/12 	120.0	121.0	115.5	116.0	1757500	2023/01/12 
2023/01/13 	117.5	120.0	116.5	118.0	1661031	2023/01/13 
2023/01/16 	118.5	121.5	115.0	119.5	2038300	2023/01/16 
2023/01/17 	119.5	120.5	117.5	117.5	1007248	2023/01/17 
2023/01/30 	119.0	122.0	116.0	119.0	1359008	2023/01/30 
2023/01/31 	119.0	121.0	118.0	119.5	870321	2023/01/31 
2023/02/01 	121.0	131.0	121.0	131.0	3692210	2023/02/01 
2023/02/02 	135.0	138.0	125.5	127.0	11181313	2023/02/02 
2023/02/03 	127.0	127.5	123.0	124.5	2146301	2023/02/03 
2023/02/06 	126.5	133.0	126.5	128.5	4611775	2023/02/06 
2023/02/07 	129.0	133.0	129.0	129.5	2633257	2023/02/07 
2023/02/08 	131.0	132.5	128.5	129.5	1554449	2023/02/08 
2023/02/09 	131.5	142.0	131.0	142.0	15108093	2023/02/09 
2023/02/10 	144.5	156.0	143.0	144.5	30344591	2023/02/10 
2023/02/13 	146.5	151.0	144.0	147.5	13590675	2023/02/13 
2023/02/14 	145.5	146.0	141.0	144.0	5119493	2023/02/14 
2023/02/15 	147.0	154.0	145.5	146.0	9794410	2023/02/15 
2023/02/16 	144.0	149.0	143.0	148.5	3843518	2023/02/16 
2023/02/17 	150.0	159.0	149.0	149.0	12986562	2023/02/17 
2023/02/20 	150.0	156.5	149.0	153.5	6468425	2023/02/20 
2023/02/21 	157.0	166.5	154.0	157.0	15565378	2023/02/21 
2023/02/22 	157.5	167.5	155.0	161.0	21166672	2023/02/22 
