Date	Open	High	Low	Close	Volume	Date
2019/08/06	1.61	1.62	1.6	1.61	252.635	2019/08/06
2019/08/07	1.65	1.65	1.59	1.59	56.268	2019/08/07
2019/08/08	1.65	1.65	1.55	1.55	163.003	2019/08/08
2019/08/12	1.63	1.63	1.59	1.59	293.01	2019/08/12
2019/08/13	1.53	1.6	1.53	1.55	229.003	2019/08/13
2019/08/14	1.55	1.55	1.55	1.55	72.267	2019/08/14
2019/08/15	1.53	1.65	1.53	1.65	883.002	2019/08/15
2019/08/16	1.6	1.68	1.6	1.68	341.142	2019/08/16
2019/08/19	1.63	1.68	1.63	1.68	225.03	2019/08/19
2019/08/20	1.72	1.72	1.69	1.69	173.0	2019/08/20
2019/08/21	1.72	1.72	1.64	1.71	99.011	2019/08/21
2019/08/22	1.7	1.7	1.65	1.66	22.502	2019/08/22
2019/08/23	1.62	1.69	1.62	1.64	63.152	2019/08/23
2019/08/26	1.65	1.68	1.65	1.65	288.005	2019/08/26
2019/08/27	1.67	1.67	1.65	1.65	194.302	2019/08/27
2019/08/28	1.75	1.75	1.62	1.69	311.001	2019/08/28
2019/08/29	1.73	1.73	1.65	1.66	108.0	2019/08/29
2019/08/30	1.68	1.68	1.62	1.67	363.0	2019/08/30
2019/09/02	1.65	1.69	1.65	1.68	158.034	2019/09/02
2019/09/03	1.64	1.69	1.64	1.69	19.0	2019/09/03
2019/09/04	1.7	1.71	1.7	1.71	312.003	2019/09/04
2019/09/05	1.67	1.67	1.67	1.67	14.017	2019/09/05
2019/09/06	1.63	1.71	1.63	1.67	463.001	2019/09/06
2019/09/09	1.65	1.67	1.62	1.67	56.021	2019/09/09
2019/09/10	1.64	1.67	1.63	1.63	173.369	2019/09/10
2019/09/11	1.56	1.64	1.56	1.64	41.883	2019/09/11
2019/09/12	1.61	1.67	1.61	1.63	92.838	2019/09/12
2019/09/16	1.65	1.67	1.65	1.65	89.617	2019/09/16
2019/09/17	1.55	1.65	1.55	1.65	21.95	2019/09/17
2019/09/18	1.63	1.68	1.63	1.63	40.011	2019/09/18
2019/09/19	1.65	1.65	1.65	1.65	20.024	2019/09/19
2019/09/20	1.71	1.71	1.62	1.7	410.479	2019/09/20
2019/09/23	1.7	1.7	1.67	1.67	267.813	2019/09/23
2019/09/24	1.63	1.65	1.63	1.65	216.59	2019/09/24
2019/09/25	1.56	1.7	1.56	1.7	413.588	2019/09/25
2019/09/26	1.7	1.73	1.7	1.73	727.22	2019/09/26
2019/09/27	1.65	1.74	1.65	1.73	104.013	2019/09/27
2019/10/01	1.73	1.75	1.72	1.72	63.336	2019/10/01
2019/10/02	1.64	1.7	1.64	1.7	39.001	2019/10/02
2019/10/03	1.61	1.68	1.61	1.66	45.309	2019/10/03
2019/10/04	1.63	1.67	1.63	1.67	42.0	2019/10/04
2019/10/07	1.63	1.7	1.63	1.69	115.166	2019/10/07
2019/10/08	1.7	1.7	1.7	1.7	63.52	2019/10/08
2019/10/09	1.63	1.68	1.63	1.63	272.777	2019/10/09
2019/10/14	1.7	1.7	1.6	1.61	121.0	2019/10/14
2019/10/15	1.58	1.6	1.58	1.6	98.0	2019/10/15
2019/10/16	1.6	1.6	1.56	1.57	92.001	2019/10/16
2019/10/17	1.54	1.63	1.54	1.63	196.102	2019/10/17
2019/10/18	1.58	1.75	1.58	1.75	782.001	2019/10/18
2019/10/21	1.79	1.79	1.75	1.75	64.261	2019/10/21
2019/10/22	1.89	1.89	1.8	1.8	137.0	2019/10/22
2019/10/23	1.71	1.83	1.71	1.83	187.137	2019/10/23
2019/10/24	1.83	1.85	1.78	1.82	265.001	2019/10/24
2019/10/25	1.76	1.82	1.76	1.8	300.012	2019/10/25
2019/10/28	1.8	1.8	1.68	1.68	148.988	2019/10/28
2019/10/29	1.68	1.75	1.68	1.69	136.234	2019/10/29
2019/10/30	1.78	1.85	1.78	1.85	582.468	2019/10/30
2019/10/31	2.0	2.0	1.97	1.97	631.0	2019/10/31
2019/11/01	1.98	2.07	1.8	1.8	1320.297	2019/11/01
2019/11/04	1.82	1.98	1.82	1.98	248.221	2019/11/04
2019/11/05	2.17	2.17	2.1	2.17	1599.464	2019/11/05
2019/11/06	2.38	2.38	2.27	2.3	1163.992	2019/11/06
2019/11/07	2.3	2.3	2.07	2.3	363.0	2019/11/07
2019/11/08	2.4	2.4	2.3	2.3	515.9	2019/11/08
2019/11/11	2.3	2.3	2.3	2.3	175.0	2019/11/11
2019/11/12	2.3	2.3	2.27	2.3	436.05	2019/11/12
2019/11/13	2.3	2.38	2.3	2.3	302.5	2019/11/13
2019/11/14	2.3	2.38	2.3	2.38	319.001	2019/11/14
2019/11/15	2.6	2.6	2.5	2.5	584.413	2019/11/15
2019/11/18	2.55	2.68	2.55	2.68	438.0	2019/11/18
2019/11/19	2.8	2.88	2.8	2.8	675.06	2019/11/19
2019/11/20	2.95	2.95	2.8	2.8	310.5	2019/11/20
2019/11/21	2.95	2.95	2.66	2.66	172.3	2019/11/21
2019/11/22	2.4	2.8	2.4	2.8	280.1	2019/11/22
2019/11/25	2.8	2.8	2.64	2.66	73.5	2019/11/25
2019/11/26	2.5	2.5	2.4	2.4	910.273	2019/11/26
2019/11/27	2.16	2.16	2.16	2.16	1490.91	2019/11/27
2019/11/28	1.97	2.02	1.97	2.02	497.641	2019/11/28
2019/11/29	2.0	2.2	2.0	2.2	372.452	2019/11/29
2019/12/02	2.36	2.38	2.32	2.32	337.388	2019/12/02
2019/12/03	2.32	2.32	2.16	2.3	123.531	2019/12/03
2019/12/04	2.38	2.38	2.2	2.2	268.502	2019/12/04
2019/12/05	2.2	2.23	2.2	2.23	130.378	2019/12/05
2019/12/06	2.15	2.29	2.15	2.24	100.001	2019/12/06
2019/12/09	2.24	2.24	2.2	2.21	73.38	2019/12/09
2019/12/10	2.3	2.3	2.2	2.23	207.252	2019/12/10
2019/12/11	2.22	2.22	2.17	2.22	58.56	2019/12/11
2019/12/12	2.22	2.22	2.18	2.18	128.695	2019/12/12
2019/12/13	2.16	2.16	2.11	2.11	241.0	2019/12/13
2019/12/16	2.1	2.1	2.03	2.05	612.064	2019/12/16
2019/12/17	2.05	2.1	2.05	2.1	180.267	2019/12/17
2019/12/18	2.02	2.1	2.02	2.1	192.473	2019/12/18
2019/12/19	2.02	2.1	2.02	2.1	138.569	2019/12/19
2019/12/20	2.1	2.12	2.1	2.12	45.568	2019/12/20
2019/12/23	2.15	2.15	2.04	2.04	97.012	2019/12/23
2019/12/24	2.04	2.1	2.04	2.1	190.255	2019/12/24
2019/12/25	2.1	2.1	2.1	2.1	36.153	2019/12/25
2019/12/26	2.01	2.06	2.0	2.01	328.006	2019/12/26
2019/12/27	2.01	2.1	2.0	2.09	115.05	2019/12/27
2019/12/30	2.1	2.1	2.05	2.05	31.805	2019/12/30
2019/12/31	2.03	2.04	2.03	2.03	73.102	2019/12/31
2020/01/02	2.0	2.01	1.96	2.01	70.746	2020/01/02
2020/01/03	2.05	2.1	2.05	2.05	71.252	2020/01/03
2020/01/06	1.97	2.05	1.97	2.02	64.001	2020/01/06
2020/01/07	2.0	2.22	2.0	2.21	313.827	2020/01/07
2020/01/08	2.21	2.21	2.01	2.05	95.653	2020/01/08
2020/01/09	2.01	2.11	2.01	2.09	263.001	2020/01/09
2020/01/10	2.1	2.1	2.06	2.1	217.686	2020/01/10
2020/01/13	2.1	2.1	2.01	2.07	76.507	2020/01/13
2020/01/14	2.08	2.1	2.0	2.1	279.893	2020/01/14
2020/01/15	2.03	2.03	2.0	2.02	158.502	2020/01/15
2020/01/16	2.0	2.09	2.0	2.09	194.003	2020/01/16
2020/01/17	2.02	2.04	2.02	2.04	50.484	2020/01/17
2020/01/20	2.0	2.07	2.0	2.01	148.643	2020/01/20
2020/01/30	1.83	1.97	1.83	1.95	109.001	2020/01/30
2020/01/31	1.86	1.88	1.86	1.86	250.003	2020/01/31
2020/02/03	1.85	1.86	1.85	1.86	9.409	2020/02/03
2020/02/04	1.76	1.97	1.76	1.97	68.333	2020/02/04
2020/02/05	2.05	2.05	2.0	2.0	53.017	2020/02/05
2020/02/06	1.93	2.1	1.93	2.1	197.001	2020/02/06
2020/02/07	2.1	2.1	1.98	2.1	416.4	2020/02/07
2020/02/10	2.12	2.12	2.01	2.03	158.01	2020/02/10
2020/02/11	2.08	2.08	2.05	2.05	90.001	2020/02/11
2020/02/12	2.0	2.08	2.0	2.05	73.2	2020/02/12
2020/02/13	2.05	2.11	2.05	2.11	242.054	2020/02/13
2020/02/14	2.11	2.11	2.1	2.1	341.106	2020/02/14
2020/02/17	2.1	2.1	2.03	2.1	141.137	2020/02/17
2020/02/18	2.1	2.1	2.06	2.1	138.234	2020/02/18
2020/02/19	2.1	2.1	2.1	2.1	357.157	2020/02/19
2020/02/20	2.1	2.16	2.1	2.15	277.029	2020/02/20
2020/02/21	2.1	2.1	2.1	2.1	132.026	2020/02/21
2020/02/24	2.1	2.12	2.1	2.1	168.024	2020/02/24
2020/02/25	1.92	2.13	1.92	2.0	29.01	2020/02/25
2020/02/26	2.1	2.14	2.1	2.12	253.013	2020/02/26
2020/02/27	2.1	2.1	2.05	2.05	95.015	2020/02/27
2020/03/02	2.05	2.1	2.05	2.05	216.1	2020/03/02
2020/03/03	2.05	2.1	1.95	2.08	45.728	2020/03/03
2020/03/04	1.97	2.08	1.97	2.01	72.997	2020/03/04
2020/03/05	2.02	2.02	2.0	2.0	32.149	2020/03/05
2020/03/06	1.99	2.05	1.99	2.05	112.103	2020/03/06
2020/03/09	2.0	2.0	1.93	1.93	155.101	2020/03/09
2020/03/10	1.85	1.95	1.85	1.95	81.1	2020/03/10
2020/03/11	1.85	1.96	1.85	1.95	43.342	2020/03/11
2020/03/12	1.86	1.86	1.78	1.78	132.54	2020/03/12
2020/03/13	1.62	1.62	1.61	1.61	522.1	2020/03/13
2020/03/16	1.61	1.61	1.5	1.51	152.015	2020/03/16
2020/03/17	1.39	1.58	1.39	1.46	160.0	2020/03/17
2020/03/18	1.49	1.5	1.35	1.4	258.5	2020/03/18
2020/03/19	1.4	1.4	1.26	1.26	235.133	2020/03/19
2020/03/20	1.14	1.38	1.14	1.26	397.261	2020/03/20
2020/03/23	1.18	1.27	1.18	1.22	139.0	2020/03/23
2020/03/24	1.23	1.34	1.23	1.32	173.105	2020/03/24
2020/03/25	1.32	1.44	1.32	1.43	75.1	2020/03/25
2020/03/26	1.53	1.53	1.42	1.52	57.653	2020/03/26
2020/03/27	1.52	1.52	1.46	1.47	45.171	2020/03/27
2020/03/30	1.38	1.49	1.38	1.49	6.11	2020/03/30
2020/03/31	1.45	1.54	1.45	1.45	29.11	2020/03/31
2020/04/01	1.52	1.52	1.32	1.32	422.272	2020/04/01
2020/04/06	1.32	1.32	1.3	1.3	149.185	2020/04/06
2020/04/07	1.31	1.31	1.25	1.25	31.372	2020/04/07
2020/04/08	1.33	1.33	1.23	1.24	259.175	2020/04/08
2020/04/09	1.29	1.3	1.25	1.25	135.0	2020/04/09
2020/04/10	1.3	1.31	1.26	1.31	87.0	2020/04/10
2020/04/13	1.26	1.32	1.26	1.3	85.018	2020/04/13
2020/04/14	1.3	1.35	1.3	1.3	207.001	2020/04/14
2020/04/15	1.42	1.42	1.36	1.42	205.149	2020/04/15
2020/04/16	1.42	1.5	1.42	1.49	81.006	2020/04/16
2020/04/17	1.62	1.62	1.45	1.46	170.002	2020/04/17
2020/04/20	1.51	1.51	1.42	1.42	176.001	2020/04/20
2020/04/21	1.44	1.44	1.38	1.38	8.1	2020/04/21
2020/04/22	1.4	1.41	1.4	1.41	6.002	2020/04/22
2020/04/23	1.36	1.36	1.35	1.36	10.11	2020/04/23
2020/04/24	1.42	1.42	1.31	1.38	10.944	2020/04/24
2020/04/27	1.38	1.39	1.38	1.38	17.001	2020/04/27
2020/04/28	1.43	1.43	1.35	1.37	66.0	2020/04/28
2020/04/29	1.37	1.5	1.37	1.5	223.002	2020/04/29
2020/04/30	1.5	1.65	1.5	1.65	298.002	2020/04/30
2020/05/04	1.81	1.81	1.81	1.81	451.39	2020/05/04
2020/05/05	1.99	1.99	1.84	1.9	977.221	2020/05/05
2020/05/06	1.98	1.98	1.71	1.9	424.662	2020/05/06
2020/05/07	1.87	1.9	1.85	1.87	496.001	2020/05/07
2020/05/08	2.05	2.05	1.91	1.94	197.0	2020/05/08
2020/05/11	1.87	1.87	1.79	1.8	79.351	2020/05/11
2020/05/12	1.8	1.87	1.8	1.83	48.01	2020/05/12
2020/05/13	1.83	1.88	1.83	1.88	97.001	2020/05/13
2020/05/14	1.81	1.83	1.78	1.78	67.0	2020/05/14
2020/05/15	1.83	1.83	1.75	1.75	29.461	2020/05/15
2020/05/18	1.71	1.71	1.7	1.71	59.0	2020/05/18
2020/05/19	1.88	1.88	1.7	1.76	130.735	2020/05/19
2020/05/20	1.8	1.8	1.67	1.68	92.983	2020/05/20
2020/05/21	1.6	1.75	1.6	1.65	122.001	2020/05/21
2020/05/22	1.55	1.7	1.55	1.7	365.001	2020/05/22
2020/05/25	1.53	1.57	1.53	1.57	301.0	2020/05/25
2020/05/26	1.65	1.65	1.6	1.6	228.001	2020/05/26
2020/05/27	1.64	1.64	1.6	1.6	50.0	2020/05/27
2020/05/28	1.6	1.66	1.6	1.64	90.001	2020/05/28
2020/05/29	1.64	1.72	1.63	1.72	119.667	2020/05/29
2020/06/01	1.72	1.78	1.72	1.73	138.001	2020/06/01
2020/06/02	1.69	1.8	1.68	1.79	74.001	2020/06/02
2020/06/03	1.79	1.85	1.79	1.8	370.001	2020/06/03
2020/06/04	1.81	1.88	1.73	1.88	183.006	2020/06/04
2020/06/05	1.72	1.85	1.72	1.79	124.901	2020/06/05
2020/06/08	1.88	1.88	1.74	1.75	106.5	2020/06/08
2020/06/09	1.75	1.75	1.75	1.75	141.001	2020/06/09
2020/06/10	1.7	1.75	1.7	1.75	67.001	2020/06/10
2020/06/11	1.7	1.71	1.67	1.7	277.0	2020/06/11
2020/06/12	1.54	1.77	1.54	1.69	86.014	2020/06/12
2020/06/15	1.62	1.74	1.62	1.74	98.011	2020/06/15
2020/06/16	1.66	1.8	1.66	1.8	168.001	2020/06/16
2020/06/17	1.71	1.79	1.71	1.73	156.1	2020/06/17
2020/06/18	1.86	1.86	1.68	1.68	142.0	2020/06/18
2020/06/19	1.7	1.75	1.7	1.75	365.372	2020/06/19
2020/06/22	1.72	1.76	1.72	1.73	54.22	2020/06/22
2020/06/23	1.69	1.75	1.69	1.75	153.001	2020/06/23
2020/06/24	1.75	1.75	1.72	1.72	102.25	2020/06/24
2020/06/29	1.68	1.73	1.68	1.73	192.646	2020/06/29
2020/06/30	1.73	1.73	1.7	1.7	174.701	2020/06/30
2020/07/01	1.7	1.74	1.65	1.74	87.0	2020/07/01
2020/07/02	1.68	1.78	1.68	1.74	44.972	2020/07/02
2020/07/03	1.72	1.79	1.72	1.78	208.0	2020/07/03
2020/07/06	1.78	1.8	1.72	1.73	88.525	2020/07/06
2020/07/07	1.68	1.73	1.68	1.72	130.513	2020/07/07
2020/07/08	1.67	1.7	1.67	1.7	361.001	2020/07/08
2020/07/09	1.69	1.7	1.69	1.69	240.004	2020/07/09
2020/07/10	1.65	1.68	1.65	1.68	370.223	2020/07/10
2020/07/13	1.84	1.84	1.72	1.75	355.974	2020/07/13
2020/07/14	1.82	1.82	1.75	1.77	126.01	2020/07/14
2020/07/15	1.84	1.9	1.83	1.9	855.389	2020/07/15
2020/07/16	2.0	2.0	1.83	1.84	674.691	2020/07/16
2020/07/17	1.95	1.95	1.84	1.94	286.401	2020/07/17
2020/07/20	1.96	2.03	1.96	1.96	304.415	2020/07/20
2020/07/21	1.94	1.96	1.9	1.9	77.311	2020/07/21
2020/07/22	2.0	2.0	1.95	1.95	139.233	2020/07/22
2020/07/23	2.02	2.02	1.92	1.92	85.5	2020/07/23
2020/07/24	1.92	1.92	1.85	1.85	164.502	2020/07/24
2020/07/27	1.76	1.78	1.76	1.78	14.001	2020/07/27
2020/07/28	1.78	1.78	1.77	1.77	77.504	2020/07/28
2020/07/29	1.7	1.89	1.7	1.75	145.111	2020/07/29
2020/07/30	1.71	1.73	1.71	1.73	95.0	2020/07/30
2020/07/31	1.73	1.8	1.73	1.8	150.002	2020/07/31
2020/08/03	1.8	1.82	1.8	1.82	58.0	2020/08/03
2020/08/04	1.85	1.85	1.77	1.79	94.001	2020/08/04
2020/08/05	1.82	1.84	1.82	1.84	60.501	2020/08/05
2020/08/06	1.79	1.83	1.79	1.79	32.009	2020/08/06
2020/08/07	1.83	1.83	1.77	1.77	50.512	2020/08/07
2020/08/10	1.77	1.81	1.74	1.74	140.774	2020/08/10
2020/08/11	1.74	1.76	1.74	1.76	50.5	2020/08/11
2020/08/12	1.76	1.78	1.73	1.73	53.001	2020/08/12
2020/08/13	1.74	1.84	1.72	1.84	64.552	2020/08/13
2020/08/14	1.89	1.89	1.8	1.8	91.001	2020/08/14
2020/08/17	1.8	1.8	1.8	1.8	246.002	2020/08/17
2020/08/18	1.83	1.83	1.8	1.8	186.01	2020/08/18
2020/08/19	1.8	1.8	1.76	1.76	111.013	2020/08/19
2020/08/20	1.87	1.87	1.72	1.78	191.244	2020/08/20
2020/08/21	1.73	1.8	1.73	1.78	87.999	2020/08/21
2020/08/24	1.73	1.8	1.72	1.8	173.465	2020/08/24
2020/08/25	1.84	1.84	1.8	1.82	62.425	2020/08/25
2020/08/26	1.84	1.84	1.74	1.8	172.001	2020/08/26
2020/08/27	1.75	1.82	1.75	1.76	125.004	2020/08/27
2020/08/28	1.87	1.87	1.78	1.83	196.444	2020/08/28
2020/08/31	1.83	1.83	1.77	1.79	325.718	2020/08/31
2020/09/01	1.76	1.77	1.76	1.76	678.75	2020/09/01
2020/09/02	1.81	1.81	1.77	1.81	407.276	2020/09/02
2020/09/03	1.89	1.93	1.88	1.93	730.0	2020/09/03
2020/09/04	1.98	2.12	1.98	2.12	2141.332	2020/09/04
2020/09/07	2.33	2.33	2.33	2.33	514.121	2020/09/07
2020/09/08	2.56	2.56	2.56	2.56	993.747	2020/09/08
2020/09/09	2.81	2.81	2.45	2.77	8183.066	2020/09/09
2020/09/10	2.77	2.77	2.64	2.77	1726.527	2020/09/10
2020/09/11	2.8	2.8	2.64	2.65	1605.999	2020/09/11
2020/09/14	2.68	2.91	2.68	2.91	3444.999	2020/09/14
2020/09/15	3.1	3.2	3.0	3.0	5940.199	2020/09/15
2020/09/16	2.86	3.2	2.7	3.2	5007.836	2020/09/16
2020/09/17	2.98	3.25	2.98	3.0	2486.026	2020/09/17
2020/09/18	3.04	3.18	3.04	3.04	2090.264	2020/09/18
2020/09/21	3.05	3.34	3.05	3.34	3733.307	2020/09/21
2020/09/22	3.66	3.66	3.34	3.65	5840.129	2020/09/22
2020/09/23	3.7	4.01	3.7	4.01	9480.824	2020/09/23
2020/09/24	4.1	4.2	3.9	3.9	7432.271	2020/09/24
2020/09/25	4.0	4.0	3.51	3.51	2756.118	2020/09/25
2020/09/28	3.51	3.51	3.16	3.16	3043.219	2020/09/28
2020/09/29	3.07	3.07	2.87	2.96	4195.159	2020/09/29
2020/09/30	3.0	3.25	3.0	3.25	1449.039	2020/09/30
2020/10/05	3.31	3.31	3.02	3.2	613.083	2020/10/05
2020/10/06	3.2	3.2	2.9	2.9	930.0	2020/10/06
2020/10/07	2.74	3.1	2.74	3.0	1132.075	2020/10/07
2020/10/08	3.19	3.19	3.0	3.03	852.51	2020/10/08
2020/10/12	3.1	3.27	3.1	3.27	1681.5	2020/10/12
2020/10/13	3.01	3.2	3.01	3.12	341.005	2020/10/13
2020/10/14	3.11	3.12	3.03	3.11	1036.0	2020/10/14
2020/10/15	3.03	3.1	3.01	3.03	825.503	2020/10/15
2020/10/16	3.15	3.15	2.9	2.9	696.0	2020/10/16
2020/10/19	2.94	3.03	2.94	2.99	544.425	2020/10/19
2020/10/20	2.96	2.96	2.75	2.85	876.001	2020/10/20
2020/10/21	3.06	3.06	2.88	2.88	781.221	2020/10/21
2020/10/22	2.88	2.88	2.77	2.78	870.0	2020/10/22
2020/10/23	2.78	2.78	2.51	2.7	979.045	2020/10/23
2020/10/26	2.67	2.67	2.53	2.6	852.501	2020/10/26
2020/10/27	2.6	2.86	2.6	2.86	1011.949	2020/10/27
2020/10/28	2.86	3.1	2.86	2.9	1156.397	2020/10/28
2020/10/29	2.71	2.95	2.71	2.9	251.138	2020/10/29
2020/10/30	2.9	2.9	2.81	2.81	521.649	2020/10/30
2020/11/02	2.79	2.79	2.71	2.79	396.2	2020/11/02
2020/11/03	2.71	2.75	2.71	2.75	268.0	2020/11/03
2020/11/04	2.79	2.79	2.62	2.67	302.001	2020/11/04
2020/11/05	2.61	2.73	2.61	2.7	201.001	2020/11/05
2020/11/06	2.67	2.67	2.65	2.65	186.201	2020/11/06
2020/11/09	2.6	2.7	2.6	2.61	452.281	2020/11/09
2020/11/10	2.61	2.61	2.56	2.56	513.5	2020/11/10
2020/11/11	2.5	2.56	2.5	2.56	721.815	2020/11/11
2020/11/12	2.51	2.58	2.48	2.48	355.006	2020/11/12
2020/11/13	2.48	2.52	2.48	2.52	110.002	2020/11/13
2020/11/16	2.54	2.54	2.5	2.5	178.251	2020/11/16
2020/11/17	2.45	2.55	2.45	2.5	198.213	2020/11/17
2020/11/18	2.5	2.5	2.5	2.5	321.101	2020/11/18
2020/11/19	2.5	2.5	2.4	2.4	190.0	2020/11/19
2020/11/20	2.4	2.45	2.4	2.45	477.0	2020/11/20
2020/11/23	2.26	2.53	2.26	2.4	343.817	2020/11/23
2020/11/24	2.4	2.4	2.29	2.29	689.67	2020/11/24
2020/11/25	2.3	2.51	2.3	2.51	794.654	2020/11/25
2020/11/26	2.65	2.76	2.65	2.76	912.047	2020/11/26
2020/11/27	3.0	3.0	2.88	2.9	2727.004	2020/11/27
2020/11/30	2.9	3.19	2.9	3.19	2127.097	2020/11/30
2020/12/01	3.49	3.49	2.9	3.15	2417.904	2020/12/01
2020/12/02	3.2	3.2	2.91	3.0	612.0	2020/12/02
2020/12/03	2.97	2.97	2.81	2.86	654.406	2020/12/03
2020/12/04	2.81	3.09	2.81	3.0	721.012	2020/12/04
2020/12/07	2.99	2.99	2.87	2.88	275.002	2020/12/07
2020/12/08	2.89	2.9	2.89	2.9	216.796	2020/12/08
2020/12/09	2.99	2.99	2.89	2.89	220.0	2020/12/09
2020/12/10	2.89	3.0	2.88	2.88	940.032	2020/12/10
2020/12/11	2.88	2.9	2.83	2.83	530.004	2020/12/11
2020/12/14	2.75	2.83	2.75	2.81	311.177	2020/12/14
2020/12/15	2.94	3.09	2.94	3.09	1863.653	2020/12/15
2020/12/16	3.19	3.2	2.9	3.08	1368.154	2020/12/16
2020/12/17	2.92	3.06	2.92	3.01	304.67	2020/12/17
2020/12/18	3.01	3.01	3.0	3.0	336.341	2020/12/18
2020/12/21	2.81	3.03	2.81	3.02	877.954	2020/12/21
2020/12/22	3.09	3.3	3.09	3.15	2545.057	2020/12/22
2020/12/23	2.84	3.12	2.84	2.92	1228.213	2020/12/23
2020/12/24	2.92	2.96	2.9	2.95	670.972	2020/12/24
2020/12/25	3.08	3.08	2.87	2.93	572.838	2020/12/25
2020/12/28	2.93	2.98	2.93	2.95	319.639	2020/12/28
2020/12/29	3.0	3.0	2.9	2.92	253.025	2020/12/29
2020/12/30	2.98	3.06	2.98	3.0	881.003	2020/12/30
2020/12/31	3.11	3.15	3.11	3.15	2123.745	2020/12/31
2021/01/04	3.29	3.29	3.06	3.08	1141.004	2021/01/04
2021/01/05	2.95	3.2	2.95	3.13	972.094	2021/01/05
2021/01/06	3.15	3.15	2.98	3.02	692.942	2021/01/06
2021/01/07	3.09	3.09	2.98	2.98	380.354	2021/01/07
2021/01/08	2.95	2.95	2.85	2.9	428.474	2021/01/08
2021/01/11	2.9	2.9	2.83	2.85	367.007	2021/01/11
2021/01/12	2.79	2.84	2.79	2.8	346.352	2021/01/12
2021/01/13	2.85	2.85	2.8	2.8	321.048	2021/01/13
2021/01/14	2.81	2.89	2.8	2.8	193.924	2021/01/14
2021/01/15	2.81	2.85	2.81	2.81	275.114	2021/01/15
2021/01/18	2.81	2.81	2.78	2.79	318.001	2021/01/18
2021/01/19	2.75	2.79	2.75	2.77	253.816	2021/01/19
2021/01/20	2.7	2.7	2.63	2.63	217.701	2021/01/20
2021/01/21	2.65	2.68	2.6	2.6	282.1	2021/01/21
2021/01/22	2.51	2.51	2.35	2.42	435.321	2021/01/22
2021/01/25	2.39	2.4	2.22	2.4	453.341	2021/01/25
2021/01/26	2.34	2.34	2.25	2.25	389.001	2021/01/26
2021/01/27	2.2	2.4	2.2	2.4	423.001	2021/01/27
2021/01/28	2.38	2.64	2.38	2.58	259.838	2021/01/28
2021/01/29	2.56	2.6	2.52	2.52	338.42	2021/01/29
2021/02/01	2.5	2.5	2.45	2.47	102.837	2021/02/01
2021/02/02	2.63	2.63	2.56	2.56	82.256	2021/02/02
2021/02/03	2.5	2.5	2.31	2.38	628.325	2021/02/03
2021/02/04	2.31	2.36	2.31	2.31	319.404	2021/02/04
2021/02/05	2.34	2.34	2.25	2.25	298.005	2021/02/05
2021/02/17	2.47	2.47	2.43	2.47	641.446	2021/02/17
2021/02/18	2.36	2.71	2.36	2.71	757.223	2021/02/18
2021/02/19	2.97	2.97	2.84	2.88	528.726	2021/02/19
2021/02/22	2.99	2.99	2.9	2.9	503.916	2021/02/22
2021/02/23	2.96	2.96	2.82	2.82	528.011	2021/02/23
2021/02/24	2.9	2.9	2.77	2.77	263.003	2021/02/24
2021/02/25	2.97	2.97	2.77	2.77	284.233	2021/02/25
2021/02/26	2.77	2.77	2.71	2.76	239.02	2021/02/26
2021/03/02	2.88	2.88	2.74	2.74	215.039	2021/03/02
2021/03/03	2.72	2.74	2.7	2.72	165.224	2021/03/03
2021/03/04	2.69	2.8	2.69	2.8	182.119	2021/03/04
2021/03/05	2.78	2.78	2.71	2.78	112.392	2021/03/05
2021/03/08	2.8	2.8	2.73	2.73	49.036	2021/03/08
2021/03/09	2.73	2.83	2.73	2.81	262.032	2021/03/09
2021/03/10	2.85	2.87	2.73	2.74	433.042	2021/03/10
2021/03/11	2.74	2.83	2.74	2.83	375.031	2021/03/11
2021/03/12	2.83	2.83	2.74	2.74	200.041	2021/03/12
2021/03/15	2.76	2.85	2.75	2.85	404.096	2021/03/15
2021/03/16	2.85	2.89	2.78	2.78	169.138	2021/03/16
2021/03/17	2.75	2.8	2.73	2.74	339.636	2021/03/17
2021/03/18	2.83	2.83	2.76	2.82	420.013	2021/03/18
2021/03/19	2.82	2.87	2.82	2.85	1003.303	2021/03/19
2021/03/22	2.95	2.95	2.85	2.85	776.034	2021/03/22
2021/03/23	2.85	2.85	2.8	2.8	250.025	2021/03/23
2021/03/24	2.76	2.76	2.72	2.75	265.141	2021/03/24
2021/03/25	2.75	2.75	2.71	2.71	128.016	2021/03/25
2021/03/26	2.62	2.79	2.61	2.79	183.934	2021/03/26
2021/03/29	2.71	2.71	2.7	2.71	377.269	2021/03/29
2021/03/30	2.66	2.66	2.57	2.57	719.094	2021/03/30
2021/03/31	2.57	2.82	2.57	2.82	486.1	2021/03/31
2021/04/01	2.79	2.82	2.69	2.8	520.123	2021/04/01
2021/04/06	2.85	2.85	2.74	2.74	386.435	2021/04/06
2021/04/07	2.7	2.8	2.7	2.79	664.105	2021/04/07
2021/04/08	2.85	3.0	2.85	3.0	2494.302	2021/04/08
2021/04/09	3.03	3.03	2.88	2.88	1236.044	2021/04/09
2021/04/12	2.92	3.16	2.92	3.16	2327.245	2021/04/12
2021/04/13	3.3	3.47	3.3	3.47	5653.322	2021/04/13
2021/04/14	3.49	3.8	3.49	3.58	5313.96	2021/04/14
2021/04/15	3.86	3.86	3.8	3.8	3435.29	2021/04/15
2021/04/16	3.94	4.1	3.94	3.94	10656.534	2021/04/16
2021/04/19	3.98	3.99	3.97	3.97	7059.5	2021/04/19
2021/04/20	4.36	4.36	3.97	3.97	4597.517	2021/04/20
2021/04/21	3.97	3.97	3.58	3.68	2675.821	2021/04/21
2021/04/22	3.84	4.04	3.84	4.03	5743.611	2021/04/22
2021/04/23	4.01	4.01	3.75	3.91	1851.169	2021/04/23
2021/04/26	4.0	4.0	3.92	3.92	1807.164	2021/04/26
2021/04/27	3.92	3.92	3.79	3.8	1558.224	2021/04/27
2021/04/28	3.88	3.93	3.88	3.93	1683.577	2021/04/28
2021/04/29	4.06	4.06	3.94	3.94	1605.043	2021/04/29
2021/05/03	4.0	4.0	3.9	3.9	2113.107	2021/05/03
2021/05/04	3.8	3.8	3.51	3.51	2351.054	2021/05/04
2021/05/05	3.48	3.8	3.45	3.8	1070.144	2021/05/05
2021/05/06	3.81	3.93	3.81	3.85	1928.611	2021/05/06
2021/05/07	3.95	3.95	3.47	3.9	1661.611	2021/05/07
2021/05/10	4.02	4.02	3.98	3.98	4148.468	2021/05/10
2021/05/11	3.9	3.9	3.59	3.8	1591.302	2021/05/11
2021/05/12	3.7	3.7	3.42	3.42	1372.43	2021/05/12
2021/05/13	3.08	3.35	3.08	3.08	2137.105	2021/05/13
2021/05/14	3.1	3.15	3.1	3.1	1305.516	2021/05/14
2021/05/17	2.79	2.94	2.79	2.81	1101.082	2021/05/17
2021/05/18	2.93	3.09	2.93	3.09	445.002	2021/05/18
2021/05/19	3.39	3.39	3.39	3.39	671.605	2021/05/19
2021/05/20	3.72	3.72	3.72	3.72	3434.702	2021/05/20
2021/05/21	3.93	3.93	3.85	3.85	1427.464	2021/05/21
2021/05/24	3.85	3.85	3.8	3.8	593.617	2021/05/24
2021/05/25	3.75	3.75	3.42	3.49	1169.243	2021/05/25
2021/05/26	3.31	3.57	3.31	3.57	509.152	2021/05/26
2021/05/27	3.69	3.85	3.69	3.85	1155.003	2021/05/27
2021/05/28	3.98	4.0	3.98	3.98	3656.006	2021/05/28
2021/05/31	4.32	4.32	3.97	3.98	2974.01	2021/05/31
2021/06/01	4.0	4.0	3.98	3.99	1014.044	2021/06/01
2021/06/02	4.11	4.11	3.88	3.88	1723.302	2021/06/02
2021/06/03	4.0	4.0	3.99	3.99	1276.63	2021/06/03
2021/06/04	4.0	4.0	3.98	3.98	1426.0	2021/06/04
2021/06/07	4.0	4.0	3.96	3.98	1362.176	2021/06/07
2021/06/08	4.0	4.02	4.0	4.0	1400.091	2021/06/08
2021/06/09	4.03	4.03	3.9	3.96	822.432	2021/06/09
2021/06/10	4.0	4.0	3.97	3.99	657.128	2021/06/10
2021/06/11	4.0	4.0	3.99	3.99	1525.169	2021/06/11
2021/06/15	4.0	4.01	4.0	4.0	1300.619	2021/06/15
2021/06/16	3.99	3.99	3.85	3.85	833.114	2021/06/16
2021/06/17	3.62	3.9	3.62	3.9	629.921	2021/06/17
2021/06/18	3.9	3.9	3.75	3.8	676.002	2021/06/18
2021/06/21	3.8	3.8	3.6	3.6	926.005	2021/06/21
2021/06/22	3.79	3.79	3.71	3.71	654.011	2021/06/22
2021/06/23	3.72	3.72	3.6	3.67	590.613	2021/06/23
2021/06/24	3.61	3.88	3.61	3.88	785.522	2021/06/24
2021/06/25	3.91	4.0	3.91	3.92	1665.293	2021/06/25
2021/06/28	4.0	4.29	4.0	4.29	4441.565	2021/06/28
2021/06/29	4.58	4.71	4.58	4.71	6350.814	2021/06/29
2021/06/30	5.18	5.18	5.18	5.18	1906.501	2021/06/30
2021/07/01	5.69	5.69	5.69	5.69	4147.422	2021/07/01
2021/07/02	6.25	6.25	6.25	6.25	6167.658	2021/07/02
2021/07/05	6.87	6.87	6.87	6.87	4538.983	2021/07/05
2021/07/06	7.55	7.55	7.55	7.55	3333.731	2021/07/06
2021/07/07	8.3	8.3	8.3	8.3	18500.379	2021/07/07
2021/07/08	7.47	7.47	7.47	7.47	6396.324	2021/07/08
2021/07/09	6.73	6.73	6.73	6.73	4714.138	2021/07/09
2021/07/12	6.31	7.4	6.31	7.4	10325.653	2021/07/12
2021/07/13	7.4	7.4	6.66	6.66	7216.728	2021/07/13
2021/07/14	6.14	6.14	6.0	6.0	2985.985	2021/07/14
2021/07/15	5.4	6.6	5.4	6.6	6576.81	2021/07/15
2021/07/16	5.94	6.6	5.94	6.6	3224.449	2021/07/16
2021/07/19	6.8	7.26	6.8	7.26	5551.174	2021/07/19
2021/07/20	7.9	7.9	7.26	7.3	4486.422	2021/07/20
2021/07/21	7.88	7.88	7.4	7.4	2825.201	2021/07/21
2021/07/22	6.83	7.37	6.72	6.72	2875.482	2021/07/22
2021/07/23	7.0	7.0	6.72	6.9	1352.965	2021/07/23
2021/07/26	6.9	6.9	6.7	6.7	948.938	2021/07/26
2021/07/27	7.0	7.0	6.22	6.22	2109.538	2021/07/27
2021/07/28	6.23	6.24	5.98	6.24	1501.86	2021/07/28
2021/07/29	6.6	6.6	6.4	6.5	703.091	2021/07/29
2021/07/30	6.5	6.75	6.5	6.75	1393.725	2021/07/30
2021/08/02	6.75	6.75	6.67	6.67	610.542	2021/08/02
2021/08/03	6.9	6.9	6.5	6.6	516.919	2021/08/03
2021/08/04	6.6	6.6	6.35	6.35	744.695	2021/08/04
2021/08/05	6.29	6.29	5.89	5.9	1051.644	2021/08/05
2021/08/06	5.61	6.03	5.61	5.9	995.414	2021/08/06
2021/08/09	5.9	6.3	5.9	6.21	823.92	2021/08/09
2021/08/10	6.21	6.21	5.61	5.61	661.644	2021/08/10
2021/08/11	6.17	6.17	6.01	6.01	1935.547	2021/08/11
2021/08/12	6.01	6.58	6.01	6.58	1522.401	2021/08/12
2021/08/13	6.58	6.58	6.1	6.15	1314.742	2021/08/13
2021/08/16	6.35	6.35	5.95	6.0	855.998	2021/08/16
2021/08/17	5.4	5.9	5.4	5.79	1885.113	2021/08/17
2021/08/18	5.5	6.0	5.5	6.0	992.561	2021/08/18
2021/08/19	5.9	5.9	5.42	5.43	983.994	2021/08/19
2021/08/20	5.43	5.43	5.22	5.24	1423.0	2021/08/20
2021/08/23	5.35	5.74	5.35	5.71	1030.779	2021/08/23
2021/08/24	5.71	5.71	5.4	5.52	570.204	2021/08/24
2021/08/25	5.52	5.52	5.4	5.43	587.761	2021/08/25
2021/08/26	5.6	5.9	5.6	5.66	806.811	2021/08/26
2021/08/27	5.66	5.66	5.45	5.5	477.891	2021/08/27
2021/08/30	5.58	5.58	5.5	5.56	379.303	2021/08/30
2021/08/31	5.6	5.6	5.5	5.53	526.004	2021/08/31
2021/09/01	5.5	5.6	5.5	5.54	626.717	2021/09/01
2021/09/02	5.56	5.56	5.41	5.41	525.467	2021/09/02
2021/09/03	5.46	5.46	5.39	5.39	546.0	2021/09/03
2021/09/06	5.39	5.39	5.2	5.2	878.43	2021/09/06
2021/09/07	5.19	5.19	4.9	4.9	811.672	2021/09/07
2021/09/08	4.8	4.8	4.5	4.56	1388.922	2021/09/08
2021/09/09	4.51	5.01	4.51	5.01	625.4	2021/09/09
2021/09/10	5.09	5.51	5.09	5.51	1603.351	2021/09/10
2021/09/13	6.0	6.06	6.0	6.06	2241.318	2021/09/13
2021/09/14	6.2	6.2	5.46	5.68	1995.801	2021/09/14
2021/09/15	5.51	5.61	5.48	5.61	500.737	2021/09/15
2021/09/16	5.61	5.69	5.5	5.5	472.566	2021/09/16
2021/09/17	5.45	5.68	5.42	5.55	381.347	2021/09/17
2021/09/22	5.32	5.32	5.05	5.1	819.444	2021/09/22
2021/09/23	5.19	5.4	5.19	5.32	514.53	2021/09/23
2021/09/24	5.5	5.5	5.4	5.4	195.113	2021/09/24
2021/09/27	5.4	5.45	5.33	5.33	220.476	2021/09/27
2021/09/28	5.16	5.36	5.16	5.33	347.401	2021/09/28
2021/09/29	5.01	5.32	5.01	5.29	232.759	2021/09/29
2021/09/30	5.79	5.79	5.35	5.55	421.023	2021/09/30
2021/10/01	5.31	5.37	5.2	5.2	427.007	2021/10/01
2021/10/04	5.5	5.5	5.02	5.02	515.343	2021/10/04
2021/10/05	5.0	5.2	5.0	5.2	474.897	2021/10/05
2021/10/06	5.2	5.2	5.04	5.04	256.675	2021/10/06
2021/10/07	5.15	5.15	5.08	5.11	267.755	2021/10/07
2021/10/08	5.08	5.2	5.08	5.19	607.003	2021/10/08
2021/10/12	5.7	5.7	5.55	5.57	1237.751	2021/10/12
2021/10/13	5.65	5.65	5.36	5.37	456.003	2021/10/13
2021/10/14	5.45	5.61	5.45	5.46	480.424	2021/10/14
2021/10/15	5.65	5.65	5.5	5.5	428.511	2021/10/15
2021/10/18	5.68	5.68	5.45	5.5	414.563	2021/10/18
2021/10/19	5.6	5.6	5.4	5.55	480.34	2021/10/19
2021/10/20	5.6	5.6	5.3	5.4	471.196	2021/10/20
2021/10/21	5.5	5.5	5.38	5.5	767.27	2021/10/21
2021/10/22	5.5	5.5	5.3	5.3	275.278	2021/10/22
2021/10/25	5.21	5.37	5.21	5.25	341.065	2021/10/25
2021/10/26	5.25	5.25	5.25	5.25	515.591	2021/10/26
2021/10/27	5.25	5.31	5.25	5.31	468.555	2021/10/27
2021/10/28	5.31	5.31	5.26	5.3	236.447	2021/10/28
2021/10/29	5.3	5.3	5.3	5.3	431.004	2021/10/29
2021/11/01	5.49	5.49	5.32	5.32	512.101	2021/11/01
2021/11/02	5.32	5.32	5.27	5.27	219.509	2021/11/02
2021/11/03	5.49	5.49	5.3	5.3	391.48	2021/11/03
2021/11/04	5.3	5.44	5.25	5.28	558.054	2021/11/04
2021/11/05	5.4	5.4	5.18	5.18	579.002	2021/11/05
2021/11/08	5.5	5.5	5.41	5.43	902.75	2021/11/08
2021/11/09	5.3	5.31	5.21	5.22	680.01	2021/11/09
2021/11/10	5.22	5.22	5.21	5.22	423.926	2021/11/10
2021/11/11	5.22	5.45	5.22	5.45	922.787	2021/11/11
2021/11/12	5.5	5.5	5.3	5.3	1666.984	2021/11/12
2021/11/15	5.3	5.3	5.25	5.27	685.302	2021/11/15
2021/11/16	5.27	5.27	5.16	5.16	824.11	2021/11/16
2021/11/17	5.16	5.3	5.16	5.28	698.058	2021/11/17
2021/11/18	5.3	5.3	5.23	5.24	423.298	2021/11/18
2021/11/19	5.2	5.2	5.16	5.17	676.504	2021/11/19
2021/11/22	5.19	5.26	5.19	5.2	595.283	2021/11/22
2021/11/23	5.2	5.21	5.19	5.2	410.063	2021/11/23
2021/11/24	5.2	5.35	5.2	5.28	617.037	2021/11/24
2021/11/25	5.8	5.8	5.45	5.45	1902.353	2021/11/25
2021/11/26	5.46	5.5	5.21	5.34	720.502	2021/11/26
2021/11/29	5.21	5.3	5.2	5.3	489.051	2021/11/29
2021/11/30	5.21	5.33	5.21	5.25	415.018	2021/11/30
2021/12/01	5.19	5.5	5.19	5.5	407.2	2021/12/01
2021/12/02	5.38	5.38	5.29	5.3	467.584	2021/12/02
2021/12/03	5.3	5.3	5.26	5.3	157.527	2021/12/03
2021/12/06	5.3	5.36	5.3	5.33	429.168	2021/12/06
2021/12/07	5.38	5.38	5.27	5.29	340.098	2021/12/07
2021/12/08	5.4	5.4	5.31	5.31	637.002	2021/12/08
2021/12/09	5.35	5.44	5.35	5.36	731.652	2021/12/09
2021/12/10	5.34	5.38	5.26	5.3	439.005	2021/12/10
2021/12/13	5.3	5.5	5.3	5.5	1026.188	2021/12/13
2021/12/14	5.65	5.65	5.5	5.5	1046.59	2021/12/14
2021/12/15	5.55	5.6	5.54	5.6	1019.857	2021/12/15
2021/12/16	6.03	6.03	5.8	5.81	1496.801	2021/12/16
2021/12/17	5.99	5.99	5.95	5.96	1564.174	2021/12/17
2021/12/20	6.02	6.11	6.02	6.1	1505.707	2021/12/20
2021/12/21	6.16	6.16	6.1	6.1	954.117	2021/12/21
2021/12/22	6.15	6.15	5.91	5.91	611.328	2021/12/22
2021/12/23	6.07	6.07	5.81	5.81	659.078	2021/12/23
2021/12/24	5.81	5.81	5.6	5.75	911.868	2021/12/24
2021/12/27	5.75	5.85	5.75	5.82	514.426	2021/12/27
2021/12/28	5.9	5.9	5.89	5.9	715.305	2021/12/28
2021/12/29	5.92	5.96	5.92	5.96	576.837	2021/12/29
2021/12/30	6.0	6.02	5.99	6.02	827.2	2021/12/30
2022/01/03	6.2	6.2	6.02	6.03	738.928	2022/01/03
2022/01/04	6.18	6.18	6.06	6.11	910.338	2022/01/04
2022/01/05	6.18	6.18	6.07	6.07	610.687	2022/01/05
2022/01/06	6.0	6.0	5.92	5.96	587.63	2022/01/06
2022/01/07	6.04	6.04	5.91	5.93	646.71	2022/01/07
2022/01/10	5.85	6.3	5.85	6.3	1319.74	2022/01/10
2022/01/11	6.25	6.25	6.0	6.0	856.22	2022/01/11
2022/01/12	6.0	6.0	5.99	5.99	684.368	2022/01/12
2022/01/13	6.1	6.1	5.99	6.0	429.811	2022/01/13
2022/01/14	6.0	6.0	5.81	5.97	402.307	2022/01/14
2022/01/17	6.02	6.02	5.8	5.8	669.029	2022/01/17
2022/01/18	5.95	5.95	5.7	5.8	229.605	2022/01/18
2022/01/19	5.76	5.77	5.75	5.75	188.011	2022/01/19
2022/01/20	5.79	5.79	5.75	5.78	199.003	2022/01/20
2022/01/21	5.6	5.66	5.5	5.5	1115.253	2022/01/21
2022/01/24	5.49	5.59	5.22	5.5	536.185	2022/01/24
2022/01/25	5.51	5.53	5.51	5.53	421.268	2022/01/25
2022/01/26	5.58	5.65	5.58	5.58	456.301	2022/01/26
2022/02/07	5.6	5.8	5.6	5.8	463.793	2022/02/07
2022/02/08	5.78	5.78	5.69	5.69	316.415	2022/02/08
2022/02/09	5.69	5.77	5.69	5.76	249.047	2022/02/09
2022/02/10	5.8	5.8	5.7	5.7	322.006	2022/02/10
2022/02/11	5.51	5.7	5.51	5.68	376.208	2022/02/11
2022/02/14	5.68	5.68	5.5	5.57	311.027	2022/02/14
2022/02/15	5.57	5.7	5.55	5.55	356.815	2022/02/15
2022/02/16	5.55	5.55	5.53	5.53	584.181	2022/02/16
2022/02/17	5.53	5.53	5.48	5.48	546.305	2022/02/17
2022/02/18	5.45	5.48	5.43	5.48	272.468	2022/02/18
2022/02/21	5.48	6.0	5.48	5.86	1103.128	2022/02/21
2022/02/22	5.78	5.78	5.69	5.71	564.122	2022/02/22
2022/02/23	5.89	5.89	5.8	5.81	524.27	2022/02/23
2022/02/24	5.85	5.85	5.79	5.79	706.507	2022/02/24
2022/02/25	5.81	5.81	5.71	5.8	524.3	2022/02/25
2022/03/01	5.99	5.99	5.9	5.9	599.031	2022/03/01
2022/03/02	5.9	5.92	5.8	5.91	500.015	2022/03/02
2022/03/03	5.93	5.93	5.88	5.9	343.11	2022/03/03
2022/03/04	5.9	6.0	5.9	6.0	751.197	2022/03/04
2022/03/07	6.0	6.0	5.94	5.94	590.37	2022/03/07
2022/03/08	6.17	6.17	5.75	5.75	947.027	2022/03/08
2022/03/09	6.0	6.0	5.9	5.9	508.149	2022/03/09
2022/03/10	6.0	6.0	5.81	5.9	644.006	2022/03/10
2022/03/11	5.84	5.91	5.84	5.91	537.701	2022/03/11
2022/03/14	5.91	5.91	5.86	5.86	463.779	2022/03/14
2022/03/15	5.95	5.95	5.86	5.86	426.015	2022/03/15
2022/03/16	5.91	5.91	5.86	5.86	286.212	2022/03/16
2022/03/17	5.95	5.95	5.75	5.75	309.805	2022/03/17
2022/03/18	5.77	5.77	5.69	5.69	539.009	2022/03/18
2022/03/21	6.0	6.0	5.76	5.8	421.527	2022/03/21
2022/03/22	5.88	5.92	5.85	5.92	606.583	2022/03/22
2022/03/23	5.91	5.91	5.9	5.91	532.753	2022/03/23
2022/03/24	5.91	5.91	5.85	5.91	269.155	2022/03/24
2022/03/25	5.97	5.97	5.87	5.88	221.512	2022/03/25
2022/03/28	5.8	5.8	5.75	5.75	420.451	2022/03/28
2022/03/29	5.78	5.78	5.68	5.75	207.316	2022/03/29
2022/03/30	5.83	5.83	5.72	5.74	171.22	2022/03/30
2022/03/31	5.79	5.79	5.73	5.73	231.808	2022/03/31
2022/04/01	5.7	5.75	5.7	5.75	136.074	2022/04/01
2022/04/06	5.55	5.55	5.45	5.45	1253.976	2022/04/06
2022/04/07	5.41	5.42	5.31	5.31	793.113	2022/04/07
2022/04/08	5.31	5.31	5.2	5.21	1367.062	2022/04/08
2022/04/11	5.21	5.27	5.21	5.27	385.099	2022/04/11
2022/04/12	5.27	5.27	5.1	5.15	887.501	2022/04/12
2022/04/13	5.15	5.66	5.15	5.66	1149.37	2022/04/13
2022/04/14	5.89	5.89	5.62	5.7	1407.326	2022/04/14
2022/04/15	5.51	5.68	5.51	5.65	521.931	2022/04/15
2022/04/18	5.65	5.69	5.6	5.6	433.384	2022/04/18
2022/04/19	5.6	5.6	5.39	5.6	298.337	2022/04/19
2022/04/20	5.65	5.65	5.45	5.51	155.887	2022/04/20
2022/04/21	5.5	5.69	5.5	5.5	338.006	2022/04/21
2022/04/22	5.53	5.53	5.45	5.45	131.267	2022/04/22
2022/04/25	5.45	5.45	5.18	5.2	522.685	2022/04/25
2022/04/26	5.25	5.35	5.2	5.35	405.313	2022/04/26
2022/04/27	5.21	5.21	5.1	5.2	562.39	2022/04/27
2022/04/28	5.23	5.23	5.15	5.2	165.21	2022/04/28
2022/04/29	5.22	5.22	5.2	5.2	307.104	2022/04/29
2022/05/03	5.1	5.1	5.0	5.0	1086.29	2022/05/03
2022/05/04	5.01	5.15	5.01	5.05	300.001	2022/05/04
2022/05/05	5.08	5.1	5.01	5.01	154.013	2022/05/05
2022/05/06	4.95	5.05	4.95	5.05	273.118	2022/05/06
2022/05/09	5.01	5.01	4.94	5.0	220.897	2022/05/09
2022/05/10	5.0	5.2	5.0	5.2	478.49	2022/05/10
2022/05/11	5.02	5.67	5.02	5.28	693.299	2022/05/11
2022/05/12	5.8	5.8	5.8	5.8	3860.008	2022/05/12
2022/05/13	5.9	5.9	5.7	5.7	1389.097	2022/05/13
2022/05/16	5.69	5.7	5.68	5.69	662.105	2022/05/16
2022/05/17	5.7	6.0	5.7	6.0	1486.678	2022/05/17
2022/05/18	6.3	6.3	6.1	6.1	1577.294	2022/05/18
2022/05/19	5.86	6.07	5.86	5.9	648.799	2022/05/19
2022/05/20	5.92	6.01	5.87	5.95	526.594	2022/05/20
2022/05/23	5.83	6.02	5.83	5.92	493.004	2022/05/23
2022/05/24	5.92	6.01	5.83	5.93	227.008	2022/05/24
2022/05/25	5.93	5.93	5.86	5.88	348.036	2022/05/25
2022/05/26	5.87	5.91	5.86	5.88	381.064	2022/05/26
2022/05/27	5.9	5.95	5.87	5.94	203.076	2022/05/27
2022/05/30	6.12	6.12	5.9	5.97	803.707	2022/05/30
2022/05/31	6.08	6.08	5.89	5.93	209.019	2022/05/31
2022/06/01	6.0	6.0	5.9	5.98	331.571	2022/06/01
2022/06/02	6.12	6.2	6.0	6.01	888.912	2022/06/02
2022/06/06	6.1	6.29	6.07	6.12	776.267	2022/06/06
2022/06/07	6.12	6.25	6.11	6.13	720.251	2022/06/07
2022/06/08	6.19	6.2	6.08	6.13	806.129	2022/06/08
2022/06/09	6.07	6.17	6.04	6.07	761.225	2022/06/09
2022/06/10	6.05	6.2	6.05	6.2	496.552	2022/06/10
2022/06/13	6.15	6.15	6.01	6.1	485.305	2022/06/13
2022/06/14	6.1	6.11	5.8	6.1	631.544	2022/06/14
2022/06/15	6.09	6.11	5.88	5.9	457.004	2022/06/15
2022/06/16	6.05	6.05	5.7	5.81	363.256	2022/06/16
2022/06/17	5.81	5.81	5.7	5.79	167.598	2022/06/17
2022/06/20	5.8	5.8	5.61	5.63	436.734	2022/06/20
2022/06/21	5.58	5.8	5.54	5.63	233.834	2022/06/21
2022/06/22	5.65	5.65	5.5	5.52	479.207	2022/06/22
2022/06/23	5.52	5.64	5.41	5.41	314.651	2022/06/23
2022/06/24	5.55	5.55	5.45	5.5	163.219	2022/06/24
2022/06/27	5.5	5.65	5.5	5.58	145.549	2022/06/27
2022/06/28	5.5	5.59	5.38	5.4	306.008	2022/06/28
2022/06/29	5.5	5.68	5.33	5.6	167.054	2022/06/29
2022/06/30	5.44	5.61	5.39	5.42	252.002	2022/06/30
2022/07/01	5.36	5.47	5.3	5.4	266.708	2022/07/01
2022/07/04	5.4	5.4	5.28	5.39	188.475	2022/07/04
2022/07/05	5.5	5.52	5.3	5.35	178.302	2022/07/05
2022/07/06	5.4	5.4	5.25	5.33	263.165	2022/07/06
2022/07/07	5.25	5.35	5.2	5.32	424.634	2022/07/07
2022/07/08	5.37	5.38	5.32	5.32	312.216	2022/07/08
2022/07/11	5.4	5.84	5.4	5.77	584.942	2022/07/11
2022/07/12	5.5	5.85	5.45	5.5	449.012	2022/07/12
2022/07/13	5.56	5.64	5.41	5.63	344.639	2022/07/13
2022/07/14	5.63	5.63	5.49	5.62	245.313	2022/07/14
2022/07/15	5.43	5.62	5.43	5.62	86.013	2022/07/15
2022/07/18	5.62	5.81	5.61	5.65	96.031	2022/07/18
2022/07/19	5.65	5.72	5.54	5.6	87.004	2022/07/19
2022/07/20	5.6	5.66	5.43	5.53	278.009	2022/07/20
2022/07/21	5.5	5.56	5.5	5.5	128.005	2022/07/21
2022/07/22	5.55	5.55	5.42	5.49	266.011	2022/07/22
2022/07/25	5.55	5.59	5.49	5.51	120.433	2022/07/25
2022/07/26	5.51	5.63	5.37	5.42	204.007	2022/07/26
2022/07/27	5.5	5.63	5.43	5.5	298.014	2022/07/27
2022/07/28	5.58	5.58	5.4	5.48	192.504	2022/07/28
2022/07/29	5.55	5.55	5.48	5.54	91.517	2022/07/29
2022/08/01	5.66	5.66	5.54	5.59	345.057	2022/08/01
2022/08/02	5.59	5.59	5.44	5.51	151.01	2022/08/02
2022/08/03	5.49	5.59	5.43	5.43	368.002	2022/08/03
2022/08/04	5.49	5.49	5.39	5.41	173.002	2022/08/04
2022/08/05	5.49	5.51	5.42	5.48	132.006	2022/08/05
2022/08/08	5.46	5.46	5.26	5.37	503.513	2022/08/08
2022/08/09	5.34	5.4	5.29	5.36	201.299	2022/08/09
2022/08/10	5.36	5.41	5.31	5.38	179.397	2022/08/10
2022/08/11	5.35	5.39	5.2	5.29	2128.209	2022/08/11
2022/08/12	5.32	5.38	5.23	5.3	377.425	2022/08/12
2022/08/15	5.21	5.29	5.2	5.21	301.012	2022/08/15
2022/08/16	5.21	5.26	5.15	5.18	299.484	2022/08/16
2022/08/17	5.17	5.2	5.07	5.1	1760.324	2022/08/17
2022/08/18	5.09	5.18	5.05	5.18	404.05	2022/08/18
2022/08/19	5.15	5.18	5.08	5.12	377.143	2022/08/19
2022/08/22	5.18	5.18	5.1	5.1	401.104	2022/08/22
2022/08/23	5.14	5.39	5.11	5.33	566.005	2022/08/23
2022/08/24	5.37	5.39	5.22	5.3	322.0	2022/08/24
2022/08/25	5.21	5.31	5.2	5.25	195.024	2022/08/25
2022/08/26	5.3	5.3	5.17	5.24	461.29	2022/08/26
2022/08/29	5.09	5.19	5.09	5.12	109.123	2022/08/29
2022/08/30	5.12	5.21	5.08	5.12	231.003	2022/08/30
2022/08/31	5.06	5.14	5.06	5.14	219.001	2022/08/31
2022/09/01	5.06	5.2	5.06	5.16	85.234	2022/09/01
2022/09/02	5.08	5.15	5.02	5.07	313.003	2022/09/02
2022/09/05	5.02	5.09	4.95	5.06	419.323	2022/09/05
2022/09/06	4.98	5.05	4.95	5.0	597.909	2022/09/06
2022/09/07	5.0	5.0	4.85	5.0	243.528	2022/09/07
2022/09/08	4.8	4.88	4.5	4.65	1981.483	2022/09/08
2022/09/12	4.41	4.73	4.35	4.4	1529.93	2022/09/12
2022/09/13	4.4	4.55	4.4	4.54	444.016	2022/09/13
2022/09/14	4.53	4.66	4.41	4.66	331.003	2022/09/14
2022/09/15	4.7	4.98	4.7	4.95	421.409	2022/09/15
2022/09/16	4.95	5.0	4.87	4.97	279.397	2022/09/16
2022/09/19	5.0	5.14	5.0	5.09	313.373	2022/09/19
2022/09/20	5.16	5.16	4.98	4.98	64.014	2022/09/20
2022/09/21	4.92	4.93	4.8	4.8	107.007	2022/09/21
2022/09/22	4.98	4.98	4.72	4.95	183.016	2022/09/22
2022/09/23	5.08	5.08	4.83	4.83	219.641	2022/09/23
2022/09/26	4.85	4.85	4.5	4.65	145.684	2022/09/26
2022/09/27	4.91	4.91	4.54	4.75	113.005	2022/09/27
2022/09/28	4.84	4.84	4.46	4.46	164.707	2022/09/28
2022/09/29	4.45	4.59	4.45	4.52	388.112	2022/09/29
2022/09/30	4.52	4.57	4.41	4.55	139.004	2022/09/30
2022/10/03	4.67	4.67	4.62	4.62	6.113	2022/10/03
2022/10/04	4.68	4.75	4.47	4.69	139.307	2022/10/04
2022/10/05	4.73	4.73	4.52	4.6	206.052	2022/10/05
2022/10/06	4.53	4.6	4.52	4.59	28.003	2022/10/06
2022/10/07	4.59	4.59	4.53	4.53	47.002	2022/10/07
2022/10/11	4.48	4.48	4.26	4.26	419.015	2022/10/11
2022/10/12	4.28	4.28	3.84	4.05	675.001	2022/10/12
2022/10/13	3.95	4.07	3.93	3.93	285.0	2022/10/13
2022/10/14	4.23	4.23	4.05	4.05	233.002	2022/10/14
2022/10/17	4.1	4.1	3.82	4.0	72.35	2022/10/17
2022/10/18	4.0	4.0	3.91	3.99	61.041	2022/10/18
2022/10/19	4.02	4.08	4.0	4.0	84.851	2022/10/19
2022/10/20	3.86	4.0	3.86	3.99	16.013	2022/10/20
2022/10/21	3.89	4.0	3.89	3.91	111.108	2022/10/21
2022/10/24	4.07	4.07	3.87	3.97	61.002	2022/10/24
2022/10/25	3.71	3.96	3.71	3.96	129.451	2022/10/25
2022/10/26	3.96	3.98	3.81	3.82	97.216	2022/10/26
2022/10/27	3.95	3.98	3.87	3.87	133.924	2022/10/27
2022/10/28	3.82	3.94	3.82	3.88	76.0	2022/10/28
2022/10/31	3.96	4.11	3.89	3.89	122.481	2022/10/31
2022/11/01	3.9	3.99	3.88	3.99	93.015	2022/11/01
2022/11/02	4.0	4.0	3.91	3.99	214.001	2022/11/02
2022/11/03	3.99	4.06	3.92	3.95	146.002	2022/11/03
2022/11/04	4.0	4.0	3.95	3.99	26.003	2022/11/04
2022/11/07	4.12	4.12	3.92	4.08	202.003	2022/11/07
2022/11/08	4.0	4.48	4.0	4.48	468.501	2022/11/08
2022/11/09	4.79	4.92	4.5	4.92	818.673	2022/11/09
2022/11/10	5.19	5.19	4.88	4.9	655.79	2022/11/10
2022/11/11	4.99	5.14	4.78	4.99	384.07	2022/11/11
2022/11/14	4.99	5.03	4.61	4.85	124.539	2022/11/14
2022/11/15	4.84	5.0	4.84	4.98	283.203	2022/11/15
2022/11/16	4.98	4.98	4.8	4.8	251.498	2022/11/16
2022/11/17	4.9	4.9	4.81	4.81	71.009	2022/11/17
2022/11/18	4.81	4.89	4.7	4.79	85.001	2022/11/18
2022/11/21	4.91	4.91	4.8	4.85	92.01	2022/11/21
2022/11/22	4.85	4.89	4.75	4.88	70.202	2022/11/22
2022/11/23	4.89	4.89	4.85	4.85	22.006	2022/11/23
2022/11/24	4.89	4.98	4.82	4.83	204.017	2022/11/24
2022/11/25	4.84	4.84	4.76	4.76	116.002	2022/11/25
2022/11/28	4.76	4.76	4.66	4.75	42.002	2022/11/28
2022/11/29	4.67	4.73	4.63	4.7	74.784	2022/11/29
2022/11/30	4.77	4.84	4.71	4.8	117.933	2022/11/30
2022/12/01	4.95	4.95	4.81	4.81	122.207	2022/12/01
2022/12/02	4.89	4.89	4.74	4.83	155.503	2022/12/02
2022/12/05	4.85	4.93	4.78	4.78	157.067	2022/12/05
2022/12/06	4.83	4.86	4.78	4.8	152.406	2022/12/06
2022/12/07	4.78	4.86	4.76	4.8	112.005	2022/12/07
2022/12/08	4.83	4.86	4.8	4.85	183.071	2022/12/08
2022/12/09	4.85	4.88	4.82	4.85	163.008	2022/12/09
2022/12/12	4.9	4.9	4.82	4.86	93.205	2022/12/12
2022/12/13	4.89	5.1	4.89	4.98	426.554	2022/12/13
2022/12/14	4.95	5.05	4.92	4.99	176.005	2022/12/14
2022/12/15	5.04	5.1	4.92	5.04	846.567	2022/12/15
2022/12/16	5.04	5.16	4.93	5.1	896.093	2022/12/16
2022/12/19	5.11	5.16	5.1	5.12	308.068	2022/12/19
2022/12/20	5.22	5.28	5.12	5.15	293.001	2022/12/20
2022/12/21	5.16	5.65	5.15	5.38	1043.144	2022/12/21
2022/12/22	5.19	5.43	5.15	5.3	241.485	2022/12/22
2022/12/23	5.12	5.33	5.12	5.26	171.108	2022/12/23
2022/12/26	5.16	5.3	5.16	5.22	184.305	2022/12/26
2022/12/27	5.22	5.3	5.06	5.18	896.007	2022/12/27
2022/12/28	5.11	5.11	5.0	5.07	524.003	2022/12/28
2022/12/29	5.07	5.07	4.91	5.06	240.125	2022/12/29
2022/12/30	4.96	5.11	4.96	4.99	262.014	2022/12/30
2023/01/03	4.92	5.0	4.92	4.92	343.0	2023/01/03
2023/01/04	5.08	5.08	4.91	5.01	148.204	2023/01/04
2023/01/05	5.13	5.13	4.98	4.98	58.107	2023/01/05
2023/01/06	5.0	5.0	4.93	4.93	32.202	2023/01/06
2023/01/09	4.93	5.29	4.93	5.0	349.004	2023/01/09
2023/01/10	4.96	5.16	4.93	5.1	285.211	2023/01/10
2023/01/11	5.1	5.12	5.0	5.08	62.099	2023/01/11
2023/01/12	5.14	5.14	5.09	5.09	12.014	2023/01/12
2023/01/13	5.1	5.1	4.95	5.0	160.007	2023/01/13
2023/01/16	5.0	5.0	4.91	4.98	130.297	2023/01/16
2023/01/17	5.0	5.0	4.95	4.99	27.011	2023/01/17
2023/01/30	5.16	5.16	4.92	4.93	302.096	2023/01/30
2023/01/31	5.03	5.03	5.0	5.0	128.413	2023/01/31
2023/02/01	5.01	5.09	4.92	5.05	204.068	2023/02/01
2023/02/02	5.05	5.06	4.97	5.0	799.02	2023/02/02
2023/02/03	5.0	5.05	4.95	5.02	136.119	2023/02/03
2023/02/06	5.02	5.11	5.02	5.04	827.119	2023/02/06
2023/02/07	5.25	5.35	5.13	5.24	523.57	2023/02/07
2023/02/08	5.19	5.28	5.06	5.21	382.116	2023/02/08
2023/02/09	5.24	5.25	5.16	5.23	217.024	2023/02/09
2023/02/10	5.28	5.28	5.2	5.23	205.473	2023/02/10
2023/02/13	5.3	5.3	5.21	5.21	186.72	2023/02/13
2023/02/14	5.38	5.38	5.2	5.21	288.134	2023/02/14
2023/02/15	5.22	5.27	5.2	5.24	401.105	2023/02/15
2023/02/16	5.3	5.3	5.22	5.25	225.214	2023/02/16
2023/02/17	5.27	5.77	5.24	5.55	933.073	2023/02/17
2023/02/20	5.51	5.85	5.51	5.68	847.745	2023/02/20
2023/02/21	5.85	5.93	5.65	5.73	411.267	2023/02/21
2023/02/22	5.56	5.85	5.55	5.83	734.013	2023/02/22
2023/02/23	5.83	5.85	5.72	5.76	404.217	2023/02/23
2023/02/24	5.71	5.79	5.6	5.77	535.341	2023/02/24
2023/03/01	5.77	5.83	5.72	5.73	369.143	2023/03/01
2023/03/02	5.86	5.86	5.61	5.75	331.137	2023/03/02
2023/03/03	5.77	5.8	5.62	5.8	1191.452	2023/03/03
2023/03/06	5.8	5.83	5.74	5.76	1229.329	2023/03/06
2023/03/07	5.82	5.82	5.72	5.77	641.141	2023/03/07
2023/03/08	5.71	5.85	5.71	5.78	714.282	2023/03/08
2023/03/09	5.75	5.84	5.75	5.78	510.522	2023/03/09
2023/03/10	5.61	5.89	5.55	5.75	502.025	2023/03/10
2023/03/13	5.84	5.84	5.64	5.8	166.894	2023/03/13
2023/03/14	5.75	5.83	5.72	5.72	275.264	2023/03/14
2023/03/15	5.89	5.89	5.72	5.77	302.14	2023/03/15
2023/03/16	5.8	5.8	5.67	5.77	443.514	2023/03/16
2023/03/17	5.83	5.83	5.7	5.7	519.02	2023/03/17
2023/03/20	5.73	5.75	5.69	5.69	467.843	2023/03/20
2023/03/21	5.7	5.7	5.62	5.68	202.922	2023/03/21
2023/03/22	5.68	5.68	5.66	5.67	117.266	2023/03/22
2023/03/23	5.66	5.66	5.61	5.63	218.44	2023/03/23
2023/03/24	5.63	5.65	5.56	5.57	229.438	2023/03/24
2023/03/27	5.56	5.74	5.43	5.68	475.077	2023/03/27
2023/03/28	5.62	5.78	5.62	5.73	273.108	2023/03/28
2023/03/29	5.7	5.73	5.68	5.69	242.306	2023/03/29
2023/03/30	5.58	5.72	5.58	5.64	423.109	2023/03/30
2023/03/31	5.52	5.64	5.52	5.62	407.3	2023/03/31
2023/04/06	5.48	5.7	5.47	5.5	635.097	2023/04/06
2023/04/07	5.5	5.58	5.4	5.5	363.088	2023/04/07
