Date	Open	High	Low	Close	Volume	Date
2020/01/13 	40.52000045776367	49.29999923706055	38.0	38.400001525878906	724838	2020/01/13 
2020/01/14 	38.95000076293945	38.95000076293945	37.04999923706055	37.29999923706055	408821	2020/01/14 
2020/01/15 	37.529998779296875	37.529998779296875	36.209999084472656	36.9900016784668	402933	2020/01/15 
2020/01/16 	36.849998474121094	38.29999923706055	36.79999923706055	38.0	310020	2020/01/16 
2020/01/17 	38.0	40.099998474121094	37.849998474121094	39.04999923706055	261421	2020/01/17 
2020/01/20 	39.849998474121094	41.400001525878906	39.709999084472656	40.599998474121094	515752	2020/01/20 
2020/01/30 	40.95000076293945	40.599998474121094	39.0	39.5	503833	2020/01/30 
2020/01/31 	39.7400016784668	40.0	39.400001525878906	40.0	146197	2020/01/31 
2020/02/03 	39.79999923706055	39.900001525878906	39.0	39.310001373291016	103000	2020/02/03 
2020/02/04 	39.79999923706055	39.79999923706055	39.150001525878906	39.689998626708984	95250	2020/02/04 
2020/02/05 	39.599998474121094	40.0	39.5099983215332	39.650001525878906	68869	2020/02/05 
2020/02/06 	39.599998474121094	39.70000076293945	39.310001373291016	39.5	122883	2020/02/06 
2020/02/07 	39.400001525878906	39.5	39.20000076293945	39.5	94219	2020/02/07 
2020/02/10 	39.25	39.400001525878906	39.0	39.20000076293945	150133	2020/02/10 
2020/02/11 	39.400001525878906	39.5	39.099998474121094	39.25	83001	2020/02/11 
2020/02/12 	39.25	39.45000076293945	39.150001525878906	39.349998474121094	50667	2020/02/12 
2020/02/13 	39.5	39.75	39.33000183105469	39.650001525878906	99000	2020/02/13 
2020/02/14 	39.599998474121094	39.72999954223633	39.45000076293945	39.599998474121094	79000	2020/02/14 
2020/02/17 	39.70000076293945	39.70000076293945	39.150001525878906	39.41999816894531	154390	2020/02/17 
2020/02/18 	39.45000076293945	39.58000183105469	39.25	39.29999923706055	77367	2020/02/18 
2020/02/19 	39.45000076293945	39.45000076293945	39.15999984741211	39.400001525878906	44678	2020/02/19 
2020/02/20 	39.70000076293945	40.0	39.5	39.599998474121094	116000	2020/02/20 
2020/02/21 	39.70000076293945	40.0	39.5	39.599998474121094	116000	2020/02/21 
2020/02/24 	39.5099983215332	39.77000045776367	39.45000076293945	39.7400016784668	46297	2020/02/24 
2020/02/25 	39.459999084472656	39.63999938964844	39.349998474121094	39.599998474121094	118467	2020/02/25 
2020/02/26 	39.52000045776367	39.63999938964844	39.349998474121094	39.400001525878906	60000	2020/02/26 
2020/02/27 	39.54999923706055	39.599998474121094	39.29999923706055	39.45000076293945	124343	2020/02/27 
2020/03/02 	39.209999084472656	39.5	39.209999084472656	39.5	42900	2020/03/02 
2020/03/03 	39.5	39.54999923706055	39.29999923706055	39.400001525878906	89724	2020/03/03 
2020/03/04 	39.290000915527344	39.75	39.290000915527344	39.400001525878906	116000	2020/03/04 
2020/03/05 	39.36000061035156	39.70000076293945	39.36000061035156	39.630001068115234	72500	2020/03/05 
2020/03/06 	39.54999923706055	39.63999938964844	39.400001525878906	39.400001525878906	24100	2020/03/06 
2020/03/09 	39.380001068115234	39.4900016784668	39.20000076293945	39.349998474121094	110593	2020/03/09 
2020/03/10 	39.38999938964844	39.5	39.04999923706055	39.25	124000	2020/03/10 
2020/03/11 	39.38999938964844	39.5	39.04999923706055	39.11000061035156	131000	2020/03/11 
2020/03/12 	39.08000183105469	39.099998474121094	37.369998931884766	37.88999938964844	165737	2020/03/12 
2020/03/13 	37.88999938964844	37.88999938964844	37.88999938964844	37.88999938964844	0	2020/03/13 
2020/03/16 	35.209999084472656	35.79999923706055	34.900001525878906	35.29999923706055	165546	2020/03/16 
2020/03/17 	35.0	35.119998931884766	34.29999923706055	34.59000015258789	134000	2020/03/17 
2020/03/18 	34.59000015258789	34.59000015258789	34.59000015258789	34.59000015258789	0	2020/03/18 
2020/03/19 	32.0	32.0	29.899999618530273	30.40999984741211	390721	2020/03/19 
2020/03/20 	30.5	32.45000076293945	30.360000610351562	32.0099983215332	100565	2020/03/20 
2020/03/23 	31.5	31.799999237060547	30.850000381469727	31.100000381469727	48103	2020/03/23 
2020/03/24 	31.799999237060547	33.099998474121094	31.799999237060547	32.70000076293945	93160	2020/03/24 
2020/03/25 	32.5	33.5	32.5	32.5	67490	2020/03/25 
2020/03/26 	32.79999923706055	32.79999923706055	32.5	32.70000076293945	21020	2020/03/26 
2020/03/27 	32.849998474121094	35.0	32.849998474121094	34.04999923706055	88000	2020/03/27 
2020/03/30 	34.04999923706055	34.04999923706055	34.04999923706055	34.04999923706055	0	2020/03/30 
2020/03/31 	34.04999923706055	34.04999923706055	34.04999923706055	34.04999923706055	0	2020/03/31 
2020/04/01 	34.04999923706055	34.04999923706055	34.04999923706055	34.04999923706055	0	2020/04/01 
2020/04/06 	32.849998474121094	32.900001525878906	32.5	32.900001525878906	19090	2020/04/06 
2020/04/07 	32.900001525878906	33.45000076293945	32.849998474121094	33.400001525878906	39040	2020/04/07 
2020/04/08 	33.45000076293945	34.29999923706055	33.45000076293945	33.900001525878906	66370	2020/04/08 
2020/04/09 	33.900001525878906	34.150001525878906	33.849998474121094	34.099998474121094	43190	2020/04/09 
2020/04/10 	34.099998474121094	35.150001525878906	34.04999923706055	34.599998474121094	78370	2020/04/10 
2020/04/13 	34.79999923706055	35.0	34.5	34.70000076293945	48070	2020/04/13 
2020/04/14 	34.650001525878906	34.900001525878906	34.5	34.900001525878906	80520	2020/04/14 
2020/04/15 	34.900001525878906	35.04999923706055	34.75	35.04999923706055	79110	2020/04/15 
2020/04/16 	35.349998474121094	35.349998474121094	34.849998474121094	35.150001525878906	121110	2020/04/16 
2020/04/17 	35.150001525878906	36.25	35.150001525878906	35.599998474121094	190560	2020/04/17 
2020/04/20 	35.54999923706055	35.54999923706055	35.150001525878906	35.20000076293945	39120	2020/04/20 
2020/04/21 	35.650001525878906	35.650001525878906	34.70000076293945	35.0	75050	2020/04/21 
2020/04/22 	35.099998474121094	35.099998474121094	34.599998474121094	34.70000076293945	58050	2020/04/22 
2020/04/23 	34.70000076293945	34.70000076293945	34.70000076293945	34.70000076293945	0	2020/04/23 
2020/04/24 	34.70000076293945	34.70000076293945	34.70000076293945	34.70000076293945	0	2020/04/24 
2020/04/27 	34.70000076293945	34.70000076293945	34.70000076293945	34.70000076293945	0	2020/04/27 
2020/04/28 	34.70000076293945	34.70000076293945	34.70000076293945	34.70000076293945	0	2020/04/28 
2020/04/29 	34.70000076293945	34.70000076293945	34.70000076293945	34.70000076293945	0	2020/04/29 
2020/04/30 	34.70000076293945	34.70000076293945	34.70000076293945	34.70000076293945	0	2020/04/30 
2020/05/04 	34.70000076293945	34.70000076293945	34.70000076293945	34.70000076293945	0	2020/05/04 
2020/05/05 	34.70000076293945	34.70000076293945	34.70000076293945	34.70000076293945	0	2020/05/05 
2020/05/06 	34.70000076293945	34.70000076293945	34.70000076293945	34.70000076293945	0	2020/05/06 
2020/05/07 	34.70000076293945	34.70000076293945	34.70000076293945	34.70000076293945	0	2020/05/07 
2020/05/08 	34.70000076293945	34.70000076293945	34.70000076293945	34.70000076293945	0	2020/05/08 
2020/05/11 	34.70000076293945	34.70000076293945	34.70000076293945	34.70000076293945	0	2020/05/11 
2020/05/12 	34.70000076293945	34.70000076293945	34.70000076293945	34.70000076293945	0	2020/05/12 
2020/05/13 	34.70000076293945	34.70000076293945	34.70000076293945	34.70000076293945	0	2020/05/13 
2020/05/14 	34.70000076293945	34.70000076293945	34.70000076293945	34.70000076293945	0	2020/05/14 
2020/05/15 	34.70000076293945	34.70000076293945	34.70000076293945	34.70000076293945	0	2020/05/15 
2020/05/18 	34.70000076293945	34.70000076293945	34.70000076293945	34.70000076293945	0	2020/05/18 
2020/05/19 	34.70000076293945	34.70000076293945	34.70000076293945	34.70000076293945	0	2020/05/19 
2020/05/20 	34.70000076293945	34.70000076293945	34.70000076293945	34.70000076293945	0	2020/05/20 
2020/05/21 	34.70000076293945	34.70000076293945	34.70000076293945	34.70000076293945	0	2020/05/21 
2020/05/22 	34.70000076293945	34.70000076293945	34.70000076293945	34.70000076293945	0	2020/05/22 
2020/05/25 	34.70000076293945	34.70000076293945	34.70000076293945	34.70000076293945	0	2020/05/25 
2020/05/26 	34.70000076293945	34.70000076293945	34.70000076293945	34.70000076293945	0	2020/05/26 
2020/05/27 	34.70000076293945	34.70000076293945	34.70000076293945	34.70000076293945	0	2020/05/27 
2020/05/28 	34.70000076293945	34.70000076293945	34.70000076293945	34.70000076293945	0	2020/05/28 
2020/05/29 	34.70000076293945	34.70000076293945	34.70000076293945	34.70000076293945	0	2020/05/29 
2020/06/01 	34.70000076293945	34.70000076293945	34.70000076293945	34.70000076293945	0	2020/06/01 
2020/06/02 	34.70000076293945	34.70000076293945	34.70000076293945	34.70000076293945	0	2020/06/02 
2020/06/03 	34.70000076293945	34.70000076293945	34.70000076293945	34.70000076293945	0	2020/06/03 
2020/06/04 	34.70000076293945	34.70000076293945	34.70000076293945	34.70000076293945	0	2020/06/04 
2020/06/05 	34.70000076293945	34.70000076293945	34.70000076293945	34.70000076293945	0	2020/06/05 
2020/06/08 	34.70000076293945	34.70000076293945	34.70000076293945	34.70000076293945	0	2020/06/08 
2020/06/09 	34.70000076293945	34.70000076293945	34.70000076293945	34.70000076293945	0	2020/06/09 
2020/06/10 	34.70000076293945	34.70000076293945	34.70000076293945	34.70000076293945	0	2020/06/10 
2020/06/11 	34.70000076293945	34.70000076293945	34.70000076293945	34.70000076293945	0	2020/06/11 
2020/06/12 	34.70000076293945	34.70000076293945	34.70000076293945	34.70000076293945	0	2020/06/12 
2020/06/15 	34.70000076293945	34.70000076293945	34.70000076293945	34.70000076293945	0	2020/06/15 
2020/06/16 	34.70000076293945	34.70000076293945	34.70000076293945	34.70000076293945	0	2020/06/16 
2020/06/17 	34.70000076293945	34.70000076293945	34.70000076293945	34.70000076293945	0	2020/06/17 
2020/06/18 	34.70000076293945	34.70000076293945	34.70000076293945	34.70000076293945	0	2020/06/18 
2020/06/19 	34.70000076293945	34.70000076293945	34.70000076293945	34.70000076293945	0	2020/06/19 
2020/06/22 	34.70000076293945	34.70000076293945	34.70000076293945	34.70000076293945	0	2020/06/22 
2020/06/23 	34.70000076293945	34.70000076293945	34.70000076293945	34.70000076293945	0	2020/06/23 
2020/06/24 	34.70000076293945	34.70000076293945	34.70000076293945	34.70000076293945	0	2020/06/24 
2020/06/29 	34.70000076293945	34.70000076293945	34.70000076293945	34.70000076293945	0	2020/06/29 
2020/06/30 	34.70000076293945	34.70000076293945	34.70000076293945	34.70000076293945	0	2020/06/30 
2020/07/01 	34.70000076293945	34.70000076293945	34.70000076293945	34.70000076293945	0	2020/07/01 
2020/07/02 	34.70000076293945	34.70000076293945	34.70000076293945	34.70000076293945	0	2020/07/02 
2020/07/03 	34.70000076293945	34.70000076293945	34.70000076293945	34.70000076293945	0	2020/07/03 
2020/07/06 	34.70000076293945	34.70000076293945	34.70000076293945	34.70000076293945	0	2020/07/06 
2020/07/07 	34.70000076293945	34.70000076293945	34.70000076293945	34.70000076293945	0	2020/07/07 
2020/07/08 	34.70000076293945	34.70000076293945	34.70000076293945	34.70000076293945	0	2020/07/08 
2020/07/09 	34.70000076293945	34.70000076293945	34.70000076293945	34.70000076293945	0	2020/07/09 
2020/07/10 	34.70000076293945	34.70000076293945	34.70000076293945	34.70000076293945	0	2020/07/10 
2020/07/13 	34.70000076293945	34.70000076293945	34.70000076293945	34.70000076293945	0	2020/07/13 
2020/07/14 	34.70000076293945	34.70000076293945	34.70000076293945	34.70000076293945	0	2020/07/14 
2020/07/15 	34.70000076293945	34.70000076293945	34.70000076293945	34.70000076293945	0	2020/07/15 
2020/07/16 	34.70000076293945	34.70000076293945	34.70000076293945	34.70000076293945	0	2020/07/16 
2020/07/17 	34.70000076293945	34.70000076293945	34.70000076293945	34.70000076293945	0	2020/07/17 
2020/07/20 	34.70000076293945	34.70000076293945	34.70000076293945	34.70000076293945	0	2020/07/20 
2020/07/21 	34.70000076293945	34.70000076293945	34.70000076293945	34.70000076293945	0	2020/07/21 
2020/07/22 	34.70000076293945	34.70000076293945	34.70000076293945	34.70000076293945	0	2020/07/22 
2020/07/23 	34.70000076293945	34.70000076293945	34.70000076293945	34.70000076293945	0	2020/07/23 
2020/07/24 	34.70000076293945	34.70000076293945	34.70000076293945	34.70000076293945	0	2020/07/24 
2020/07/27 	40.75	41.20000076293945	40.0	40.5	62375	2020/07/27 
2020/07/28 	40.75	40.75	40.150001525878906	40.45000076293945	35815	2020/07/28 
2020/07/29 	40.150001525878906	40.650001525878906	40.150001525878906	40.5	31310	2020/07/29 
2020/07/30 	40.95000076293945	41.349998474121094	40.650001525878906	41.349998474121094	51035	2020/07/30 
2020/07/31 	41.349998474121094	41.70000076293945	41.20000076293945	41.650001525878906	51046	2020/07/31 
2020/08/03 	41.70000076293945	41.900001525878906	41.5	41.849998474121094	37640	2020/08/03 
2020/08/04 	41.0	41.5	40.0	40.79999923706055	87745	2020/08/04 
2020/08/05 	41.0	41.650001525878906	41.0	41.20000076293945	56376	2020/08/05 
2020/08/06 	41.29999923706055	41.599998474121094	41.25	41.400001525878906	23382	2020/08/06 
2020/08/07 	41.45000076293945	41.54999923706055	41.20000076293945	41.400001525878906	33200	2020/08/07 
2020/08/10 	41.5	41.5	41.20000076293945	41.20000076293945	11505	2020/08/10 
2020/08/11 	41.099998474121094	41.349998474121094	41.04999923706055	41.25	43300	2020/08/11 
2020/08/12 	41.20000076293945	41.20000076293945	41.0	41.0	39000	2020/08/12 
2020/08/13 	41.150001525878906	41.150001525878906	40.849998474121094	40.900001525878906	88300	2020/08/13 
2020/08/14 	40.849998474121094	41.150001525878906	40.849998474121094	41.0	52000	2020/08/14 
2020/08/17 	40.849998474121094	41.099998474121094	40.70000076293945	40.75	118305	2020/08/17 
2020/08/18 	41.099998474121094	41.29999923706055	40.95000076293945	41.04999923706055	54045	2020/08/18 
2020/08/19 	41.29999923706055	41.95000076293945	41.150001525878906	41.70000076293945	174540	2020/08/19 
2020/08/20 	41.45000076293945	42.04999923706055	41.45000076293945	41.70000076293945	201065	2020/08/20 
2020/08/21 	41.900001525878906	42.0	41.54999923706055	41.95000076293945	135418	2020/08/21 
2020/08/24 	41.95000076293945	42.0	41.650001525878906	41.849998474121094	79998	2020/08/24 
2020/08/25 	41.95000076293945	43.599998474121094	41.849998474121094	43.29999923706055	402709	2020/08/25 
2020/08/26 	43.349998474121094	43.5	42.95000076293945	43.29999923706055	156595	2020/08/26 
2020/08/27 	43.349998474121094	43.400001525878906	43.04999923706055	43.04999923706055	73520	2020/08/27 
2020/08/28 	43.25	43.349998474121094	43.150001525878906	43.150001525878906	70510	2020/08/28 
2020/08/31 	43.349998474121094	44.04999923706055	43.349998474121094	43.599998474121094	191722	2020/08/31 
2020/09/01 	43.599998474121094	43.79999923706055	43.29999923706055	43.349998474121094	85830	2020/09/01 
2020/09/02 	43.54999923706055	43.599998474121094	43.20000076293945	43.25	64410	2020/09/02 
2020/09/03 	43.349998474121094	43.54999923706055	43.20000076293945	43.400001525878906	55961	2020/09/03 
2020/09/04 	43.20000076293945	43.349998474121094	43.099998474121094	43.20000076293945	47000	2020/09/04 
2020/09/07 	43.400001525878906	44.25	43.400001525878906	44.099998474121094	266120	2020/09/07 
2020/09/08 	44.45000076293945	46.29999923706055	44.349998474121094	46.150001525878906	373333	2020/09/08 
2020/09/09 	46.25	46.29999923706055	45.70000076293945	46.0	190779	2020/09/09 
2020/09/10 	46.099998474121094	46.45000076293945	45.95000076293945	46.150001525878906	52166	2020/09/10 
2020/09/11 	45.849998474121094	47.95000076293945	45.79999923706055	47.650001525878906	427914	2020/09/11 
2020/09/14 	47.400001525878906	48.79999923706055	47.400001525878906	48.650001525878906	467248	2020/09/14 
2020/09/15 	49.0	49.29999923706055	48.5	48.75	230300	2020/09/15 
2020/09/16 	48.95000076293945	49.150001525878906	48.70000076293945	48.900001525878906	338738	2020/09/16 
2020/09/17 	48.95000076293945	49.04999923706055	48.79999923706055	49.0	61001	2020/09/17 
2020/09/18 	48.79999923706055	49.04999923706055	48.70000076293945	48.95000076293945	110822	2020/09/18 
2020/09/21 	48.900001525878906	49.0	48.75	48.900001525878906	119000	2020/09/21 
2020/09/22 	48.95000076293945	48.95000076293945	48.349998474121094	48.75	115300	2020/09/22 
2020/09/23 	48.5	48.75	48.20000076293945	48.400001525878906	122400	2020/09/23 
2020/09/24 	48.20000076293945	48.29999923706055	45.099998474121094	45.849998474121094	282011	2020/09/24 
2020/09/25 	46.04999923706055	46.29999923706055	45.400001525878906	45.54999923706055	134606	2020/09/25 
2020/09/28 	46.349998474121094	46.349998474121094	45.849998474121094	46.099998474121094	60010	2020/09/28 
2020/09/29 	45.849998474121094	46.099998474121094	45.70000076293945	45.900001525878906	38050	2020/09/29 
2020/09/30 	45.650001525878906	45.900001525878906	45.599998474121094	45.75	31632	2020/09/30 
2020/10/05 	45.54999923706055	46.150001525878906	45.54999923706055	46.0	80005	2020/10/05 
2020/10/06 	46.0	46.599998474121094	46.0	46.29999923706055	53038	2020/10/06 
2020/10/07 	46.45000076293945	47.20000076293945	46.400001525878906	46.900001525878906	123600	2020/10/07 
2020/10/08 	47.20000076293945	47.599998474121094	47.150001525878906	47.54999923706055	145006	2020/10/08 
2020/10/12 	47.650001525878906	48.900001525878906	47.599998474121094	47.599998474121094	104310	2020/10/12 
2020/10/13 	47.54999923706055	47.650001525878906	47.25	47.5	85710	2020/10/13 
2020/10/14 	47.20000076293945	47.29999923706055	46.79999923706055	46.95000076293945	52650	2020/10/14 
2020/10/15 	47.099998474121094	47.099998474121094	46.70000076293945	46.900001525878906	42580	2020/10/15 
2020/10/16 	46.650001525878906	46.849998474121094	46.54999923706055	46.54999923706055	37230	2020/10/16 
2020/10/19 	46.5	46.900001525878906	46.45000076293945	46.599998474121094	29500	2020/10/19 
2020/10/20 	46.75	46.900001525878906	46.400001525878906	46.54999923706055	31500	2020/10/20 
2020/10/21 	46.79999923706055	47.0	46.45000076293945	46.599998474121094	67600	2020/10/21 
2020/10/22 	46.45000076293945	46.599998474121094	46.25	46.45000076293945	21100	2020/10/22 
2020/10/23 	46.25	46.45000076293945	46.20000076293945	46.45000076293945	11016	2020/10/23 
2020/10/26 	46.54999923706055	46.54999923706055	46.20000076293945	46.25	61100	2020/10/26 
2020/10/27 	46.20000076293945	46.20000076293945	46.0	46.0	57102	2020/10/27 
2020/10/28 	45.95000076293945	46.04999923706055	45.849998474121094	45.900001525878906	29100	2020/10/28 
2020/10/29 	45.849998474121094	46.0	45.349998474121094	45.5	43500	2020/10/29 
2020/10/30 	45.400001525878906	45.599998474121094	45.349998474121094	45.5	65100	2020/10/30 
2020/11/02 	45.29999923706055	45.650001525878906	45.25	45.599998474121094	49012	2020/11/02 
2020/11/03 	45.650001525878906	45.650001525878906	45.349998474121094	45.54999923706055	16015	2020/11/03 
2020/11/04 	45.54999923706055	45.54999923706055	45.29999923706055	45.5	51735	2020/11/04 
2020/11/05 	45.5	45.5	45.25	45.400001525878906	53546	2020/11/05 
2020/11/06 	45.349998474121094	45.45000076293945	45.20000076293945	45.349998474121094	42000	2020/11/06 
2020/11/09 	45.54999923706055	45.54999923706055	45.04999923706055	45.29999923706055	66000	2020/11/09 
2020/11/10 	45.400001525878906	45.400001525878906	45.150001525878906	45.400001525878906	14000	2020/11/10 
2020/11/11 	45.400001525878906	45.45000076293945	44.95000076293945	45.29999923706055	31700	2020/11/11 
2020/11/12 	45.04999923706055	45.20000076293945	44.0	44.849998474121094	228874	2020/11/12 
2020/11/13 	45.0	45.0	45.0	45.0	10000	2020/11/13 
2020/11/16 	45.349998474121094	45.400001525878906	44.849998474121094	45.29999923706055	34145	2020/11/16 
2020/11/17 	45.29999923706055	45.95000076293945	45.0	45.20000076293945	149560	2020/11/17 
2020/11/18 	45.29999923706055	45.29999923706055	45.04999923706055	45.20000076293945	37000	2020/11/18 
2020/11/19 	44.900001525878906	45.099998474121094	44.900001525878906	45.0	13000	2020/11/19 
2020/11/20 	44.849998474121094	45.04999923706055	44.79999923706055	45.04999923706055	28200	2020/11/20 
2020/11/23 	45.04999923706055	45.04999923706055	44.75	44.79999923706055	62502	2020/11/23 
2020/11/24 	45.04999923706055	45.04999923706055	44.79999923706055	45.0	59000	2020/11/24 
2020/11/25 	44.849998474121094	44.900001525878906	44.5	44.599998474121094	82000	2020/11/25 
2020/11/26 	44.650001525878906	44.70000076293945	44.349998474121094	44.70000076293945	35000	2020/11/26 
2020/11/27 	44.70000076293945	44.95000076293945	44.70000076293945	44.75	7000	2020/11/27 
2020/11/30 	44.95000076293945	45.20000076293945	44.900001525878906	45.20000076293945	67080	2020/11/30 
2020/12/01 	45.04999923706055	45.20000076293945	45.0	45.150001525878906	51755	2020/12/01 
2020/12/02 	45.20000076293945	45.45000076293945	45.099998474121094	45.20000076293945	43750	2020/12/02 
2020/12/03 	45.25	45.5	45.25	45.25	70500	2020/12/03 
2020/12/04 	45.25	45.349998474121094	45.04999923706055	45.29999923706055	86549	2020/12/04 
2020/12/07 	45.349998474121094	45.349998474121094	45.0	45.0	49000	2020/12/07 
2020/12/08 	45.0	45.04999923706055	44.900001525878906	45.04999923706055	30751	2020/12/08 
2020/12/09 	45.0	45.099998474121094	44.849998474121094	45.0	49700	2020/12/09 
2020/12/10 	44.849998474121094	45.150001525878906	44.79999923706055	45.0	73300	2020/12/10 
2020/12/11 	45.20000076293945	45.20000076293945	44.5	45.099998474121094	67639	2020/12/11 
2020/12/14 	45.099998474121094	45.099998474121094	44.79999923706055	44.849998474121094	82700	2020/12/14 
2020/12/15 	45.0	45.04999923706055	44.75	44.95000076293945	67847	2020/12/15 
2020/12/16 	44.95000076293945	46.25	44.75	46.099998474121094	208960	2020/12/16 
2020/12/17 	46.650001525878906	46.70000076293945	45.900001525878906	46.0	146605	2020/12/17 
2020/12/18 	45.900001525878906	46.0	45.5	45.5	112355	2020/12/18 
2020/12/21 	45.900001525878906	47.45000076293945	45.79999923706055	47.150001525878906	406881	2020/12/21 
2020/12/22 	47.0	49.20000076293945	46.5	46.70000076293945	693315	2020/12/22 
2020/12/23 	46.75	47.5	46.650001525878906	46.650001525878906	170075	2020/12/23 
2020/12/24 	46.79999923706055	47.349998474121094	46.79999923706055	46.79999923706055	128697	2020/12/24 
2020/12/25 	46.650001525878906	46.79999923706055	46.5	46.650001525878906	121200	2020/12/25 
2020/12/28 	46.5	46.70000076293945	46.099998474121094	46.20000076293945	189460	2020/12/28 
2020/12/29 	46.099998474121094	46.349998474121094	46.0	46.29999923706055	132965	2020/12/29 
2020/12/30 	46.29999923706055	46.5	45.95000076293945	46.150001525878906	188923	2020/12/30 
2020/12/31 	46.0	46.29999923706055	45.849998474121094	46.29999923706055	102250	2020/12/31 
2021/01/04 	46.25	47.54999923706055	46.04999923706055	47.099998474121094	230055	2021/01/04 
2021/01/05 	47.0	47.20000076293945	46.45000076293945	46.599998474121094	217600	2021/01/05 
2021/01/06 	46.79999923706055	46.79999923706055	45.849998474121094	46.0	220275	2021/01/06 
2021/01/07 	46.150001525878906	46.45000076293945	46.0	46.099998474121094	93610	2021/01/07 
2021/01/08 	46.099998474121094	46.150001525878906	45.75	45.900001525878906	72852	2021/01/08 
2021/01/11 	45.849998474121094	45.849998474121094	45.150001525878906	45.650001525878906	129753	2021/01/11 
2021/01/12 	45.150001525878906	45.599998474121094	44.79999923706055	45.099998474121094	103285	2021/01/12 
2021/01/13 	45.29999923706055	45.45000076293945	44.79999923706055	45.099998474121094	67460	2021/01/13 
2021/01/14 	45.099998474121094	47.150001525878906	45.04999923706055	46.900001525878906	188971	2021/01/14 
2021/01/15 	46.95000076293945	47.349998474121094	46.20000076293945	46.70000076293945	270946	2021/01/15 
2021/01/18 	46.650001525878906	46.650001525878906	45.900001525878906	46.099998474121094	120370	2021/01/18 
2021/01/19 	46.25	46.349998474121094	45.849998474121094	46.25	84215	2021/01/19 
2021/01/20 	46.099998474121094	46.25	45.599998474121094	46.0	90150	2021/01/20 
2021/01/21 	46.0	46.25	45.79999923706055	46.0	117497	2021/01/21 
2021/01/22 	46.0	46.45000076293945	45.599998474121094	46.0	110400	2021/01/22 
2021/01/25 	46.0	46.099998474121094	45.650001525878906	45.95000076293945	85300	2021/01/25 
2021/01/26 	45.70000076293945	45.75	45.04999923706055	45.54999923706055	294955	2021/01/26 
2021/01/27 	45.54999923706055	45.54999923706055	44.79999923706055	45.04999923706055	179687	2021/01/27 
2021/01/28 	45.04999923706055	45.04999923706055	44.349998474121094	44.349998474121094	149208	2021/01/28 
2021/01/29 	44.5	44.599998474121094	44.25	44.54999923706055	117750	2021/01/29 
2021/02/01 	44.54999923706055	44.54999923706055	43.900001525878906	44.5	81433	2021/02/01 
2021/02/02 	44.5	44.599998474121094	44.150001525878906	44.5	63730	2021/02/02 
2021/02/03 	44.599998474121094	44.650001525878906	44.04999923706055	44.349998474121094	63950	2021/02/03 
2021/02/04 	44.95000076293945	44.95000076293945	44.0	44.5	40500	2021/02/04 
2021/02/05 	44.599998474121094	46.20000076293945	44.400001525878906	45.70000076293945	193201	2021/02/05 
2021/02/17 	46.150001525878906	46.650001525878906	45.5	45.900001525878906	110199	2021/02/17 
2021/02/18 	46.25	46.5	45.45000076293945	46.099998474121094	160767	2021/02/18 
2021/02/19 	46.25	46.599998474121094	46.0	46.599998474121094	107320	2021/02/19 
2021/02/22 	46.599998474121094	47.95000076293945	46.150001525878906	46.650001525878906	409855	2021/02/22 
2021/02/23 	46.650001525878906	47.04999923706055	46.25	47.0	391980	2021/02/23 
2021/02/24 	47.099998474121094	49.0	47.0	48.599998474121094	735560	2021/02/24 
2021/02/25 	48.599998474121094	51.70000076293945	48.400001525878906	51.5	1464397	2021/02/25 
2021/02/26 	52.099998474121094	54.20000076293945	50.599998474121094	53.70000076293945	1462917	2021/02/26 
2021/03/02 	53.79999923706055	56.79999923706055	53.79999923706055	56.5	1557136	2021/03/02 
2021/03/03 	56.900001525878906	60.29999923706055	56.20000076293945	59.79999923706055	2106679	2021/03/03 
2021/03/04 	60.5	61.400001525878906	56.0	58.0	1734360	2021/03/04 
2021/03/05 	58.0	58.0	55.099998474121094	56.5	674880	2021/03/05 
2021/03/08 	56.79999923706055	57.79999923706055	55.599998474121094	55.79999923706055	394481	2021/03/08 
2021/03/09 	56.099998474121094	57.099998474121094	55.79999923706055	56.20000076293945	329181	2021/03/09 
2021/03/10 	57.0	58.0	56.20000076293945	56.400001525878906	817758	2021/03/10 
2021/03/11 	56.599998474121094	57.29999923706055	55.29999923706055	56.0	817990	2021/03/11 
2021/03/12 	55.599998474121094	56.20000076293945	54.900001525878906	55.400001525878906	368670	2021/03/12 
2021/03/15 	55.900001525878906	57.20000076293945	54.79999923706055	56.79999923706055	341856	2021/03/15 
2021/03/16 	56.599998474121094	57.0	56.099998474121094	56.099998474121094	148392	2021/03/16 
2021/03/17 	56.5	56.5	55.79999923706055	55.79999923706055	184833	2021/03/17 
2021/03/18 	56.900001525878906	56.900001525878906	55.29999923706055	56.5	327245	2021/03/18 
2021/03/19 	56.0	57.70000076293945	56.0	57.099998474121094	536439	2021/03/19 
2021/03/22 	57.599998474121094	58.400001525878906	56.5	57.099998474121094	547448	2021/03/22 
2021/03/23 	57.400001525878906	58.0	56.900001525878906	57.099998474121094	584635	2021/03/23 
2021/03/24 	56.900001525878906	57.400001525878906	56.5	57.20000076293945	244716	2021/03/24 
2021/03/25 	57.20000076293945	57.29999923706055	56.79999923706055	56.900001525878906	793619	2021/03/25 
2021/03/26 	57.20000076293945	60.900001525878906	57.20000076293945	60.400001525878906	2450908	2021/03/26 
2021/03/29 	60.79999923706055	61.70000076293945	60.0	60.20000076293945	1386191	2021/03/29 
2021/03/30 	60.900001525878906	61.20000076293945	58.79999923706055	60.099998474121094	831564	2021/03/30 
2021/03/31 	60.900001525878906	61.20000076293945	59.099998474121094	60.70000076293945	1721577	2021/03/31 
2021/04/01 	61.900001525878906	70.19999694824219	61.0	69.80000305175781	4775085	2021/04/01 
2021/04/07 	78.80000305175781	83.5	77.0999984741211	82.9000015258789	3676531	2021/04/07 
2021/04/08 	85.0	88.9000015258789	74.80000305175781	79.9000015258789	5323181	2021/04/08 
2021/04/09 	81.9000015258789	81.9000015258789	75.4000015258789	76.80000305175781	3034202	2021/04/09 
2021/04/12 	72.0	75.5	65.0	72.5	15293623	2021/04/12 
2021/04/13 	74.0	74.5	69.5	69.5	7155000	2021/04/13 
2021/04/14 	68.0	69.5	65.0	66.19999694824219	4517209	2021/04/14 
2021/04/15 	66.19999694824219	66.19999694824219	62.70000076293945	62.900001525878906	3838945	2021/04/15 
2021/04/16 	62.79999923706055	70.30000305175781	61.599998474121094	69.30000305175781	8059505	2021/04/16 
2021/04/19 	69.0	71.9000015258789	66.9000015258789	71.5	10137365	2021/04/19 
2021/04/20 	69.0	69.4000015258789	67.19999694824219	67.9000015258789	5422686	2021/04/20 
2021/04/21 	67.5999984741211	67.5999984741211	65.5	66.30000305175781	3953010	2021/04/21 
2021/04/22 	67.19999694824219	69.19999694824219	65.4000015258789	66.0	5876474	2021/04/22 
2021/04/23 	65.19999694824219	65.4000015258789	62.900001525878906	63.099998474121094	3347617	2021/04/23 
2021/04/26 	63.29999923706055	65.0	63.20000076293945	64.0999984741211	1790551	2021/04/26 
2021/04/27 	64.80000305175781	64.80000305175781	63.0	63.29999923706055	2076415	2021/04/27 
2021/04/28 	63.29999923706055	63.79999923706055	61.900001525878906	62.0	1949000	2021/04/28 
2021/04/29 	62.20000076293945	62.29999923706055	60.5	60.70000076293945	2154266	2021/04/29 
2021/05/03 	60.79999923706055	61.0	58.0	58.099998474121094	3592683	2021/05/03 
2021/05/04 	58.099998474121094	58.79999923706055	52.29999923706055	54.0	3203241	2021/05/04 
2021/05/05 	54.0	57.099998474121094	53.099998474121094	56.400001525878906	1937866	2021/05/05 
2021/05/06 	55.900001525878906	57.29999923706055	54.0	54.599998474121094	1878305	2021/05/06 
2021/05/07 	55.0	55.29999923706055	53.29999923706055	54.099998474121094	1214570	2021/05/07 
2021/05/10 	55.20000076293945	59.5	55.0	59.5	5934201	2021/05/10 
2021/05/11 	57.70000076293945	65.0999984741211	57.599998474121094	61.400001525878906	10024894	2021/05/11 
2021/05/12 	59.79999923706055	60.0	55.29999923706055	55.29999923706055	3700375	2021/05/12 
2021/05/13 	50.5	53.20000076293945	49.79999923706055	50.70000076293945	3093600	2021/05/13 
2021/05/14 	50.70000076293945	52.099998474121094	50.0	50.79999923706055	1752738	2021/05/14 
2021/05/17 	46.45000076293945	48.349998474121094	45.75	45.900001525878906	1880299	2021/05/17 
2021/05/18 	46.20000076293945	50.400001525878906	46.20000076293945	50.400001525878906	1722008	2021/05/18 
2021/05/19 	51.099998474121094	53.79999923706055	50.5	52.20000076293945	2006050	2021/05/19 
2021/05/20 	51.5	51.79999923706055	49.099998474121094	49.150001525878906	1643559	2021/05/20 
2021/05/21 	50.5	51.29999923706055	49.29999923706055	50.70000076293945	849150	2021/05/21 
2021/05/24 	50.5	50.79999923706055	49.70000076293945	50.20000076293945	747337	2021/05/24 
2021/05/25 	50.5	50.900001525878906	49.79999923706055	50.0	940000	2021/05/25 
2021/05/26 	49.900001525878906	50.29999923706055	49.5	49.95000076293945	609100	2021/05/26 
2021/05/27 	50.0	51.79999923706055	50.0	50.79999923706055	670166	2021/05/27 
2021/05/28 	51.20000076293945	55.0	51.20000076293945	53.70000076293945	2184766	2021/05/28 
2021/05/31 	54.900001525878906	56.900001525878906	53.900001525878906	54.79999923706055	2829776	2021/05/31 
2021/06/01 	54.29999923706055	55.099998474121094	53.0	53.900001525878906	1181105	2021/06/01 
2021/06/02 	54.5	55.20000076293945	53.900001525878906	54.5	1255051	2021/06/02 
2021/06/03 	55.0	55.20000076293945	54.599998474121094	55.0	1213023	2021/06/03 
2021/06/04 	55.099998474121094	55.400001525878906	54.5	54.70000076293945	826171	2021/06/04 
2021/06/07 	55.0	55.0	52.0	53.0	730219	2021/06/07 
2021/06/08 	53.0	53.29999923706055	52.599998474121094	52.70000076293945	430025	2021/06/08 
2021/06/09 	52.70000076293945	52.900001525878906	51.70000076293945	51.900001525878906	498300	2021/06/09 
2021/06/10 	51.900001525878906	52.29999923706055	51.099998474121094	52.0	511035	2021/06/10 
2021/06/11 	52.0	52.599998474121094	52.0	52.20000076293945	314050	2021/06/11 
2021/06/15 	52.5	54.099998474121094	52.29999923706055	54.0	650270	2021/06/15 
2021/06/16 	54.5	54.599998474121094	53.099998474121094	53.5	792457	2021/06/16 
2021/06/17 	53.5	56.599998474121094	53.29999923706055	56.400001525878906	2657658	2021/06/17 
2021/06/18 	56.0	56.0	54.599998474121094	55.400001525878906	1751450	2021/06/18 
2021/06/21 	58.20000076293945	60.900001525878906	58.099998474121094	60.900001525878906	5791565	2021/06/21 
2021/06/22 	66.0	66.9000015258789	65.0	66.9000015258789	8964668	2021/06/22 
2021/06/23 	73.5	73.5	68.80000305175781	69.80000305175781	17550597	2021/06/23 
2021/06/24 	67.0999984741211	72.0	65.0999984741211	69.4000015258789	7788601	2021/06/24 
2021/06/25 	71.0	71.0	67.0	67.0999984741211	6206245	2021/06/25 
2021/06/28 	68.0	73.80000305175781	68.0	73.5	12770035	2021/06/28 
2021/06/29 	71.0	73.0	68.80000305175781	69.5999984741211	10366962	2021/06/29 
2021/06/30 	71.0	71.30000305175781	69.19999694824219	69.69999694824219	5694551	2021/06/30 
2021/07/01 	71.0	71.0	65.9000015258789	66.69999694824219	5460259	2021/07/01 
2021/07/02 	67.19999694824219	67.4000015258789	64.0	64.80000305175781	4321848	2021/07/02 
2021/07/05 	65.5999984741211	66.30000305175781	64.30000305175781	64.80000305175781	2487042	2021/07/05 
2021/07/06 	65.0999984741211	65.69999694824219	63.79999923706055	64.0	2432538	2021/07/06 
2021/07/07 	64.0	64.0	61.5	61.79999923706055	2681400	2021/07/07 
2021/07/08 	61.79999923706055	63.70000076293945	60.400001525878906	63.0	2144550	2021/07/08 
2021/07/09 	62.79999923706055	63.0	60.400001525878906	60.900001525878906	1874465	2021/07/09 
2021/07/12 	63.599998474121094	66.0	63.0	64.0999984741211	4420923	2021/07/12 
2021/07/13 	64.69999694824219	64.80000305175781	60.0	60.20000076293945	3016914	2021/07/13 
2021/07/14 	60.79999923706055	60.79999923706055	57.79999923706055	58.099998474121094	2140111	2021/07/14 
2021/07/15 	59.29999923706055	61.5	58.79999923706055	61.5	1479625	2021/07/15 
2021/07/16 	61.400001525878906	61.400001525878906	59.900001525878906	60.099998474121094	1648208	2021/07/16 
2021/07/19 	60.0	61.400001525878906	60.0	60.0	1483035	2021/07/19 
2021/07/20 	59.79999923706055	59.900001525878906	58.400001525878906	58.599998474121094	1355194	2021/07/20 
2021/07/21 	59.099998474121094	59.5	56.599998474121094	57.20000076293945	1653175	2021/07/21 
2021/07/22 	57.599998474121094	58.0	55.900001525878906	56.099998474121094	1379000	2021/07/22 
2021/07/23 	57.0	57.400001525878906	56.099998474121094	57.20000076293945	1534272	2021/07/23 
2021/07/26 	57.79999923706055	57.79999923706055	55.900001525878906	56.0	1363354	2021/07/26 
2021/07/27 	56.099998474121094	56.400001525878906	54.5	54.599998474121094	1469000	2021/07/27 
2021/07/28 	54.599998474121094	55.900001525878906	53.5	54.29999923706055	1105020	2021/07/28 
2021/07/29 	54.70000076293945	56.900001525878906	54.29999923706055	56.900001525878906	972651	2021/07/29 
2021/07/30 	57.0	57.0	55.0	55.29999923706055	1515120	2021/07/30 
2021/08/02 	55.400001525878906	56.400001525878906	54.70000076293945	56.0	645486	2021/08/02 
2021/08/03 	56.5	56.5	55.599998474121094	55.79999923706055	401883	2021/08/03 
2021/08/04 	55.900001525878906	56.099998474121094	55.599998474121094	56.0	736030	2021/08/04 
2021/08/05 	56.0	56.0	54.70000076293945	54.79999923706055	913413	2021/08/05 
2021/08/06 	54.79999923706055	55.400001525878906	54.5	54.5	715020	2021/08/06 
2021/08/09 	54.599998474121094	56.099998474121094	54.5	55.20000076293945	739500	2021/08/09 
2021/08/10 	55.29999923706055	55.29999923706055	54.20000076293945	54.20000076293945	637206	2021/08/10 
2021/08/11 	54.29999923706055	55.0	53.29999923706055	53.599998474121094	835533	2021/08/11 
2021/08/12 	54.5	54.599998474121094	53.79999923706055	54.5	345150	2021/08/12 
2021/08/13 	54.5	54.70000076293945	53.400001525878906	53.400001525878906	688400	2021/08/13 
2021/08/16 	53.400001525878906	53.5	51.79999923706055	52.20000076293945	710560	2021/08/16 
2021/08/17 	52.099998474121094	52.5	50.599998474121094	50.900001525878906	827360	2021/08/17 
2021/08/18 	50.70000076293945	52.599998474121094	50.0	52.599998474121094	738759	2021/08/18 
2021/08/19 	52.400001525878906	52.400001525878906	50.79999923706055	51.0	601250	2021/08/19 
2021/08/20 	50.599998474121094	51.5	50.20000076293945	50.900001525878906	458084	2021/08/20 
2021/08/23 	51.20000076293945	52.70000076293945	51.20000076293945	52.20000076293945	483150	2021/08/23 
2021/08/24 	52.79999923706055	52.79999923706055	51.79999923706055	52.099998474121094	452466	2021/08/24 
2021/08/25 	52.400001525878906	52.599998474121094	51.79999923706055	52.29999923706055	530154	2021/08/25 
2021/08/26 	52.900001525878906	56.29999923706055	52.900001525878906	53.5	1589522	2021/08/26 
2021/08/27 	53.099998474121094	54.0	52.20000076293945	53.5	912005	2021/08/27 
2021/08/30 	52.70000076293945	53.0	51.900001525878906	52.099998474121094	1013095	2021/08/30 
2021/08/31 	52.099998474121094	52.099998474121094	51.599998474121094	52.0	692565	2021/08/31 
2021/09/01 	51.900001525878906	52.0	51.5	51.5	780210	2021/09/01 
2021/09/02 	51.5	51.5	50.5	50.5	712294	2021/09/02 
2021/09/03 	51.0	51.29999923706055	50.5	50.599998474121094	621090	2021/09/03 
2021/09/06 	50.70000076293945	51.5	50.70000076293945	50.79999923706055	635265	2021/09/06 
2021/09/07 	50.79999923706055	51.29999923706055	50.70000076293945	50.79999923706055	378103	2021/09/07 
2021/09/08 	51.0	51.0	50.29999923706055	50.29999923706055	449236	2021/09/08 
2021/09/09 	50.29999923706055	51.29999923706055	50.099998474121094	50.900001525878906	446500	2021/09/09 
2021/09/10 	51.599998474121094	52.400001525878906	51.20000076293945	51.599998474121094	813310	2021/09/10 
2021/09/13 	51.79999923706055	52.29999923706055	51.79999923706055	52.20000076293945	587205	2021/09/13 
2021/09/14 	52.20000076293945	52.5	51.099998474121094	51.20000076293945	524274	2021/09/14 
2021/09/15 	51.099998474121094	51.599998474121094	50.599998474121094	51.29999923706055	211000	2021/09/15 
2021/09/16 	51.29999923706055	51.5	50.79999923706055	50.79999923706055	229145	2021/09/16 
2021/09/17 	50.599998474121094	51.29999923706055	50.599998474121094	51.099998474121094	496158	2021/09/17 
2021/09/22 	50.29999923706055	50.599998474121094	50.099998474121094	50.29999923706055	627100	2021/09/22 
2021/09/23 	50.400001525878906	50.79999923706055	50.29999923706055	50.400001525878906	272143	2021/09/23 
2021/09/24 	50.79999923706055	50.900001525878906	50.20000076293945	50.29999923706055	546030	2021/09/24 
2021/09/27 	50.29999923706055	50.599998474121094	50.099998474121094	50.20000076293945	565020	2021/09/27 
2021/09/28 	50.29999923706055	50.29999923706055	50.099998474121094	50.20000076293945	400000	2021/09/28 
2021/09/29 	50.0	50.20000076293945	49.95000076293945	49.95000076293945	509160	2021/09/29 
2021/09/30 	49.95000076293945	50.29999923706055	49.900001525878906	50.20000076293945	333323	2021/09/30 
2021/10/01 	50.0	50.0	49.099998474121094	49.150001525878906	749300	2021/10/01 
2021/10/04 	49.20000076293945	49.5	47.900001525878906	48.0	867900	2021/10/04 
2021/10/05 	47.099998474121094	48.400001525878906	47.0	48.349998474121094	372300	2021/10/05 
2021/10/06 	48.54999923706055	48.70000076293945	48.0	48.04999923706055	240000	2021/10/06 
2021/10/07 	48.5	48.70000076293945	48.29999923706055	48.70000076293945	323000	2021/10/07 
2021/10/08 	48.95000076293945	48.95000076293945	48.45000076293945	48.599998474121094	253000	2021/10/08 
2021/10/12 	48.5	48.5	47.20000076293945	47.20000076293945	458131	2021/10/12 
2021/10/13 	47.95000076293945	47.95000076293945	47.099998474121094	47.20000076293945	296357	2021/10/13 
2021/10/14 	47.54999923706055	47.54999923706055	47.25	47.349998474121094	182003	2021/10/14 
2021/10/15 	47.599998474121094	47.95000076293945	47.5	47.70000076293945	321200	2021/10/15 
2021/10/18 	47.54999923706055	47.900001525878906	47.54999923706055	47.75	174000	2021/10/18 
2021/10/19 	47.75	47.900001525878906	47.70000076293945	47.900001525878906	190021	2021/10/19 
2021/10/20 	47.79999923706055	48.400001525878906	47.650001525878906	48.400001525878906	272140	2021/10/20 
2021/10/21 	48.5	49.25	48.5	49.20000076293945	431240	2021/10/21 
2021/10/22 	49.75	49.75	48.95000076293945	49.20000076293945	415000	2021/10/22 
2021/10/25 	49.25	49.70000076293945	49.0	49.54999923706055	479000	2021/10/25 
2021/10/26 	49.650001525878906	50.20000076293945	49.349998474121094	49.400001525878906	643000	2021/10/26 
2021/10/27 	49.349998474121094	49.400001525878906	48.599998474121094	48.599998474121094	429200	2021/10/27 
2021/10/28 	48.599998474121094	48.75	48.400001525878906	48.599998474121094	258080	2021/10/28 
2021/10/29 	48.599998474121094	48.95000076293945	48.400001525878906	48.900001525878906	219100	2021/10/29 
2021/11/01 	49.0	49.70000076293945	49.0	49.650001525878906	355200	2021/11/01 
2021/11/02 	49.79999923706055	49.95000076293945	49.349998474121094	49.349998474121094	290013	2021/11/02 
2021/11/03 	49.400001525878906	50.099998474121094	49.400001525878906	49.900001525878906	300500	2021/11/03 
2021/11/04 	50.400001525878906	50.400001525878906	49.79999923706055	49.849998474121094	226005	2021/11/04 
2021/11/05 	49.70000076293945	49.900001525878906	49.5	49.75	181200	2021/11/05 
2021/11/08 	50.20000076293945	51.20000076293945	50.20000076293945	51.099998474121094	602660	2021/11/08 
2021/11/09 	51.70000076293945	51.70000076293945	51.0	51.0	575692	2021/11/09 
2021/11/10 	51.099998474121094	51.400001525878906	50.79999923706055	51.0	464010	2021/11/10 
2021/11/11 	51.20000076293945	52.79999923706055	51.099998474121094	51.79999923706055	825400	2021/11/11 
2021/11/12 	52.29999923706055	52.29999923706055	50.599998474121094	50.900001525878906	766853	2021/11/12 
2021/11/15 	51.29999923706055	51.29999923706055	50.599998474121094	50.70000076293945	416140	2021/11/15 
2021/11/16 	50.70000076293945	52.0	50.70000076293945	51.099998474121094	837000	2021/11/16 
2021/11/17 	51.099998474121094	51.400001525878906	50.400001525878906	50.599998474121094	774005	2021/11/17 
2021/11/18 	50.900001525878906	52.0	50.79999923706055	51.5	786300	2021/11/18 
2021/11/19 	51.79999923706055	51.900001525878906	50.70000076293945	50.79999923706055	450150	2021/11/19 
2021/11/22 	51.20000076293945	51.20000076293945	50.5	50.900001525878906	240237	2021/11/22 
2021/11/23 	51.70000076293945	53.900001525878906	51.599998474121094	52.20000076293945	2280400	2021/11/23 
2021/11/24 	52.5	54.79999923706055	52.0	53.20000076293945	2674508	2021/11/24 
2021/11/25 	54.400001525878906	54.400001525878906	53.20000076293945	53.5	845750	2021/11/25 
2021/11/26 	53.79999923706055	53.79999923706055	51.900001525878906	52.0	1161200	2021/11/26 
2021/11/29 	51.29999923706055	51.79999923706055	50.70000076293945	51.29999923706055	639060	2021/11/29 
2021/11/30 	52.0	52.70000076293945	51.70000076293945	52.29999923706055	511252	2021/11/30 
2021/12/01 	52.29999923706055	52.5	51.79999923706055	52.5	294696	2021/12/01 
2021/12/02 	52.5	53.0	51.900001525878906	52.70000076293945	635163	2021/12/02 
2021/12/03 	53.099998474121094	53.599998474121094	52.400001525878906	52.70000076293945	824430	2021/12/03 
2021/12/06 	52.70000076293945	53.0	52.400001525878906	52.5	306000	2021/12/06 
2021/12/07 	52.5	53.900001525878906	52.5	53.400001525878906	848585	2021/12/07 
2021/12/08 	54.400001525878906	55.400001525878906	53.70000076293945	53.70000076293945	1718998	2021/12/08 
2021/12/09 	54.70000076293945	55.29999923706055	54.099998474121094	54.70000076293945	1902046	2021/12/09 
2021/12/10 	54.900001525878906	56.5	54.900001525878906	55.900001525878906	2334825	2021/12/10 
2021/12/13 	56.5	56.5	55.099998474121094	55.20000076293945	1505030	2021/12/13 
2021/12/14 	55.400001525878906	56.29999923706055	55.0	55.0	1120200	2021/12/14 
2021/12/15 	55.20000076293945	55.400001525878906	54.79999923706055	55.0	523120	2021/12/15 
2021/12/16 	55.400001525878906	55.5	54.900001525878906	55.099998474121094	545600	2021/12/16 
2021/12/17 	55.20000076293945	56.5	55.099998474121094	55.099998474121094	1523027	2021/12/17 
2021/12/20 	55.70000076293945	56.29999923706055	55.29999923706055	55.79999923706055	854570	2021/12/20 
2021/12/21 	56.0	56.0	55.0	55.400001525878906	741183	2021/12/21 
2021/12/22 	55.599998474121094	55.599998474121094	54.900001525878906	54.900001525878906	784678	2021/12/22 
2021/12/23 	55.099998474121094	55.099998474121094	54.0	54.099998474121094	754000	2021/12/23 
2021/12/24 	54.70000076293945	55.099998474121094	54.29999923706055	55.0	566372	2021/12/24 
2021/12/27 	55.5	55.5	54.20000076293945	54.29999923706055	566415	2021/12/27 
2021/12/28 	54.5	54.900001525878906	54.29999923706055	54.5	361767	2021/12/28 
2021/12/29 	55.099998474121094	55.099998474121094	54.5	55.099998474121094	352037	2021/12/29 
2021/12/30 	55.20000076293945	55.29999923706055	54.70000076293945	55.0	265113	2021/12/30 
2022/01/03 	55.29999923706055	55.70000076293945	54.79999923706055	55.400001525878906	1046188	2022/01/03 
2022/01/04 	55.400001525878906	55.70000076293945	55.20000076293945	55.20000076293945	330042	2022/01/04 
2022/01/05 	55.0	55.599998474121094	54.900001525878906	55.29999923706055	506000	2022/01/05 
2022/01/06 	55.29999923706055	56.900001525878906	55.099998474121094	56.29999923706055	2502005	2022/01/06 
2022/01/07 	56.599998474121094	57.0	55.5	55.70000076293945	1075551	2022/01/07 
2022/01/10 	55.79999923706055	55.900001525878906	55.0	55.099998474121094	730649	2022/01/10 
2022/01/11 	55.20000076293945	55.599998474121094	54.79999923706055	55.099998474121094	626060	2022/01/11 
2022/01/12 	55.400001525878906	55.400001525878906	54.20000076293945	54.29999923706055	798200	2022/01/12 
2022/01/13 	54.20000076293945	55.0	54.099998474121094	54.20000076293945	564010	2022/01/13 
2022/01/14 	54.79999923706055	54.79999923706055	53.29999923706055	53.29999923706055	837120	2022/01/14 
2022/01/17 	53.29999923706055	53.29999923706055	52.79999923706055	53.0	592321	2022/01/17 
2022/01/18 	53.0	54.20000076293945	53.0	53.79999923706055	521080	2022/01/18 
2022/01/19 	53.0	53.70000076293945	53.0	53.400001525878906	435450	2022/01/19 
2022/01/20 	53.400001525878906	54.79999923706055	53.400001525878906	54.5	545369	2022/01/20 
2022/01/21 	53.70000076293945	54.099998474121094	52.79999923706055	52.900001525878906	591190	2022/01/21 
2022/01/24 	52.70000076293945	52.70000076293945	51.5	52.0	421735	2022/01/24 
2022/01/25 	52.0	52.5	50.900001525878906	51.099998474121094	1095200	2022/01/25 
2022/01/26 	50.900001525878906	51.900001525878906	50.900001525878906	51.79999923706055	342060	2022/01/26 
2022/02/07 	51.900001525878906	54.5	51.900001525878906	54.099998474121094	882100	2022/02/07 
2022/02/08 	54.5	55.099998474121094	54.0	54.79999923706055	612010	2022/02/08 
2022/02/09 	54.79999923706055	55.29999923706055	54.5	54.79999923706055	480100	2022/02/09 
2022/02/10 	54.79999923706055	55.400001525878906	54.79999923706055	55.400001525878906	674172	2022/02/10 
2022/02/11 	55.20000076293945	55.79999923706055	55.099998474121094	55.20000076293945	440000	2022/02/11 
2022/02/14 	54.900001525878906	55.099998474121094	54.400001525878906	54.70000076293945	453433	2022/02/14 
2022/02/15 	54.70000076293945	55.20000076293945	54.5	54.599998474121094	306089	2022/02/15 
2022/02/16 	55.0	55.400001525878906	54.599998474121094	55.20000076293945	470021	2022/02/16 
2022/02/17 	55.20000076293945	56.29999923706055	54.5	55.5	890120	2022/02/17 
2022/02/18 	55.20000076293945	57.5	55.20000076293945	56.599998474121094	1705093	2022/02/18 
2022/02/21 	56.79999923706055	61.5	56.29999923706055	60.20000076293945	8607434	2022/02/21 
2022/02/22 	60.20000076293945	60.400001525878906	56.0	57.099998474121094	4579494	2022/02/22 
2022/02/23 	58.099998474121094	60.0	57.70000076293945	59.29999923706055	4042130	2022/02/23 
2022/02/24 	58.70000076293945	60.0	56.79999923706055	57.20000076293945	4708965	2022/02/24 
2022/02/25 	58.099998474121094	58.70000076293945	57.29999923706055	57.79999923706055	1261275	2022/02/25 
2022/03/01 	59.0	60.5	58.70000076293945	59.099998474121094	3233833	2022/03/01 
2022/03/02 	59.20000076293945	65.0	58.70000076293945	62.599998474121094	16931308	2022/03/02 
2022/03/03 	63.20000076293945	64.0999984741211	61.400001525878906	62.70000076293945	9240717	2022/03/03 
2022/03/04 	62.0	62.900001525878906	60.79999923706055	61.0	3623690	2022/03/04 
2022/03/07 	61.0	61.0	58.0	60.0	4015580	2022/03/07 
2022/03/08 	59.5	59.5	55.400001525878906	56.0	4598432	2022/03/08 
2022/03/09 	57.099998474121094	57.79999923706055	56.29999923706055	57.29999923706055	1492800	2022/03/09 
2022/03/10 	58.5	58.599998474121094	57.5	57.5	1218800	2022/03/10 
2022/03/11 	57.5	58.70000076293945	57.29999923706055	58.0	918000	2022/03/11 
2022/03/14 	58.0	58.5	57.29999923706055	57.5	1091163	2022/03/14 
2022/03/15 	57.900001525878906	58.099998474121094	56.5	57.0	1480330	2022/03/15 
2022/03/16 	59.400001525878906	60.400001525878906	57.599998474121094	58.70000076293945	4471218	2022/03/16 
2022/03/17 	59.5	59.70000076293945	58.79999923706055	59.5	1871100	2022/03/17 
2022/03/18 	59.400001525878906	59.70000076293945	58.5	58.5	1100095	2022/03/18 
2022/03/21 	59.400001525878906	60.5	58.900001525878906	60.400001525878906	1843330	2022/03/21 
2022/03/22 	60.0	60.29999923706055	59.29999923706055	60.29999923706055	1526020	2022/03/22 
2022/03/23 	60.29999923706055	60.29999923706055	59.5	59.900001525878906	651544	2022/03/23 
2022/03/24 	60.5	62.599998474121094	60.20000076293945	60.70000076293945	2960624	2022/03/24 
2022/03/25 	61.0	61.0	59.900001525878906	60.0	1118206	2022/03/25 
2022/03/28 	59.900001525878906	59.900001525878906	58.79999923706055	59.29999923706055	882230	2022/03/28 
2022/03/29 	59.29999923706055	59.599998474121094	58.599998474121094	58.70000076293945	669110	2022/03/29 
2022/03/30 	59.29999923706055	59.900001525878906	58.5	59.5	695004	2022/03/30 
2022/03/31 	59.599998474121094	62.0	59.599998474121094	61.70000076293945	3278568	2022/03/31 
2022/04/01 	61.20000076293945	63.400001525878906	61.0	62.099998474121094	3723450	2022/04/01 
2022/04/06 	62.099998474121094	64.0	62.099998474121094	63.79999923706055	4210658	2022/04/06 
2022/04/07 	64.9000015258789	64.9000015258789	61.5	61.599998474121094	3554227	2022/04/07 
2022/04/08 	62.099998474121094	62.70000076293945	61.5	62.0	1227400	2022/04/08 
2022/04/11 	61.599998474121094	62.70000076293945	60.20000076293945	60.5	1181278	2022/04/11 
2022/04/12 	60.79999923706055	60.79999923706055	59.099998474121094	59.599998474121094	1080003	2022/04/12 
2022/04/13 	60.400001525878906	61.20000076293945	60.0	61.0	959050	2022/04/13 
2022/04/14 	61.5	61.599998474121094	60.0	60.5	875020	2022/04/14 
2022/04/15 	60.900001525878906	61.20000076293945	59.79999923706055	59.79999923706055	930030	2022/04/15 
2022/04/18 	59.79999923706055	59.900001525878906	58.29999923706055	58.5	937007	2022/04/18 
2022/04/19 	59.20000076293945	59.400001525878906	58.599998474121094	59.099998474121094	633017	2022/04/19 
2022/04/20 	59.79999923706055	59.79999923706055	58.29999923706055	58.70000076293945	744022	2022/04/20 
2022/04/21 	59.20000076293945	59.20000076293945	58.400001525878906	58.5	354004	2022/04/21 
2022/04/22 	58.5	59.599998474121094	58.5	59.5	524195	2022/04/22 
2022/04/25 	59.0	59.0	58.099998474121094	58.29999923706055	871511	2022/04/25 
2022/04/26 	58.5	59.20000076293945	58.20000076293945	58.400001525878906	623719	2022/04/26 
2022/04/27 	58.0	59.0	57.70000076293945	58.400001525878906	804001	2022/04/27 
2022/04/28 	58.5	59.29999923706055	58.5	58.79999923706055	412000	2022/04/28 
2022/04/29 	59.0	59.29999923706055	58.79999923706055	58.900001525878906	353136	2022/04/29 
2022/05/03 	58.79999923706055	58.900001525878906	57.900001525878906	58.5	611001	2022/05/03 
2022/05/04 	58.79999923706055	58.900001525878906	58.5	58.599998474121094	176004	2022/05/04 
2022/05/05 	58.70000076293945	59.79999923706055	58.70000076293945	59.20000076293945	397060	2022/05/05 
2022/05/06 	58.0	59.0	58.0	58.79999923706055	356040	2022/05/06 
2022/05/09 	58.099998474121094	59.0	58.099998474121094	58.900001525878906	459055	2022/05/09 
2022/05/10 	59.099998474121094	60.20000076293945	58.79999923706055	59.099998474121094	1117000	2022/05/10 
2022/05/11 	59.099998474121094	59.599998474121094	57.79999923706055	59.400001525878906	1165001	2022/05/11 
2022/05/12 	59.29999923706055	59.29999923706055	57.900001525878906	58.099998474121094	1412200	2022/05/12 
2022/05/13 	58.5	61.5	58.5	61.0	2548571	2022/05/13 
2022/05/16 	61.20000076293945	62.29999923706055	60.29999923706055	61.79999923706055	1619153	2022/05/16 
2022/05/17 	62.400001525878906	62.5	60.70000076293945	61.0	903145	2022/05/17 
2022/05/18 	61.0	61.5	60.599998474121094	60.900001525878906	605001	2022/05/18 
2022/05/19 	60.79999923706055	60.79999923706055	59.5	60.400001525878906	657161	2022/05/19 
2022/05/20 	60.29999923706055	61.70000076293945	60.29999923706055	61.599998474121094	744050	2022/05/20 
2022/05/23 	61.599998474121094	62.70000076293945	61.400001525878906	62.5	1168032	2022/05/23 
2022/05/24 	62.0	62.900001525878906	61.79999923706055	62.29999923706055	441070	2022/05/24 
2022/05/25 	62.400001525878906	62.70000076293945	62.099998474121094	62.5	595227	2022/05/25 
2022/05/26 	62.5	63.0	61.70000076293945	61.79999923706055	631001	2022/05/26 
2022/05/27 	62.400001525878906	62.5	61.20000076293945	62.20000076293945	643100	2022/05/27 
2022/05/30 	62.29999923706055	62.70000076293945	62.0	62.5	506834	2022/05/30 
2022/05/31 	62.79999923706055	62.79999923706055	60.79999923706055	60.79999923706055	2538500	2022/05/31 
2022/06/01 	61.0	61.400001525878906	59.599998474121094	60.099998474121094	1129020	2022/06/01 
2022/06/02 	60.5	60.599998474121094	59.79999923706055	60.20000076293945	325532	2022/06/02 
2022/06/06 	60.70000076293945	60.70000076293945	60.0	60.5	250000	2022/06/06 
2022/06/07 	60.599998474121094	60.599998474121094	60.20000076293945	60.400001525878906	233102	2022/06/07 
2022/06/08 	60.400001525878906	61.099998474121094	60.29999923706055	60.599998474121094	298001	2022/06/08 
2022/06/09 	60.20000076293945	60.70000076293945	60.099998474121094	60.400001525878906	320000	2022/06/09 
2022/06/10 	59.900001525878906	60.79999923706055	59.900001525878906	60.099998474121094	822760	2022/06/10 
2022/06/13 	58.900001525878906	59.599998474121094	58.5	59.099998474121094	512081	2022/06/13 
2022/06/14 	58.5	59.20000076293945	58.5	59.0	379150	2022/06/14 
2022/06/15 	59.0	59.70000076293945	59.0	59.29999923706055	328100	2022/06/15 
2022/06/16 	59.79999923706055	60.099998474121094	59.29999923706055	59.400001525878906	602232	2022/06/16 
2022/06/17 	59.0	59.70000076293945	58.70000076293945	59.20000076293945	393344	2022/06/17 
2022/06/20 	59.20000076293945	59.29999923706055	58.599998474121094	58.70000076293945	671000	2022/06/20 
2022/06/21 	58.900001525878906	60.29999923706055	58.900001525878906	60.099998474121094	554354	2022/06/21 
2022/06/22 	60.20000076293945	60.599998474121094	59.5	59.599998474121094	633000	2022/06/22 
2022/06/23 	60.0	61.20000076293945	59.900001525878906	60.5	763040	2022/06/23 
2022/06/24 	60.5	61.099998474121094	60.20000076293945	60.20000076293945	573003	2022/06/24 
2022/06/27 	60.599998474121094	61.20000076293945	60.29999923706055	61.0	453000	2022/06/27 
2022/06/28 	61.20000076293945	61.20000076293945	60.20000076293945	60.5	291100	2022/06/28 
2022/06/29 	59.5	60.79999923706055	59.5	60.5	204076	2022/06/29 
2022/06/30 	59.79999923706055	60.599998474121094	59.20000076293945	60.29999923706055	528200	2022/06/30 
2022/07/01 	60.0	60.70000076293945	58.900001525878906	58.900001525878906	475167	2022/07/01 
2022/07/04 	58.5	60.099998474121094	58.5	59.79999923706055	487000	2022/07/04 
2022/07/05 	60.70000076293945	61.20000076293945	60.0	60.900001525878906	464221	2022/07/05 
2022/07/06 	60.900001525878906	60.900001525878906	59.70000076293945	59.79999923706055	274733	2022/07/06 
2022/07/07 	60.5	60.5	59.599998474121094	60.29999923706055	213000	2022/07/07 
2022/07/08 	60.0	60.599998474121094	59.79999923706055	59.79999923706055	413000	2022/07/08 
2022/07/11 	60.29999923706055	60.599998474121094	59.599998474121094	60.29999923706055	283425	2022/07/11 
2022/07/12 	59.70000076293945	60.5	59.70000076293945	59.900001525878906	353013	2022/07/12 
2022/07/13 	60.0	60.599998474121094	59.79999923706055	60.099998474121094	331000	2022/07/13 
2022/07/14 	59.70000076293945	61.0	59.599998474121094	61.0	378006	2022/07/14 
2022/07/15 	61.0	61.5	60.599998474121094	61.5	735202	2022/07/15 
2022/07/18 	61.5	61.599998474121094	60.70000076293945	61.400001525878906	393056	2022/07/18 
2022/07/19 	61.5	63.79999923706055	61.29999923706055	62.29999923706055	1246165	2022/07/19 
2022/07/20 	63.0	63.70000076293945	61.599998474121094	61.900001525878906	645150	2022/07/20 
2022/07/21 	62.400001525878906	62.900001525878906	61.70000076293945	62.79999923706055	555031	2022/07/21 
2022/07/22 	63.400001525878906	63.400001525878906	61.900001525878906	62.20000076293945	218100	2022/07/22 
2022/07/25 	62.400001525878906	62.599998474121094	61.599998474121094	62.400001525878906	214100	2022/07/25 
2022/07/26 	62.0	62.20000076293945	61.599998474121094	62.20000076293945	156125	2022/07/26 
2022/07/27 	62.0	63.29999923706055	62.0	63.099998474121094	497600	2022/07/27 
2022/07/28 	62.79999923706055	62.900001525878906	62.099998474121094	62.5	142733	2022/07/28 
2022/07/29 	62.79999923706055	63.20000076293945	62.099998474121094	63.20000076293945	242172	2022/07/29 
2022/08/01 	62.79999923706055	63.5	62.79999923706055	63.20000076293945	490570	2022/08/01 
2022/08/02 	62.599998474121094	63.20000076293945	62.5	63.20000076293945	222258	2022/08/02 
2022/08/03 	63.20000076293945	63.20000076293945	62.70000076293945	62.900001525878906	191409	2022/08/03 
2022/08/04 	62.70000076293945	62.900001525878906	62.400001525878906	62.599998474121094	204001	2022/08/04 
2022/08/05 	62.599998474121094	63.599998474121094	62.400001525878906	63.29999923706055	342320	2022/08/05 
2022/08/08 	63.29999923706055	63.599998474121094	62.70000076293945	63.5	289140	2022/08/08 
2022/08/09 	63.5	63.599998474121094	63.20000076293945	63.5	200060	2022/08/09 
2022/08/10 	63.099998474121094	63.599998474121094	63.099998474121094	63.5	488001	2022/08/10 
2022/08/11 	64.5	65.5999984741211	63.79999923706055	64.0999984741211	990366	2022/08/11 
2022/08/12 	64.19999694824219	65.0	63.79999923706055	63.79999923706055	366165	2022/08/12 
2022/08/15 	64.0	64.5	63.70000076293945	63.900001525878906	343141	2022/08/15 
2022/08/16 	63.900001525878906	64.30000305175781	63.0	63.70000076293945	226162	2022/08/16 
2022/08/17 	63.099998474121094	63.79999923706055	63.099998474121094	63.29999923706055	463020	2022/08/17 
2022/08/18 	63.29999923706055	63.70000076293945	63.0	63.70000076293945	198001	2022/08/18 
2022/08/19 	63.29999923706055	63.900001525878906	63.29999923706055	63.5	281098	2022/08/19 
2022/08/22 	63.099998474121094	63.70000076293945	63.099998474121094	63.5	151000	2022/08/22 
2022/08/23 	63.79999923706055	63.79999923706055	63.099998474121094	63.400001525878906	253070	2022/08/23 
2022/08/24 	63.5	63.900001525878906	63.400001525878906	63.400001525878906	272046	2022/08/24 
2022/08/25 	63.5	63.70000076293945	63.29999923706055	63.5	321100	2022/08/25 
2022/08/26 	64.0	64.30000305175781	63.599998474121094	64.19999694824219	717113	2022/08/26 
2022/08/29 	60.5	61.5	60.29999923706055	61.29999923706055	568001	2022/08/29 
2022/08/30 	60.900001525878906	61.900001525878906	60.900001525878906	61.599998474121094	185020	2022/08/30 
2022/08/31 	61.0	61.599998474121094	61.0	61.5	305005	2022/08/31 
2022/09/01 	61.099998474121094	61.5	61.0	61.400001525878906	268100	2022/09/01 
2022/09/02 	61.400001525878906	61.70000076293945	61.29999923706055	61.5	191085	2022/09/02 
2022/09/05 	61.29999923706055	62.0	61.29999923706055	61.5	161000	2022/09/05 
2022/09/06 	61.29999923706055	61.79999923706055	60.0	60.20000076293945	444002	2022/09/06 
2022/09/07 	60.900001525878906	60.900001525878906	60.0	60.20000076293945	202200	2022/09/07 
2022/09/08 	60.5	60.70000076293945	60.29999923706055	60.5	90002	2022/09/08 
2022/09/12 	60.400001525878906	60.599998474121094	60.0	60.599998474121094	248005	2022/09/12 
2022/09/13 	60.20000076293945	60.599998474121094	60.099998474121094	60.5	154005	2022/09/13 
2022/09/14 	60.0	60.400001525878906	59.29999923706055	60.20000076293945	228045	2022/09/14 
2022/09/15 	59.5	60.900001525878906	59.5	60.29999923706055	85006	2022/09/15 
2022/09/16 	59.599998474121094	60.29999923706055	59.599998474121094	60.099998474121094	133017	2022/09/16 
2022/09/19 	59.70000076293945	60.099998474121094	59.400001525878906	59.400001525878906	337488	2022/09/19 
2022/09/20 	59.400001525878906	59.599998474121094	59.099998474121094	59.400001525878906	188057	2022/09/20 
2022/09/21 	59.0	59.5	59.0	59.0	177375	2022/09/21 
2022/09/22 	58.20000076293945	58.70000076293945	57.70000076293945	58.5	243196	2022/09/22 
2022/09/23 	57.70000076293945	58.70000076293945	57.70000076293945	58.400001525878906	218000	2022/09/23 
2022/09/26 	58.0	58.0	56.900001525878906	57.29999923706055	368001	2022/09/26 
2022/09/27 	57.29999923706055	57.400001525878906	56.900001525878906	57.099998474121094	189001	2022/09/27 
2022/09/28 	57.099998474121094	57.099998474121094	55.099998474121094	55.099998474121094	517035	2022/09/28 
2022/09/29 	55.29999923706055	55.599998474121094	55.0	55.400001525878906	262350	2022/09/29 
2022/09/30 	54.5	54.79999923706055	53.20000076293945	53.29999923706055	263169	2022/09/30 
2022/10/03 	52.5	53.0	52.099998474121094	52.099998474121094	166058	2022/10/03 
2022/10/04 	52.400001525878906	52.70000076293945	52.29999923706055	52.5	116001	2022/10/04 
2022/10/05 	52.5	53.400001525878906	52.5	53.400001525878906	236000	2022/10/05 
2022/10/06 	53.0	53.099998474121094	52.099998474121094	52.400001525878906	135153	2022/10/06 
2022/10/07 	52.70000076293945	52.70000076293945	51.400001525878906	51.599998474121094	185267	2022/10/07 
2022/10/11 	51.0	51.0	49.04999923706055	49.04999923706055	367080	2022/10/11 
2022/10/12 	49.099998474121094	49.54999923706055	48.400001525878906	49.400001525878906	171250	2022/10/12 
2022/10/13 	48.849998474121094	49.650001525878906	46.95000076293945	46.95000076293945	478000	2022/10/13 
2022/10/14 	47.599998474121094	49.04999923706055	47.599998474121094	48.54999923706055	172000	2022/10/14 
2022/10/17 	48.70000076293945	48.70000076293945	47.45000076293945	48.29999923706055	222000	2022/10/17 
2022/10/18 	48.95000076293945	48.95000076293945	47.650001525878906	47.900001525878906	169000	2022/10/18 
2022/10/19 	47.54999923706055	48.599998474121094	47.54999923706055	48.150001525878906	98008	2022/10/19 
2022/10/20 	47.0	47.29999923706055	46.599998474121094	47.04999923706055	173000	2022/10/20 
2022/10/21 	46.849998474121094	48.0	46.79999923706055	47.75	83050	2022/10/21 
2022/10/24 	47.849998474121094	48.79999923706055	47.849998474121094	48.25	82001	2022/10/24 
2022/10/25 	48.599998474121094	48.650001525878906	47.79999923706055	47.900001525878906	105000	2022/10/25 
2022/10/26 	47.54999923706055	48.150001525878906	47.0	47.5	69000	2022/10/26 
2022/10/27 	48.70000076293945	48.95000076293945	47.79999923706055	48.75	137001	2022/10/27 
2022/10/28 	48.5	48.5	47.79999923706055	47.900001525878906	104044	2022/10/28 
2022/10/31 	48.0	48.20000076293945	47.599998474121094	48.20000076293945	46002	2022/10/31 
2022/11/01 	48.0	48.70000076293945	47.79999923706055	48.349998474121094	40002	2022/11/01 
2022/11/02 	48.099998474121094	48.79999923706055	47.70000076293945	48.70000076293945	84011	2022/11/02 
2022/11/03 	48.70000076293945	49.20000076293945	48.20000076293945	48.599998474121094	85031	2022/11/03 
2022/11/04 	48.25	48.54999923706055	48.099998474121094	48.20000076293945	225003	2022/11/04 
2022/11/07 	50.0	52.0	49.5	50.900001525878906	571005	2022/11/07 
2022/11/08 	50.900001525878906	51.5	50.5	51.29999923706055	175163	2022/11/08 
2022/11/09 	51.70000076293945	51.70000076293945	51.20000076293945	51.20000076293945	156004	2022/11/09 
2022/11/10 	51.70000076293945	52.20000076293945	51.29999923706055	51.599998474121094	270000	2022/11/10 
2022/11/11 	52.599998474121094	52.599998474121094	51.5	51.599998474121094	210000	2022/11/11 
2022/11/14 	52.0	52.599998474121094	51.79999923706055	52.29999923706055	280003	2022/11/14 
2022/11/15 	51.79999923706055	52.70000076293945	51.79999923706055	52.70000076293945	120002	2022/11/15 
2022/11/16 	53.0	53.0	51.5	51.5	222100	2022/11/16 
2022/11/17 	51.599998474121094	52.0	51.400001525878906	51.599998474121094	47005	2022/11/17 
2022/11/18 	51.599998474121094	52.0	51.29999923706055	51.29999923706055	91001	2022/11/18 
2022/11/21 	51.400001525878906	51.79999923706055	51.29999923706055	51.599998474121094	52002	2022/11/21 
2022/11/22 	51.599998474121094	51.599998474121094	51.099998474121094	51.20000076293945	162000	2022/11/22 
2022/11/23 	51.70000076293945	51.900001525878906	51.5	51.70000076293945	86058	2022/11/23 
2022/11/24 	51.70000076293945	52.599998474121094	51.70000076293945	52.400001525878906	141298	2022/11/24 
2022/11/25 	52.400001525878906	52.79999923706055	52.0	52.0	134035	2022/11/25 
2022/11/28 	52.099998474121094	52.099998474121094	51.29999923706055	51.900001525878906	206001	2022/11/28 
2022/11/29 	51.900001525878906	52.400001525878906	51.599998474121094	52.20000076293945	87020	2022/11/29 
2022/11/30 	52.0	52.599998474121094	52.0	52.599998474121094	130100	2022/11/30 
2022/12/01 	52.70000076293945	52.79999923706055	52.29999923706055	52.79999923706055	171418	2022/12/01 
2022/12/02 	52.79999923706055	52.900001525878906	52.599998474121094	52.900001525878906	57509	2022/12/02 
2022/12/05 	52.5	52.79999923706055	52.5	52.79999923706055	119019	2022/12/05 
2022/12/06 	52.70000076293945	52.900001525878906	52.20000076293945	52.20000076293945	186000	2022/12/06 
2022/12/07 	52.0	52.20000076293945	51.599998474121094	51.599998474121094	202000	2022/12/07 
2022/12/08 	51.599998474121094	51.70000076293945	51.400001525878906	51.70000076293945	58467	2022/12/08 
2022/12/09 	51.79999923706055	52.20000076293945	51.70000076293945	51.70000076293945	108020	2022/12/09 
2022/12/12 	51.20000076293945	51.70000076293945	51.099998474121094	51.5	73013	2022/12/12 
2022/12/13 	51.5	52.599998474121094	51.29999923706055	51.70000076293945	201002	2022/12/13 
2022/12/14 	51.79999923706055	52.5	51.79999923706055	52.0	222001	2022/12/14 
2022/12/15 	52.29999923706055	52.900001525878906	52.29999923706055	52.400001525878906	221001	2022/12/15 
2022/12/16 	51.900001525878906	52.400001525878906	51.79999923706055	52.20000076293945	355000	2022/12/16 
2022/12/19 	52.0	52.29999923706055	52.0	52.099998474121094	122000	2022/12/19 
2022/12/20 	52.0	52.099998474121094	51.0	51.0	280001	2022/12/20 
2022/12/21 	51.79999923706055	52.400001525878906	51.5	52.400001525878906	576093	2022/12/21 
2022/12/22 	54.099998474121094	54.099998474121094	52.70000076293945	52.70000076293945	589013	2022/12/22 
2022/12/23 	52.099998474121094	52.599998474121094	52.099998474121094	52.400001525878906	373000	2022/12/23 
2022/12/26 	53.400001525878906	53.5	52.79999923706055	52.79999923706055	274300	2022/12/26 
2022/12/27 	53.0	53.0	52.099998474121094	52.5	279000	2022/12/27 
2022/12/28 	52.79999923706055	52.79999923706055	51.29999923706055	51.599998474121094	314078	2022/12/28 
2022/12/29 	51.79999923706055	52.0	51.29999923706055	51.70000076293945	448000	2022/12/29 
2022/12/30 	51.79999923706055	52.099998474121094	51.599998474121094	51.599998474121094	207103	2022/12/30 
2023/01/03 	51.70000076293945	51.70000076293945	51.099998474121094	51.400001525878906	216019	2023/01/03 
2023/01/04 	51.70000076293945	52.79999923706055	51.70000076293945	52.70000076293945	481394	2023/01/04 
2023/01/05 	52.79999923706055	52.900001525878906	52.20000076293945	52.29999923706055	176027	2023/01/05 
2023/01/06 	52.0	52.79999923706055	52.0	52.400001525878906	111141	2023/01/06 
2023/01/09 	52.599998474121094	52.79999923706055	52.099998474121094	52.70000076293945	151044	2023/01/09 
2023/01/10 	52.900001525878906	52.900001525878906	52.29999923706055	52.400001525878906	75013	2023/01/10 
2023/01/11 	52.5	53.20000076293945	52.29999923706055	52.29999923706055	219080	2023/01/11 
2023/01/12 	52.29999923706055	52.70000076293945	51.900001525878906	52.0	160000	2023/01/12 
2023/01/13 	52.099998474121094	52.20000076293945	52.0	52.0	176305	2023/01/13 
2023/01/16 	52.099998474121094	52.099998474121094	51.70000076293945	51.79999923706055	195126	2023/01/16 
2023/01/17 	51.79999923706055	52.20000076293945	51.79999923706055	52.0	93000	2023/01/17 
2023/01/30 	52.099998474121094	52.900001525878906	52.099998474121094	52.400001525878906	140008	2023/01/30 
2023/01/31 	52.5	53.5	52.5	53.20000076293945	319001	2023/01/31 
2023/02/01 	53.20000076293945	53.70000076293945	53.0	53.20000076293945	308000	2023/02/01 
2023/02/02 	53.20000076293945	53.70000076293945	53.0	53.099998474121094	320368	2023/02/02 
2023/02/03 	53.099998474121094	53.79999923706055	53.099998474121094	53.599998474121094	449423	2023/02/03 
2023/02/06 	54.0	54.0	53.5	53.70000076293945	191150	2023/02/06 
2023/02/07 	53.79999923706055	53.900001525878906	53.29999923706055	53.5	192001	2023/02/07 
2023/02/08 	53.5	53.900001525878906	53.29999923706055	53.79999923706055	143078	2023/02/08 
2023/02/09 	53.79999923706055	53.900001525878906	53.5	53.599998474121094	155004	2023/02/09 
2023/02/10 	53.79999923706055	53.79999923706055	53.0	53.099998474121094	212004	2023/02/10 
2023/02/13 	52.900001525878906	52.900001525878906	52.20000076293945	52.5	146204	2023/02/13 
2023/02/14 	52.900001525878906	53.099998474121094	52.70000076293945	53.099998474121094	102100	2023/02/14 
2023/02/15 	52.900001525878906	53.0	52.599998474121094	52.79999923706055	92013	2023/02/15 
2023/02/16 	53.099998474121094	53.400001525878906	53.0	53.20000076293945	95423	2023/02/16 
2023/02/17 	53.099998474121094	53.29999923706055	52.900001525878906	53.29999923706055	84710	2023/02/17 
2023/02/20 	53.29999923706055	53.5	52.900001525878906	52.900001525878906	252722	2023/02/20 
