Date	Open	High	Low	Close	Volume	Date
2017/10/31 	303.0	310.0	266.0	303.0	94952	2017/10/31 
2017/11/01 	294.0	303.0	290.0	294.0	53707	2017/11/01 
2017/11/02 	291.0	294.989990234375	291.0	291.0	16292	2017/11/02 
2017/11/03 	285.0	292.0	284.0	285.0	78319	2017/11/03 
2017/11/06 	279.8999938964844	289.989990234375	278.0	279.8999938964844	8960	2017/11/06 
2017/11/07 	262.0	278.989990234375	259.010009765625	262.0	45563	2017/11/07 
2017/11/08 	256.0	257.989990234375	250.97999572753906	256.0	2676	2017/11/08 
2017/11/09 	251.0	251.0	247.00999450683594	251.0	21242	2017/11/09 
2017/11/10 	255.99000549316406	257.989990234375	253.00999450683594	255.99000549316406	17155	2017/11/10 
2017/11/13 	250.99000549316406	252.49000549316406	247.00999450683594	250.99000549316406	15059	2017/11/13 
2017/11/14 	263.989990234375	263.989990234375	248.00999450683594	263.989990234375	13999	2017/11/14 
2017/11/15 	261.1000061035156	266.29998779296875	259.0	261.1000061035156	17249	2017/11/15 
2017/11/16 	275.0	277.989990234375	263.0	275.0	27345	2017/11/16 
2017/11/17 	268.989990234375	276.489990234375	264.0	268.989990234375	50507	2017/11/17 
2017/11/20 	265.0	266.0	260.0	265.0	7804	2017/11/20 
2017/11/21 	264.989990234375	264.989990234375	259.010009765625	264.989990234375	5172	2017/11/21 
2017/11/22 	267.989990234375	274.989990234375	259.1499938964844	267.989990234375	32150	2017/11/22 
2017/11/23 	259.989990234375	267.989990234375	256.0	259.989990234375	46746	2017/11/23 
2017/11/24 	264.9800109863281	264.9800109863281	259.989990234375	264.9800109863281	5104	2017/11/24 
2017/11/27 	267.989990234375	272.0	264.0	267.989990234375	52122	2017/11/27 
2017/11/28 	265.0	267.989990234375	260.010009765625	265.0	5882	2017/11/28 
2017/11/29 	265.0799865722656	266.989990234375	262.4800109863281	265.0799865722656	4400	2017/11/29 
2017/11/30 	260.989990234375	265.0	259.010009765625	260.989990234375	13244	2017/11/30 
2017/12/01 	260.989990234375	260.989990234375	260.0	260.989990234375	7920	2017/12/01 
2017/12/04 	264.989990234375	264.989990234375	260.010009765625	264.989990234375	702	2017/12/04 
2017/12/05 	261.0	262.989990234375	260.0199890136719	261.0	2265	2017/12/05 
2017/12/06 	264.8900146484375	264.989990234375	260.010009765625	264.8900146484375	2112	2017/12/06 
2017/12/07 	263.0	263.0	260.1700134277344	263.0	11041	2017/12/07 
2017/12/08 	262.0	264.989990234375	261.0	262.0	9010	2017/12/08 
2017/12/11 	262.0	262.0	262.0	262.0	0	2017/12/11 
2017/12/12 	263.989990234375	263.989990234375	263.989990234375	263.989990234375	11	2017/12/12 
2017/12/13 	262.1099853515625	262.1099853515625	260.1600036621094	262.1099853515625	4300	2017/12/13 
2017/12/14 	263.989990234375	263.989990234375	260.0299987792969	263.989990234375	3110	2017/12/14 
2017/12/15 	263.0	263.989990234375	263.0	263.0	2750	2017/12/15 
2017/12/18 	263.0	264.9800109863281	263.0	263.0	2000	2017/12/18 
2017/12/19 	264.9800109863281	264.9800109863281	264.9800109863281	264.9800109863281	6	2017/12/19 
2017/12/20 	264.989990234375	264.989990234375	264.989990234375	264.989990234375	8	2017/12/20 
2017/12/21 	260.3999938964844	263.0	260.3999938964844	260.3999938964844	6000	2017/12/21 
2017/12/22 	264.0	264.989990234375	264.0	264.0	105	2017/12/22 
2017/12/25 	262.0	264.989990234375	260.010009765625	262.0	6409	2017/12/25 
2017/12/26 	261.0	261.1099853515625	260.20001220703125	261.0	7200	2017/12/26 
2017/12/27 	260.010009765625	263.989990234375	260.010009765625	260.010009765625	220	2017/12/27 
2017/12/28 	260.1600036621094	260.3699951171875	260.1600036621094	260.1600036621094	1200	2017/12/28 
2017/12/29 	262.0	262.0	262.0	262.0	15	2017/12/29 
2018/01/02 	258.010009765625	262.0	258.010009765625	258.010009765625	9530	2018/01/02 
2018/01/03 	260.0	261.0	260.0	260.0	3290	2018/01/03 
2018/01/04 	260.5	262.989990234375	260.5	260.5	16310	2018/01/04 
2018/01/05 	260.0	260.0	257.0199890136719	260.0	6905	2018/01/05 
2018/01/08 	259.989990234375	260.0	258.0	259.989990234375	1525	2018/01/08 
2018/01/09 	257.5	257.5	257.5	257.5	10	2018/01/09 
2018/01/10 	255.0	258.0	255.0	255.0	17235	2018/01/10 
2018/01/11 	255.0	255.0	253.00999450683594	255.0	8291	2018/01/11 
2018/01/12 	255.99000549316406	255.99000549316406	253.80999755859375	255.99000549316406	6256	2018/01/12 
2018/01/15 	254.0	254.4499969482422	252.0	254.0	6105	2018/01/15 
2018/01/16 	254.0	254.0	254.0	254.0	0	2018/01/16 
2018/01/17 	250.0	252.5	250.0	250.0	17035	2018/01/17 
2018/01/18 	248.99000549316406	250.5	248.00999450683594	248.99000549316406	6444	2018/01/18 
2018/01/19 	246.0	248.0500030517578	245.00999450683594	246.0	19426	2018/01/19 
2018/01/22 	249.99000549316406	249.99000549316406	248.0	249.99000549316406	1075	2018/01/22 
2018/01/23 	247.0	248.0	247.0	247.0	420	2018/01/23 
2018/01/24 	244.49000549316406	247.0	240.83999633789062	244.49000549316406	10527	2018/01/24 
2018/01/25 	243.0	243.0	240.8300018310547	243.0	3160	2018/01/25 
2018/01/26 	244.99000549316406	244.99000549316406	244.99000549316406	244.99000549316406	1100	2018/01/26 
2018/01/29 	241.99000549316406	244.99000549316406	241.0	241.99000549316406	3582	2018/01/29 
2018/01/30 	241.99000549316406	241.99000549316406	241.99000549316406	241.99000549316406	0	2018/01/30 
2018/01/31 	244.99000549316406	244.99000549316406	244.99000549316406	244.99000549316406	201	2018/01/31 
2018/02/01 	244.99000549316406	244.99000549316406	244.99000549316406	244.99000549316406	2250	2018/02/01 
2018/02/02 	244.99000549316406	244.99000549316406	244.99000549316406	244.99000549316406	1	2018/02/02 
2018/02/05 	242.0	244.99000549316406	240.83999633789062	242.0	3162	2018/02/05 
2018/02/06 	241.5	242.97999572753906	240.0	241.5	5546	2018/02/06 
2018/02/07 	242.0	242.0	239.02000427246094	242.0	700	2018/02/07 
2018/02/08 	242.99000549316406	242.99000549316406	242.99000549316406	242.99000549316406	231	2018/02/08 
2018/02/09 	242.99000549316406	242.99000549316406	242.99000549316406	242.99000549316406	0	2018/02/09 
2018/02/12 	243.0	243.0	242.99000549316406	243.0	1078	2018/02/12 
2018/02/21 	244.97999572753906	245.99000549316406	244.97999572753906	244.97999572753906	1217	2018/02/21 
2018/02/22 	244.0	244.5	243.02000427246094	244.0	4011	2018/02/22 
2018/02/23 	245.97999572753906	245.97999572753906	241.0	245.97999572753906	2051	2018/02/23 
2018/02/26 	245.97999572753906	245.97999572753906	245.97999572753906	245.97999572753906	5	2018/02/26 
2018/02/27 	245.97999572753906	245.97999572753906	245.97999572753906	245.97999572753906	0	2018/02/27 
2018/03/01 	245.97999572753906	245.97999572753906	245.97999572753906	245.97999572753906	0	2018/03/01 
2018/03/02 	245.99000549316406	245.99000549316406	243.00999450683594	245.99000549316406	555	2018/03/02 
2018/03/05 	245.99000549316406	245.99000549316406	245.99000549316406	245.99000549316406	0	2018/03/05 
2018/03/06 	246.99000549316406	246.99000549316406	245.5	246.99000549316406	2610	2018/03/06 
2018/03/07 	245.50999450683594	245.50999450683594	245.50999450683594	245.50999450683594	46	2018/03/07 
2018/03/08 	247.99000549316406	247.99000549316406	247.99000549316406	247.99000549316406	200	2018/03/08 
2018/03/09 	247.99000549316406	247.99000549316406	245.02000427246094	247.99000549316406	130	2018/03/09 
2018/03/12 	247.5	247.5	246.0	247.5	1040	2018/03/12 
2018/03/13 	246.00999450683594	246.00999450683594	246.00999450683594	246.00999450683594	1000	2018/03/13 
2018/03/14 	246.00999450683594	246.00999450683594	246.00999450683594	246.00999450683594	0	2018/03/14 
2018/03/15 	245.25	246.00999450683594	245.25	245.25	1410	2018/03/15 
2018/03/16 	247.0	247.0	247.0	247.0	3000	2018/03/16 
2018/03/19 	250.0	250.0	250.0	250.0	6	2018/03/19 
2018/03/20 	249.99000549316406	249.99000549316406	249.99000549316406	249.99000549316406	11	2018/03/20 
2018/03/21 	249.99000549316406	249.99000549316406	249.99000549316406	249.99000549316406	0	2018/03/21 
2018/03/22 	249.99000549316406	249.99000549316406	249.99000549316406	249.99000549316406	1	2018/03/22 
2018/03/23 	247.99000549316406	249.99000549316406	246.00999450683594	247.99000549316406	70	2018/03/23 
2018/03/26 	249.99000549316406	249.99000549316406	249.99000549316406	249.99000549316406	100	2018/03/26 
2018/03/27 	249.0	249.99000549316406	249.0	249.0	1110	2018/03/27 
2018/03/28 	248.50999450683594	248.50999450683594	248.50999450683594	248.50999450683594	400	2018/03/28 
2018/03/29 	249.0	249.99000549316406	248.50999450683594	249.0	1220	2018/03/29 
2018/03/30 	249.99000549316406	249.99000549316406	248.50999450683594	249.99000549316406	200	2018/03/30 
2018/04/02 	248.00999450683594	250.0	248.00999450683594	248.00999450683594	3300	2018/04/02 
2018/04/03 	249.99000549316406	249.99000549316406	249.97999572753906	249.99000549316406	3340	2018/04/03 
2018/04/09 	250.0	250.0	249.00999450683594	250.0	4100	2018/04/09 
2018/04/10 	249.0	251.99000549316406	249.0	249.0	6008	2018/04/10 
2018/04/11 	249.99000549316406	250.0	249.0	249.99000549316406	5110	2018/04/11 
2018/04/12 	250.47999572753906	250.49000549316406	249.5	250.47999572753906	5273	2018/04/12 
2018/04/13 	250.97999572753906	250.97999572753906	250.97999572753906	250.97999572753906	8	2018/04/13 
2018/04/16 	250.0	250.0	249.00999450683594	250.0	1165	2018/04/16 
2018/04/17 	250.0	250.0	250.0	250.0	2000	2018/04/17 
2018/04/18 	250.0	250.0	250.0	250.0	1102	2018/04/18 
2018/04/19 	248.99000549316406	248.99000549316406	248.99000549316406	248.99000549316406	1102	2018/04/19 
2018/04/20 	250.0	250.99000549316406	250.0	250.0	3000	2018/04/20 
2018/04/23 	248.1999969482422	248.1999969482422	248.1999969482422	248.1999969482422	40	2018/04/23 
2018/04/24 	250.97000122070312	250.99000549316406	248.1999969482422	250.97000122070312	323	2018/04/24 
2018/04/25 	250.97000122070312	250.97000122070312	250.97000122070312	250.97000122070312	2	2018/04/25 
2018/04/26 	249.0	250.97000122070312	249.0	249.0	2001	2018/04/26 
2018/04/27 	248.5	250.0	248.0	248.5	5200	2018/04/27 
2018/04/30 	249.7899932861328	249.7899932861328	249.7899932861328	249.7899932861328	1100	2018/04/30 
2018/05/02 	248.0	249.7899932861328	248.0	248.0	245	2018/05/02 
2018/05/03 	249.7899932861328	249.7899932861328	248.0	249.7899932861328	321	2018/05/03 
2018/05/04 	249.7899932861328	249.7899932861328	249.7899932861328	249.7899932861328	0	2018/05/04 
2018/05/07 	249.0	249.0	249.0	249.0	1030	2018/05/07 
2018/05/08 	249.0	249.0	249.0	249.0	0	2018/05/08 
2018/05/09 	248.99000549316406	248.99000549316406	248.99000549316406	248.99000549316406	30	2018/05/09 
2018/05/10 	248.7899932861328	248.7899932861328	245.00999450683594	248.7899932861328	3037	2018/05/10 
2018/05/11 	248.99000549316406	248.99000549316406	245.0	248.99000549316406	3100	2018/05/11 
2018/05/14 	248.99000549316406	248.99000549316406	248.99000549316406	248.99000549316406	23	2018/05/14 
2018/05/15 	245.00999450683594	245.00999450683594	245.00999450683594	245.00999450683594	1180	2018/05/15 
2018/05/16 	246.0	246.0	246.0	246.0	1000	2018/05/16 
2018/05/17 	245.5	247.97000122070312	245.00999450683594	245.5	1130	2018/05/17 
2018/05/18 	247.97000122070312	247.97000122070312	245.00999450683594	247.97000122070312	1130	2018/05/18 
2018/05/21 	245.3000030517578	245.3000030517578	245.00999450683594	245.3000030517578	110	2018/05/21 
2018/05/22 	245.3000030517578	245.3000030517578	245.3000030517578	245.3000030517578	0	2018/05/22 
2018/05/23 	246.0	246.0	246.0	246.0	1200	2018/05/23 
2018/05/24 	247.49000549316406	247.49000549316406	247.49000549316406	247.49000549316406	1280	2018/05/24 
2018/05/25 	245.0	245.00999450683594	245.0	245.0	1010	2018/05/25 
2018/05/28 	245.0	246.99000549316406	245.0	245.0	1012	2018/05/28 
2018/05/29 	245.0	245.0	245.0	245.0	0	2018/05/29 
2018/05/30 	245.0	245.0	245.0	245.0	50	2018/05/30 
2018/05/31 	245.0	245.0	245.0	245.0	0	2018/05/31 
2018/06/01 	245.99000549316406	245.99000549316406	245.99000549316406	245.99000549316406	10	2018/06/01 
2018/06/04 	245.99000549316406	245.99000549316406	245.99000549316406	245.99000549316406	20	2018/06/04 
2018/06/05 	245.99000549316406	245.99000549316406	245.99000549316406	245.99000549316406	0	2018/06/05 
2018/06/06 	245.99000549316406	245.99000549316406	245.99000549316406	245.99000549316406	0	2018/06/06 
2018/06/07 	240.00999450683594	240.00999450683594	240.00999450683594	240.00999450683594	30	2018/06/07 
2018/06/08 	240.00999450683594	240.00999450683594	240.00999450683594	240.00999450683594	0	2018/06/08 
2018/06/11 	245.99000549316406	245.99000549316406	245.99000549316406	245.99000549316406	220	2018/06/11 
2018/06/12 	245.97000122070312	246.0	240.0	245.97000122070312	3185	2018/06/12 
2018/06/13 	244.99000549316406	245.97000122070312	244.99000549316406	244.99000549316406	1272	2018/06/13 
2018/06/14 	240.0	240.0	240.0	240.0	1000	2018/06/14 
2018/06/15 	244.97000122070312	244.97000122070312	244.97000122070312	244.97000122070312	5	2018/06/15 
2018/06/19 	244.99000549316406	244.99000549316406	243.88999938964844	244.99000549316406	2122	2018/06/19 
2018/06/20 	244.0	244.0	243.0	244.0	2322	2018/06/20 
2018/06/21 	243.00999450683594	243.00999450683594	243.00999450683594	243.00999450683594	4	2018/06/21 
2018/06/22 	243.99000549316406	243.99000549316406	243.99000549316406	243.99000549316406	7	2018/06/22 
2018/06/25 	240.0	240.0	235.61000061035156	240.0	2405	2018/06/25 
2018/06/26 	240.0	240.0	240.0	240.0	0	2018/06/26 
2018/06/27 	243.0	243.0	243.0	243.0	17	2018/06/27 
2018/06/28 	242.99000549316406	242.99000549316406	242.99000549316406	242.99000549316406	2	2018/06/28 
2018/06/29 	244.0	244.0	242.0	244.0	4110	2018/06/29 
2018/07/02 	235.60000610351562	235.60000610351562	235.60000610351562	235.60000610351562	12	2018/07/02 
2018/07/03 	245.0	245.0	245.0	245.0	2	2018/07/03 
2018/07/04 	244.97999572753906	245.97999572753906	244.97999572753906	244.97999572753906	1047	2018/07/04 
2018/07/05 	244.0	244.99000549316406	235.60000610351562	244.0	1602	2018/07/05 
2018/07/06 	234.00999450683594	234.00999450683594	234.00999450683594	234.00999450683594	2	2018/07/06 
2018/07/09 	234.00999450683594	234.00999450683594	234.00999450683594	234.00999450683594	0	2018/07/09 
2018/07/10 	234.00999450683594	234.00999450683594	234.00999450683594	234.00999450683594	0	2018/07/10 
2018/07/11 	234.00999450683594	234.00999450683594	234.00999450683594	234.00999450683594	0	2018/07/11 
2018/07/12 	234.00999450683594	234.00999450683594	234.00999450683594	234.00999450683594	0	2018/07/12 
2018/07/13 	234.00999450683594	234.00999450683594	234.00999450683594	234.00999450683594	0	2018/07/13 
2018/07/16 	234.00999450683594	234.00999450683594	234.00999450683594	234.00999450683594	0	2018/07/16 
2018/07/17 	243.6699981689453	243.6699981689453	243.6699981689453	243.6699981689453	310	2018/07/17 
2018/07/18 	231.8000030517578	235.0	231.8000030517578	231.8000030517578	4000	2018/07/18 
2018/07/19 	231.8000030517578	231.8000030517578	231.8000030517578	231.8000030517578	0	2018/07/19 
2018/07/20 	231.8000030517578	231.8000030517578	231.8000030517578	231.8000030517578	0	2018/07/20 
2018/07/23 	240.0	240.0	232.6999969482422	240.0	1400	2018/07/23 
2018/07/24 	240.0	240.0	240.0	240.0	0	2018/07/24 
2018/07/25 	240.0	240.0	240.0	240.0	0	2018/07/25 
2018/07/26 	238.0	238.0	234.7899932861328	238.0	500	2018/07/26 
2018/07/27 	232.99000549316406	232.99000549316406	231.8000030517578	232.99000549316406	6487	2018/07/27 
2018/07/30 	230.0	233.0	221.35000610351562	230.0	18352	2018/07/30 
2018/07/31 	224.0	224.0	224.0	224.0	22	2018/07/31 
2018/08/01 	224.0	225.0	224.0	224.0	4070	2018/08/01 
2018/08/02 	224.0	224.0	223.00999450683594	224.0	5100	2018/08/02 
2018/08/03 	226.0	233.0	226.0	226.0	1100	2018/08/03 
2018/08/06 	226.0	226.0	226.0	226.0	0	2018/08/06 
2018/08/07 	226.0	226.0	226.0	226.0	0	2018/08/07 
2018/08/08 	232.99000549316406	232.99000549316406	223.0	232.99000549316406	1450	2018/08/08 
2018/08/09 	232.99000549316406	232.99000549316406	232.99000549316406	232.99000549316406	0	2018/08/09 
2018/08/10 	232.99000549316406	232.99000549316406	232.99000549316406	232.99000549316406	0	2018/08/10 
2018/08/13 	232.99000549316406	232.99000549316406	232.99000549316406	232.99000549316406	0	2018/08/13 
2018/08/14 	222.97999572753906	223.0	222.0	222.97999572753906	7310	2018/08/14 
2018/08/15 	222.0	222.0	211.86000061035156	222.0	1111	2018/08/15 
2018/08/16 	222.99000549316406	222.99000549316406	222.47000122070312	222.99000549316406	109	2018/08/16 
2018/08/17 	222.97000122070312	222.97000122070312	222.97000122070312	222.97000122070312	2	2018/08/17 
2018/08/20 	222.97000122070312	222.97000122070312	222.97000122070312	222.97000122070312	0	2018/08/20 
2018/08/21 	221.99000549316406	221.99000549316406	220.0	221.99000549316406	622	2018/08/21 
2018/08/22 	220.0	221.99000549316406	211.86000061035156	220.0	2193	2018/08/22 
2018/08/23 	220.88999938964844	220.97999572753906	220.0	220.88999938964844	1247	2018/08/23 
2018/08/24 	219.99000549316406	219.99000549316406	219.99000549316406	219.99000549316406	50	2018/08/24 
2018/08/27 	219.99000549316406	219.99000549316406	219.99000549316406	219.99000549316406	351	2018/08/27 
2018/08/28 	222.99000549316406	222.99000549316406	219.99000549316406	222.99000549316406	12007	2018/08/28 
2018/08/29 	213.69000244140625	214.99000549316406	213.0	213.69000244140625	2293	2018/08/29 
2018/08/30 	213.97999572753906	213.99000549316406	213.42999267578125	213.97999572753906	1342	2018/08/30 
2018/08/31 	214.99000549316406	214.99000549316406	213.97999572753906	214.99000549316406	5147	2018/08/31 
2018/09/03 	214.99000549316406	214.99000549316406	214.99000549316406	214.99000549316406	0	2018/09/03 
2018/09/04 	216.99000549316406	216.99000549316406	216.97999572753906	216.99000549316406	1314	2018/09/04 
2018/09/05 	216.97999572753906	216.97999572753906	210.0	216.97999572753906	1012	2018/09/05 
2018/09/06 	210.0	210.0	209.0	210.0	2330	2018/09/06 
2018/09/07 	210.0	210.0	210.0	210.0	0	2018/09/07 
2018/09/10 	210.08999633789062	210.08999633789062	209.0	210.08999633789062	2038	2018/09/10 
2018/09/11 	210.08999633789062	210.08999633789062	210.08999633789062	210.08999633789062	0	2018/09/11 
2018/09/12 	204.1999969482422	206.14999389648438	204.1999969482422	204.1999969482422	9165	2018/09/12 
2018/09/13 	201.0	201.0	201.0	201.0	1105	2018/09/13 
2018/09/14 	203.99000549316406	203.99000549316406	203.99000549316406	203.99000549316406	2000	2018/09/14 
2018/09/17 	203.99000549316406	203.99000549316406	203.99000549316406	203.99000549316406	0	2018/09/17 
2018/09/18 	208.0	208.0	203.0	208.0	9000	2018/09/18 
2018/09/19 	204.5	204.5	204.00999450683594	204.5	3200	2018/09/19 
2018/09/20 	204.0	204.1999969482422	202.0	204.0	4002	2018/09/20 
2018/09/21 	204.97000122070312	204.97000122070312	204.97000122070312	204.97000122070312	22	2018/09/21 
2018/09/25 	203.99000549316406	203.99000549316406	198.55999755859375	203.99000549316406	1941	2018/09/25 
2018/09/26 	200.0	200.0	200.0	200.0	220	2018/09/26 
2018/09/27 	201.0	204.0	199.02000427246094	201.0	1102	2018/09/27 
2018/09/28 	201.0	201.0	201.0	201.0	0	2018/09/28 
2018/10/01 	198.99000549316406	200.0	197.00999450683594	198.99000549316406	10815	2018/10/01 
2018/10/02 	197.0	198.60000610351562	195.0	197.0	527	2018/10/02 
2018/10/03 	199.0	200.0	198.97999572753906	199.0	1581	2018/10/03 
2018/10/04 	200.0	200.0	196.0	200.0	180	2018/10/04 
2018/10/05 	199.99000549316406	199.99000549316406	196.00999450683594	199.99000549316406	120	2018/10/05 
2018/10/08 	197.0	197.0	196.0	197.0	2040	2018/10/08 
2018/10/09 	187.14999389648438	196.00999450683594	187.14999389648438	187.14999389648438	2205	2018/10/09 
2018/10/11 	190.0	190.0	184.3000030517578	190.0	1150	2018/10/11 
2018/10/12 	190.0	190.0	190.0	190.0	0	2018/10/12 
2018/10/15 	190.0	190.0	190.0	190.0	0	2018/10/15 
2018/10/16 	184.99000549316406	191.0	183.35000610351562	184.99000549316406	8632	2018/10/16 
2018/10/17 	180.0	185.0	180.0	180.0	4620	2018/10/17 
2018/10/18 	185.99000549316406	185.99000549316406	185.99000549316406	185.99000549316406	74	2018/10/18 
2018/10/19 	185.99000549316406	185.99000549316406	185.99000549316406	185.99000549316406	0	2018/10/19 
2018/10/22 	185.99000549316406	185.99000549316406	185.99000549316406	185.99000549316406	0	2018/10/22 
2018/10/23 	177.02000427246094	185.99000549316406	177.02000427246094	177.02000427246094	2360	2018/10/23 
2018/10/24 	178.0	178.0	177.02000427246094	178.0	19	2018/10/24 
2018/10/25 	177.0500030517578	177.0500030517578	177.00999450683594	177.0500030517578	3500	2018/10/25 
2018/10/26 	177.0500030517578	177.0500030517578	177.0500030517578	177.0500030517578	0	2018/10/26 
2018/10/29 	185.0	185.0	185.0	185.0	230	2018/10/29 
2018/10/30 	185.0	185.0	185.0	185.0	20	2018/10/30 
2018/10/31 	185.0	185.0	185.0	185.0	0	2018/10/31 
2018/11/01 	185.0	185.0	185.0	185.0	20	2018/11/01 
2018/11/02 	185.0	185.0	185.0	185.0	0	2018/11/02 
2018/11/05 	185.0	185.0	185.0	185.0	0	2018/11/05 
2018/11/06 	185.0	185.0	185.0	185.0	0	2018/11/06 
2018/11/07 	185.0	185.0	185.0	185.0	0	2018/11/07 
2018/11/08 	185.0	185.0	185.0	185.0	0	2018/11/08 
2018/11/09 	185.0	185.0	185.0	185.0	0	2018/11/09 
2018/11/12 	185.0	185.0	185.0	185.0	101	2018/11/12 
2018/11/13 	185.0	185.0	185.0	185.0	0	2018/11/13 
2018/11/14 	185.0	185.0	185.0	185.0	100	2018/11/14 
2018/11/15 	185.0	185.0	185.0	185.0	0	2018/11/15 
2018/11/16 	185.0	185.0	185.0	185.0	10	2018/11/16 
2018/11/19 	185.0	185.0	185.0	185.0	50	2018/11/19 
2018/11/20 	178.0	178.0	177.0	178.0	300	2018/11/20 
2018/11/21 	178.0	178.0	178.0	178.0	0	2018/11/21 
2018/11/22 	185.0	185.0	185.0	185.0	10	2018/11/22 
2018/11/23 	185.0	185.0	185.0	185.0	0	2018/11/23 
2018/11/26 	180.0	180.0	177.0	180.0	2090	2018/11/26 
2018/11/27 	184.0	184.0	184.0	184.0	10	2018/11/27 
2018/11/28 	185.0	185.0	184.0	185.0	1160	2018/11/28 
2018/11/29 	180.0	184.08999633789062	180.0	180.0	1011	2018/11/29 
2018/11/30 	185.0	185.0	184.89999389648438	185.0	3440	2018/11/30 
2018/12/03 	185.0	185.0	185.0	185.0	1019	2018/12/03 
2018/12/04 	185.0	185.0	185.0	185.0	0	2018/12/04 
2018/12/05 	186.97000122070312	186.97000122070312	186.97000122070312	186.97000122070312	200	2018/12/05 
2018/12/06 	186.9499969482422	186.97000122070312	186.9499969482422	186.9499969482422	33	2018/12/06 
2018/12/07 	186.99000549316406	186.99000549316406	181.00999450683594	186.99000549316406	70	2018/12/07 
2018/12/10 	186.99000549316406	186.99000549316406	186.99000549316406	186.99000549316406	0	2018/12/10 
2018/12/11 	186.99000549316406	186.99000549316406	186.99000549316406	186.99000549316406	0	2018/12/11 
2018/12/12 	189.47000122070312	189.47000122070312	186.99000549316406	189.47000122070312	3250	2018/12/12 
2018/12/13 	189.47000122070312	189.47000122070312	189.47000122070312	189.47000122070312	150	2018/12/13 
2018/12/14 	193.0	193.0	189.47000122070312	193.0	2323	2018/12/14 
2018/12/17 	197.5	200.0	194.72000122070312	197.5	11910	2018/12/17 
2018/12/18 	197.5	197.5	197.5	197.5	0	2018/12/18 
2018/12/19 	203.99000549316406	203.99000549316406	203.99000549316406	203.99000549316406	1	2018/12/19 
2018/12/20 	203.99000549316406	203.99000549316406	202.0	203.99000549316406	2100	2018/12/20 
2018/12/21 	195.0	196.00999450683594	195.0	195.0	201	2018/12/21 
2018/12/24 	195.0	195.0	195.0	195.0	1000	2018/12/24 
2018/12/25 	195.0	195.0	195.0	195.0	2030	2018/12/25 
2018/12/26 	195.0	195.0	195.0	195.0	0	2018/12/26 
2018/12/27 	197.0	197.0	196.0	197.0	90	2018/12/27 
2018/12/28 	197.0	197.0	197.0	197.0	0	2018/12/28 
2019/01/02 	197.0	197.0	197.0	197.0	125	2019/01/02 
2019/01/03 	196.97999572753906	196.97999572753906	192.00999450683594	196.97999572753906	11	2019/01/03 
2019/01/04 	196.97999572753906	196.97999572753906	196.97999572753906	196.97999572753906	0	2019/01/04 
2019/01/07 	196.97999572753906	196.97999572753906	196.97999572753906	196.97999572753906	0	2019/01/07 
2019/01/08 	192.4600067138672	192.4600067138672	192.4600067138672	192.4600067138672	100	2019/01/08 
2019/01/09 	196.97999572753906	196.97999572753906	195.0	196.97999572753906	2150	2019/01/09 
2019/01/10 	193.00999450683594	196.97999572753906	193.00999450683594	193.00999450683594	15	2019/01/10 
2019/01/11 	193.00999450683594	193.00999450683594	193.00999450683594	193.00999450683594	0	2019/01/11 
2019/01/14 	193.00999450683594	193.00999450683594	193.00999450683594	193.00999450683594	0	2019/01/14 
2019/01/15 	193.00999450683594	193.00999450683594	193.00999450683594	193.00999450683594	0	2019/01/15 
2019/01/16 	193.00999450683594	193.00999450683594	193.00999450683594	193.00999450683594	20	2019/01/16 
2019/01/17 	193.00999450683594	193.00999450683594	193.00999450683594	193.00999450683594	0	2019/01/17 
2019/01/18 	193.00999450683594	193.00999450683594	193.00999450683594	193.00999450683594	0	2019/01/18 
2019/01/21 	193.00999450683594	193.00999450683594	193.00999450683594	193.00999450683594	0	2019/01/21 
2019/01/22 	193.00999450683594	193.00999450683594	193.00999450683594	193.00999450683594	0	2019/01/22 
2019/01/23 	193.00999450683594	193.00999450683594	193.00999450683594	193.00999450683594	0	2019/01/23 
2019/01/24 	193.00999450683594	193.00999450683594	193.00999450683594	193.00999450683594	0	2019/01/24 
2019/01/25 	193.00999450683594	193.00999450683594	193.00999450683594	193.00999450683594	0	2019/01/25 
2019/01/28 	193.00999450683594	193.00999450683594	193.00999450683594	193.00999450683594	0	2019/01/28 
2019/01/29 	193.00999450683594	193.00999450683594	193.00999450683594	193.00999450683594	0	2019/01/29 
2019/01/30 	190.0	194.0	189.0	190.0	13065	2019/01/30 
2019/02/11 	190.0	190.0	190.0	190.0	0	2019/02/11 
2019/02/12 	190.0	190.0	190.0	190.0	0	2019/02/12 
2019/02/13 	196.99000549316406	196.99000549316406	196.0	196.99000549316406	110	2019/02/13 
2019/02/14 	196.99000549316406	196.99000549316406	196.99000549316406	196.99000549316406	0	2019/02/14 
2019/02/15 	196.99000549316406	196.99000549316406	196.99000549316406	196.99000549316406	0	2019/02/15 
2019/02/18 	195.0	197.0	193.02000427246094	195.0	5012	2019/02/18 
2019/02/19 	197.0	198.0	195.0	197.0	4750	2019/02/19 
2019/02/20 	197.0	198.0	194.0	197.0	4802	2019/02/20 
2019/02/21 	200.0	200.0	197.99000549316406	200.0	184	2019/02/21 
2019/02/22 	200.99000549316406	200.99000549316406	200.99000549316406	200.99000549316406	125	2019/02/22 
2019/02/25 	202.08999633789062	202.08999633789062	200.0	202.08999633789062	3060	2019/02/25 
2019/02/26 	212.5	212.5	200.00999450683594	212.5	11179	2019/02/26 
2019/02/27 	227.99000549316406	227.99000549316406	210.0	227.99000549316406	24670	2019/02/27 
2019/03/04 	212.8000030517578	230.99000549316406	202.1699981689453	212.8000030517578	46311	2019/03/04 
2019/03/05 	212.77999877929688	212.7899932861328	202.1999969482422	212.77999877929688	2213	2019/03/05 
2019/03/06 	212.77999877929688	212.77999877929688	204.0	212.77999877929688	5225	2019/03/06 
2019/03/07 	207.99000549316406	212.77999877929688	203.0	207.99000549316406	8105	2019/03/07 
2019/03/08 	203.99000549316406	210.0	200.0	203.99000549316406	22351	2019/03/08 
2019/03/11 	209.0	210.0	201.02000427246094	209.0	18136	2019/03/11 
2019/03/12 	203.99000549316406	209.99000549316406	201.0	203.99000549316406	15361	2019/03/12 
2019/03/13 	208.99000549316406	209.0	202.0	208.99000549316406	6305	2019/03/13 
2019/03/14 	202.99000549316406	207.99000549316406	201.0	202.99000549316406	6097	2019/03/14 
2019/03/15 	201.99000549316406	202.99000549316406	200.0	201.99000549316406	10334	2019/03/15 
2019/03/18 	200.0	207.99000549316406	200.0	200.0	2209	2019/03/18 
2019/03/19 	201.97999572753906	207.99000549316406	200.0	201.97999572753906	3132	2019/03/19 
2019/03/20 	201.97999572753906	201.97999572753906	200.7100067138672	201.97999572753906	35	2019/03/20 
2019/03/21 	201.99000549316406	201.99000549316406	201.99000549316406	201.99000549316406	11	2019/03/21 
2019/03/22 	201.99000549316406	201.99000549316406	198.00999450683594	201.99000549316406	1010	2019/03/22 
2019/03/25 	196.00999450683594	200.99000549316406	196.00999450683594	196.00999450683594	17327	2019/03/25 
2019/03/26 	200.0	201.0	195.00999450683594	200.0	2356	2019/03/26 
2019/03/27 	201.99000549316406	201.99000549316406	195.00999450683594	201.99000549316406	2310	2019/03/27 
2019/03/28 	201.49000549316406	201.49000549316406	201.49000549316406	201.49000549316406	2000	2019/03/28 
2019/03/29 	201.49000549316406	201.49000549316406	201.49000549316406	201.49000549316406	0	2019/03/29 
2019/04/01 	201.49000549316406	204.99000549316406	199.0	201.49000549316406	8072	2019/04/01 
2019/04/02 	201.0	201.49000549316406	199.0	201.0	1581	2019/04/02 
2019/04/03 	200.97999572753906	200.97999572753906	200.97999572753906	200.97999572753906	142	2019/04/03 
2019/04/08 	203.99000549316406	203.99000549316406	200.0	203.99000549316406	10122	2019/04/08 
2019/04/09 	199.0	203.99000549316406	199.0	199.0	18608	2019/04/09 
2019/04/10 	201.99000549316406	201.99000549316406	198.10000610351562	201.99000549316406	2019	2019/04/10 
2019/04/11 	201.0	201.0	199.0	201.0	2010	2019/04/11 
2019/04/12 	199.0	203.99000549316406	199.0	199.0	10261	2019/04/12 
2019/04/15 	200.49000549316406	201.49000549316406	199.0	200.49000549316406	10009	2019/04/15 
2019/04/16 	199.99000549316406	200.97000122070312	198.11000061035156	199.99000549316406	11401	2019/04/16 
2019/04/17 	204.99000549316406	204.99000549316406	199.0	204.99000549316406	17325	2019/04/17 
2019/04/18 	203.99000549316406	209.97999572753906	200.02999877929688	203.99000549316406	5736	2019/04/18 
2019/04/19 	201.0	205.9600067138672	200.0	201.0	3623	2019/04/19 
2019/04/22 	201.99000549316406	205.97999572753906	200.1999969482422	201.99000549316406	10023	2019/04/22 
2019/04/23 	201.97999572753906	202.0	199.0	201.97999572753906	8004	2019/04/23 
2019/04/24 	201.99000549316406	201.99000549316406	198.61000061035156	201.99000549316406	5101	2019/04/24 
2019/04/25 	201.88999938964844	202.0	199.00999450683594	201.88999938964844	3029	2019/04/25 
2019/04/26 	201.7899932861328	201.7899932861328	201.7899932861328	201.7899932861328	11	2019/04/26 
2019/04/29 	201.7899932861328	201.88999938964844	199.10000610351562	201.7899932861328	4155	2019/04/29 
2019/04/30 	202.0	208.97999572753906	199.00999450683594	202.0	17487	2019/04/30 
2019/05/02 	202.99000549316406	202.99000549316406	200.0	202.99000549316406	4764	2019/05/02 
2019/05/03 	203.0	203.0	202.99000549316406	203.0	2002	2019/05/03 
2019/05/06 	209.97999572753906	215.0	202.0	209.97999572753906	19396	2019/05/06 
2019/05/07 	206.97000122070312	209.99000549316406	203.02000427246094	206.97000122070312	33160	2019/05/07 
2019/05/08 	206.47999572753906	206.99000549316406	203.0	206.47999572753906	3512	2019/05/08 
2019/05/09 	206.99000549316406	206.99000549316406	202.11000061035156	206.99000549316406	1561	2019/05/09 
2019/05/10 	209.99000549316406	209.99000549316406	209.99000549316406	209.99000549316406	1151	2019/05/10 
2019/05/13 	209.89999389648438	209.89999389648438	200.00999450683594	209.89999389648438	111	2019/05/13 
2019/05/14 	205.99000549316406	205.99000549316406	201.0	205.99000549316406	370	2019/05/14 
2019/05/15 	205.7899932861328	205.7899932861328	197.00999450683594	205.7899932861328	2110	2019/05/15 
2019/05/16 	204.5	205.0	201.0	204.5	15152	2019/05/16 
2019/05/17 	205.58999633789062	205.97999572753906	199.00999450683594	205.58999633789062	42	2019/05/17 
2019/05/20 	205.19000244140625	205.19000244140625	205.19000244140625	205.19000244140625	11	2019/05/20 
2019/05/21 	205.19000244140625	205.19000244140625	205.19000244140625	205.19000244140625	28	2019/05/21 
2019/05/22 	205.97999572753906	205.97999572753906	205.97999572753906	205.97999572753906	15	2019/05/22 
2019/05/23 	205.97999572753906	205.97999572753906	205.97999572753906	205.97999572753906	30	2019/05/23 
2019/05/24 	205.97999572753906	205.97999572753906	199.11000061035156	205.97999572753906	16	2019/05/24 
2019/05/27 	205.89999389648438	205.97999572753906	199.00999450683594	205.89999389648438	284	2019/05/27 
2019/05/28 	205.89999389648438	205.89999389648438	205.89999389648438	205.89999389648438	22	2019/05/28 
2019/05/29 	205.99000549316406	205.99000549316406	201.00999450683594	205.99000549316406	4008	2019/05/29 
2019/05/30 	205.99000549316406	205.99000549316406	201.00999450683594	205.99000549316406	5111	2019/05/30 
2019/05/31 	203.99000549316406	203.99000549316406	200.39999389648438	203.99000549316406	4129	2019/05/31 
2019/06/03 	205.97999572753906	205.97999572753906	200.02000427246094	205.97999572753906	3071	2019/06/03 
2019/06/04 	204.99000549316406	204.99000549316406	200.00999450683594	204.99000549316406	2055	2019/06/04 
2019/06/05 	203.0	205.0	199.00999450683594	203.0	1060	2019/06/05 
2019/06/06 	203.0	203.0	203.0	203.0	345	2019/06/06 
2019/06/10 	199.02999877929688	204.0	199.02999877929688	199.02999877929688	31	2019/06/10 
2019/06/11 	199.02999877929688	199.02999877929688	199.02999877929688	199.02999877929688	0	2019/06/11 
2019/06/12 	203.9600067138672	203.9600067138672	203.9600067138672	203.9600067138672	127	2019/06/12 
2019/06/13 	203.9600067138672	203.9600067138672	199.41000366210938	203.9600067138672	122	2019/06/13 
2019/06/14 	203.0	203.89999389648438	203.0	203.0	2005	2019/06/14 
2019/06/17 	202.99000549316406	202.99000549316406	199.41000366210938	202.99000549316406	3580	2019/06/17 
2019/06/18 	202.0	202.0	202.0	202.0	2040	2019/06/18 
2019/06/19 	199.50999450683594	202.0	199.50999450683594	199.50999450683594	466	2019/06/19 
2019/06/20 	202.97999572753906	202.97999572753906	202.97999572753906	202.97999572753906	30	2019/06/20 
2019/06/21 	202.97999572753906	202.97999572753906	202.97999572753906	202.97999572753906	0	2019/06/21 
2019/06/24 	201.99000549316406	201.99000549316406	199.50999450683594	201.99000549316406	5307	2019/06/24 
2019/06/25 	202.97999572753906	202.97999572753906	202.97999572753906	202.97999572753906	100	2019/06/25 
2019/06/26 	202.97999572753906	202.97999572753906	202.97999572753906	202.97999572753906	0	2019/06/26 
2019/06/27 	202.97999572753906	202.97999572753906	202.97999572753906	202.97999572753906	0	2019/06/27 
2019/06/28 	203.47999572753906	203.5	203.47999572753906	203.5	3038	2019/06/28 
2019/07/01 	203.5	203.5	200.50999450683594	201.5	1288	2019/07/01 
2019/07/02 	204.49000549316406	204.49000549316406	200.5	201.5	4750	2019/07/02 
2019/07/03 	201.5	201.5	201.5	201.5	0	2019/07/03 
2019/07/04 	201.00999450683594	202.0	201.00999450683594	202.0	7130	2019/07/04 
2019/07/05 	202.97999572753906	203.0	202.97999572753906	203.0	3100	2019/07/05 
2019/07/08 	203.0	203.0	203.0	203.0	0	2019/07/08 
2019/07/09 	201.0	201.10000610351562	200.00999450683594	201.0	4010	2019/07/09 
2019/07/10 	201.0	201.0	201.0	201.0	0	2019/07/10 
2019/07/11 	201.97999572753906	201.97999572753906	201.0	201.97999572753906	1417	2019/07/11 
2019/07/12 	201.97999572753906	201.97999572753906	201.97999572753906	201.97999572753906	0	2019/07/12 
2019/07/15 	202.0	202.2899932861328	202.0	202.2899932861328	1010	2019/07/15 
2019/07/16 	202.2899932861328	202.2899932861328	202.2899932861328	202.2899932861328	215	2019/07/16 
2019/07/17 	202.97999572753906	202.97999572753906	200.00999450683594	201.0	1030	2019/07/17 
2019/07/18 	199.00999450683594	199.00999450683594	199.00999450683594	199.00999450683594	10	2019/07/18 
2019/07/19 	202.97999572753906	202.97999572753906	201.99000549316406	201.99000549316406	41	2019/07/19 
2019/07/22 	201.0	201.0	199.00999450683594	199.00999450683594	1300	2019/07/22 
2019/07/23 	202.0	202.0	202.0	202.0	1000	2019/07/23 
2019/07/24 	202.97999572753906	202.99000549316406	202.0	202.99000549316406	3056	2019/07/24 
2019/07/25 	202.99000549316406	202.99000549316406	202.99000549316406	202.99000549316406	0	2019/07/25 
2019/07/26 	202.99000549316406	202.99000549316406	202.99000549316406	202.99000549316406	425	2019/07/26 
2019/07/29 	202.99000549316406	202.99000549316406	202.99000549316406	202.99000549316406	200	2019/07/29 
2019/07/30 	202.99000549316406	202.99000549316406	201.0	201.0	366	2019/07/30 
2019/07/31 	201.0	201.0	201.0	201.0	0	2019/07/31 
2019/08/01 	202.99000549316406	202.99000549316406	199.00999450683594	202.99000549316406	136	2019/08/01 
2019/08/02 	202.99000549316406	202.99000549316406	202.99000549316406	202.99000549316406	0	2019/08/02 
2019/08/05 	202.99000549316406	202.99000549316406	202.99000549316406	202.99000549316406	0	2019/08/05 
2019/08/06 	199.00999450683594	202.99000549316406	199.00999450683594	202.99000549316406	32	2019/08/06 
2019/08/07 	202.99000549316406	202.99000549316406	202.99000549316406	202.99000549316406	200	2019/08/07 
2019/08/08 	202.97999572753906	203.0	202.97999572753906	203.0	2005	2019/08/08 
2019/08/12 	201.0	203.0	200.0	202.0	11230	2019/08/12 
2019/08/13 	202.49000549316406	202.5	202.49000549316406	202.5	2099	2019/08/13 
2019/08/14 	202.5	202.5	201.50999450683594	202.0	7050	2019/08/14 
2019/08/15 	197.0	200.0	197.0	199.99000549316406	1325	2019/08/15 
2019/08/16 	199.97999572753906	199.97999572753906	197.0	197.0	1076	2019/08/16 
2019/08/19 	199.99000549316406	199.99000549316406	195.02999877929688	199.99000549316406	817	2019/08/19 
2019/08/20 	199.99000549316406	199.99000549316406	199.99000549316406	199.99000549316406	0	2019/08/20 
2019/08/21 	200.0	200.0	200.0	200.0	182	2019/08/21 
2019/08/22 	199.9499969482422	199.99000549316406	199.0	199.0	1250	2019/08/22 
2019/08/23 	199.99000549316406	199.99000549316406	199.99000549316406	199.99000549316406	30	2019/08/23 
2019/08/26 	194.36000061035156	195.0	194.36000061035156	195.0	3100	2019/08/26 
2019/08/27 	195.0	195.0	195.0	195.0	0	2019/08/27 
2019/08/28 	196.0	197.0	196.0	196.0	5000	2019/08/28 
2019/08/29 	196.0	196.0	196.0	196.0	0	2019/08/29 
2019/08/30 	194.00999450683594	194.00999450683594	194.00999450683594	194.00999450683594	100	2019/08/30 
2019/09/02 	199.0	200.0	199.0	200.0	2050	2019/09/02 
2019/09/03 	201.0	202.0	200.0	200.0	11070	2019/09/03 
2019/09/04 	201.5	202.0	201.0	202.0	6122	2019/09/04 
2019/09/05 	202.0	202.0	202.0	202.0	0	2019/09/05 
2019/09/06 	200.00999450683594	201.19000244140625	200.00999450683594	201.19000244140625	70	2019/09/06 
2019/09/10 	200.50999450683594	200.50999450683594	200.50999450683594	200.50999450683594	600	2019/09/10 
2019/09/11 	201.00999450683594	202.0	201.00999450683594	202.0	1100	2019/09/11 
2019/09/12 	204.99000549316406	204.99000549316406	204.99000549316406	204.99000549316406	120	2019/09/12 
2019/09/16 	204.99000549316406	205.0	201.00999450683594	201.00999450683594	1014	2019/09/16 
2019/09/17 	201.50999450683594	203.0	201.50999450683594	203.0	120	2019/09/17 
2019/09/18 	201.50999450683594	201.50999450683594	201.50999450683594	201.50999450683594	50	2019/09/18 
2019/09/19 	201.50999450683594	204.49000549316406	201.50999450683594	204.49000549316406	1121	2019/09/19 
2019/09/20 	201.5	210.52000427246094	201.5	210.52000427246094	5051	2019/09/20 
2019/09/23 	200.50999450683594	206.0	200.50999450683594	206.0	2448	2019/09/23 
2019/09/24 	208.0	208.0	201.00999450683594	201.00999450683594	2108	2019/09/24 
2019/09/25 	203.99000549316406	204.49000549316406	202.5	204.39999389648438	7463	2019/09/25 
2019/09/26 	204.38999938964844	204.38999938964844	204.38999938964844	204.38999938964844	26	2019/09/26 
2019/09/27 	204.38999938964844	204.38999938964844	200.50999450683594	204.38999938964844	45	2019/09/27 
2019/10/01 	200.50999450683594	204.38999938964844	200.50999450683594	200.50999450683594	1082	2019/10/01 
2019/10/02 	204.38999938964844	205.99000549316406	203.0	205.0	5160	2019/10/02 
2019/10/03 	203.00999450683594	205.88999938964844	202.00999450683594	205.88999938964844	10374	2019/10/03 
2019/10/04 	204.3000030517578	205.5	203.58999633789062	205.49000549316406	917	2019/10/04 
2019/10/07 	203.0	205.49000549316406	202.00999450683594	205.49000549316406	5461	2019/10/07 
2019/10/08 	205.0	205.5	204.0	204.0	5425	2019/10/08 
2019/10/09 	206.97999572753906	206.97999572753906	205.0	206.97999572753906	2002	2019/10/09 
2019/10/14 	206.97999572753906	206.97999572753906	202.50999450683594	206.97999572753906	1035	2019/10/14 
2019/10/15 	206.97999572753906	206.97999572753906	206.0	206.0	3025	2019/10/15 
2019/10/16 	202.50999450683594	206.0	202.5	206.0	1201	2019/10/16 
2019/10/17 	202.00999450683594	206.7899932861328	202.0	206.7899932861328	3361	2019/10/17 
2019/10/18 	206.7899932861328	206.7899932861328	206.7899932861328	206.7899932861328	1	2019/10/18 
2019/10/21 	202.00999450683594	206.7899932861328	202.0	206.0	2051	2019/10/21 
2019/10/22 	202.00999450683594	203.5	200.5	203.0	13838	2019/10/22 
2019/10/23 	202.99000549316406	202.99000549316406	202.99000549316406	202.99000549316406	2	2019/10/23 
2019/10/24 	200.50999450683594	200.50999450683594	200.50999450683594	200.50999450683594	2	2019/10/24 
2019/10/25 	200.50999450683594	202.0	200.0	202.0	7575	2019/10/25 
2019/10/28 	202.0	202.49000549316406	202.0	202.49000549316406	2321	2019/10/28 
2019/10/29 	200.50999450683594	202.47999572753906	200.0	202.0	8316	2019/10/29 
2019/10/30 	199.82000732421875	201.99000549316406	199.80999755859375	201.99000549316406	1460	2019/10/30 
2019/10/31 	201.99000549316406	202.0	199.80999755859375	202.0	4025	2019/10/31 
2019/11/01 	200.0	202.5	200.0	202.5	1701	2019/11/01 
2019/11/04 	202.49000549316406	202.49000549316406	202.49000549316406	202.49000549316406	622	2019/11/04 
2019/11/05 	202.1999969482422	203.0	202.19000244140625	203.0	2450	2019/11/05 
2019/11/06 	202.1999969482422	203.0	202.19000244140625	203.0	2450	2019/11/06 
2019/11/07 	199.91000366210938	203.0	199.91000366210938	203.0	222	2019/11/07 
2019/11/08 	203.0	203.0	203.0	203.0	0	2019/11/08 
2019/11/11 	202.49000549316406	202.49000549316406	200.00999450683594	202.0	1110	2019/11/11 
2019/11/12 	202.49000549316406	202.49000549316406	200.00999450683594	202.0	1110	2019/11/12 
2019/11/13 	200.50999450683594	201.99000549316406	200.5	200.5	4000	2019/11/13 
2019/11/14 	201.49000549316406	201.49000549316406	200.8800048828125	201.49000549316406	3320	2019/11/14 
2019/11/15 	201.5	201.99000549316406	201.5	201.99000549316406	1711	2019/11/15 
2019/11/18 	201.99000549316406	201.99000549316406	200.0	200.0	3710	2019/11/18 
2019/11/19 	200.0	201.99000549316406	200.0	200.0	3269	2019/11/19 
2019/11/20 	201.99000549316406	201.99000549316406	200.00999450683594	200.00999450683594	2325	2019/11/20 
2019/11/21 	201.99000549316406	201.99000549316406	200.00999450683594	200.00999450683594	2325	2019/11/21 
2019/11/22 	201.99000549316406	201.99000549316406	200.00999450683594	200.00999450683594	2100	2019/11/22 
2019/11/25 	200.0	201.99000549316406	200.0	201.99000549316406	4300	2019/11/25 
2019/11/26 	201.99000549316406	210.30999755859375	201.99000549316406	208.0	99003	2019/11/26 
2019/11/27 	208.89999389648438	233.5	207.00999450683594	230.0	85367	2019/11/27 
2019/11/28 	228.50999450683594	300.989990234375	228.50999450683594	275.0	194574	2019/11/28 
2019/11/29 	275.0	275.0	249.00999450683594	250.00999450683594	159840	2019/11/29 
2019/12/02 	255.6999969482422	259.0	244.00999450683594	248.0	79112	2019/12/02 
2019/12/03 	249.99000549316406	249.99000549316406	244.00999450683594	245.5	20426	2019/12/03 
2019/12/04 	246.0	248.0	244.0	245.0	21119	2019/12/04 
2019/12/05 	246.0	248.0	244.0	245.0	21119	2019/12/05 
2019/12/06 	242.0	247.89999389648438	242.0	247.88999938964844	9760	2019/12/06 
2019/12/09 	239.0	243.0	235.0	236.0	28605	2019/12/09 
2019/12/10 	239.0	243.0	235.0	236.0	28605	2019/12/10 
2019/12/11 	237.9499969482422	238.0	233.0	235.60000610351562	3500	2019/12/11 
2019/12/12 	232.5	236.0	226.0500030517578	230.88999938964844	21375	2019/12/12 
2019/12/13 	228.00999450683594	231.49000549316406	226.0	231.49000549316406	10881	2019/12/13 
2019/12/16 	227.0	228.0	226.0	226.99000549316406	19300	2019/12/16 
2019/12/17 	230.0	230.0	226.11000061035156	226.11000061035156	1170	2019/12/17 
2019/12/18 	231.0	233.5	228.00999450683594	230.0	8160	2019/12/18 
2019/12/19 	231.0	233.5	228.00999450683594	230.0	8160	2019/12/19 
2019/12/20 	230.14999389648438	240.0	230.14999389648438	240.0	3385	2019/12/20 
2019/12/23 	236.6199951171875	236.99000549316406	231.10000610351562	231.10000610351562	6380	2019/12/23 
2019/12/24 	236.99000549316406	237.0	236.99000549316406	237.0	1461	2019/12/24 
2019/12/25 	240.0	243.0	240.0	240.0	14885	2019/12/25 
2019/12/26 	249.99000549316406	275.0	248.0	267.0	136846	2019/12/26 
2019/12/27 	265.0	287.989990234375	265.0	270.0	68859	2019/12/27 
2019/12/30 	266.0	266.0	257.0	264.8999938964844	11922	2019/12/30 
2019/12/31 	267.989990234375	273.67999267578125	261.0	270.989990234375	16540	2019/12/31 
2020/01/02 	265.5	269.0	258.0	258.1000061035156	29671	2020/01/02 
2020/01/03 	262.989990234375	262.989990234375	253.0500030517578	260.0	16446	2020/01/03 
2020/01/06 	259.8999938964844	260.8900146484375	259.8999938964844	260.0	1420	2020/01/06 
2020/01/07 	260.0	260.0	253.0500030517578	260.0	4740	2020/01/07 
2020/01/08 	259.8999938964844	259.8999938964844	259.8999938964844	259.8999938964844	2150	2020/01/08 
2020/01/09 	254.0	259.8999938964844	252.0	259.8999938964844	3248	2020/01/09 
2020/01/10 	259.8999938964844	259.8999938964844	245.11000061035156	253.0	16380	2020/01/10 
2020/01/13 	254.0	254.0	253.9499969482422	253.9499969482422	2030	2020/01/13 
2020/01/14 	253.49000549316406	253.49000549316406	242.25999450683594	245.0	10295	2020/01/14 
2020/01/15 	249.99000549316406	260.989990234375	249.99000549316406	257.0	28690	2020/01/15 
2020/01/16 	255.0	261.0	255.0	261.0	31280	2020/01/16 
2020/01/17 	256.5	259.0	255.10000610351562	256.0	18713	2020/01/17 
2020/01/20 	256.010009765625	258.0	250.0	257.989990234375	19238	2020/01/20 
2020/01/30 	250.0	250.0	245.99000549316406	249.0	16035	2020/01/30 
2020/01/31 	250.0	250.99000549316406	245.99000549316406	250.99000549316406	16435	2020/01/31 
2020/02/03 	244.00999450683594	246.89999389648438	240.00999450683594	246.88999938964844	7675	2020/02/03 
2020/02/04 	246.83999633789062	251.0	245.00999450683594	246.0	8350	2020/02/04 
2020/02/05 	244.1999969482422	246.0	244.10000610351562	244.10000610351562	3205	2020/02/05 
2020/02/06 	251.99000549316406	251.99000549316406	244.00999450683594	245.0500030517578	31472	2020/02/06 
2020/02/07 	251.99000549316406	251.99000549316406	244.00999450683594	247.89999389648438	31855	2020/02/07 
2020/02/10 	244.00999450683594	245.0	240.00999450683594	243.0	21230	2020/02/10 
2020/02/11 	240.61000061035156	248.0	240.0	243.5	12641	2020/02/11 
2020/02/12 	243.5	243.5	243.5	243.5	0	2020/02/12 
2020/02/13 	249.99000549316406	249.99000549316406	242.0	242.10000610351562	1627	2020/02/13 
2020/02/14 	242.10000610351562	248.0	240.00999450683594	245.0	7740	2020/02/14 
2020/02/17 	241.10000610351562	241.10000610351562	241.10000610351562	241.10000610351562	1000	2020/02/17 
2020/02/18 	241.10000610351562	241.10000610351562	241.10000610351562	241.10000610351562	1000	2020/02/18 
2020/02/19 	242.0	247.0	242.0	247.0	320	2020/02/19 
2020/02/20 	242.0	245.0	240.8000030517578	242.0	19420	2020/02/20 
2020/02/21 	241.2100067138672	245.8000030517578	241.2100067138672	245.8000030517578	4810	2020/02/21 
2020/02/24 	241.6999969482422	244.0	240.11000061035156	242.5	6210	2020/02/24 
2020/02/25 	238.0	244.8000030517578	238.0	244.8000030517578	24341	2020/02/25 
2020/02/26 	240.0	240.0	238.5	240.0	6700	2020/02/26 
2020/02/27 	238.5	240.99000549316406	235.00999450683594	235.00999450683594	15445	2020/02/27 
2020/03/02 	232.00999450683594	236.0	232.0	235.0	8618	2020/03/02 
2020/03/03 	232.00999450683594	235.99000549316406	232.00999450683594	232.5	3204	2020/03/03 
2020/03/04 	235.0	235.0	232.0	235.0	5470	2020/03/04 
2020/03/05 	235.99000549316406	235.99000549316406	235.99000549316406	235.99000549316406	20	2020/03/05 
2020/03/06 	235.99000549316406	235.99000549316406	235.99000549316406	235.99000549316406	0	2020/03/06 
2020/03/09 	230.00999450683594	230.00999450683594	223.10000610351562	223.10000610351562	18045	2020/03/09 
2020/03/10 	229.0	229.0	220.0	222.0	19335	2020/03/10 
2020/03/11 	218.0	225.0	218.0	225.0	5398	2020/03/11 
2020/03/12 	218.10000610351562	224.9499969482422	216.0	216.1999969482422	8776	2020/03/12 
2020/03/13 	213.75	217.99000549316406	206.1999969482422	212.0	15619	2020/03/13 
2020/03/16 	212.0	212.0	200.00999450683594	207.0	7654	2020/03/16 
2020/03/17 	203.0	203.0	178.0	185.97999572753906	38999	2020/03/17 
2020/03/18 	185.97999572753906	185.97999572753906	185.97999572753906	185.97999572753906	0	2020/03/18 
2020/03/19 	182.5	182.5	168.6999969482422	175.0	25845	2020/03/19 
2020/03/20 	177.0	192.6300048828125	177.0	192.6300048828125	17255	2020/03/20 
2020/03/23 	182.5	183.0	179.5	183.0	10181	2020/03/23 
2020/03/24 	183.5	190.0	182.5	182.5	4208	2020/03/24 
2020/03/25 	190.0	199.0	190.0	199.0	8731	2020/03/25 
2020/03/26 	195.5	200.0	195.5	198.0	3736	2020/03/26 
2020/03/27 	201.0	208.5	199.0	204.0	12050	2020/03/27 
2020/03/30 	204.0	204.0	204.0	204.0	0	2020/03/30 
2020/03/31 	204.0	204.0	204.0	204.0	0	2020/03/31 
2020/04/01 	204.0	204.0	204.0	204.0	0	2020/04/01 
2020/04/06 	199.5	202.0	199.5	202.0	5110	2020/04/06 
2020/04/07 	204.0	206.0	202.0	206.0	3330	2020/04/07 
2020/04/08 	209.0	210.5	205.0	207.5	9805	2020/04/08 
2020/04/09 	206.5	210.0	206.0	210.0	8586	2020/04/09 
2020/04/10 	207.0	212.0	206.0	212.0	7271	2020/04/10 
2020/04/13 	209.0	214.0	209.0	211.0	8057	2020/04/13 
2020/04/14 	209.5	211.0	209.0	209.5	6470	2020/04/14 
2020/04/15 	211.5	217.0	211.5	217.0	18315	2020/04/15 
2020/04/16 	216.5	220.0	214.5	220.0	20128	2020/04/16 
2020/04/17 	220.0	222.0	219.0	219.5	21254	2020/04/17 
2020/04/20 	220.5	220.5	220.5	220.5	450	2020/04/20 
2020/04/21 	222.0	224.0	219.0	219.0	25294	2020/04/21 
2020/04/22 	209.5	216.5	209.0	216.5	7180	2020/04/22 
2020/04/23 	216.5	216.5	216.5	216.5	0	2020/04/23 
2020/04/24 	216.5	216.5	216.5	216.5	0	2020/04/24 
2020/04/27 	216.5	216.5	216.5	216.5	0	2020/04/27 
2020/04/28 	216.5	216.5	216.5	216.5	0	2020/04/28 
2020/04/29 	216.5	216.5	216.5	216.5	0	2020/04/29 
2020/04/30 	216.5	216.5	216.5	216.5	0	2020/04/30 
2020/05/04 	216.5	216.5	216.5	216.5	0	2020/05/04 
2020/05/05 	216.5	216.5	216.5	216.5	0	2020/05/05 
2020/05/06 	216.5	216.5	216.5	216.5	0	2020/05/06 
2020/05/07 	216.5	216.5	216.5	216.5	0	2020/05/07 
2020/05/08 	216.5	216.5	216.5	216.5	0	2020/05/08 
2020/05/11 	216.5	216.5	216.5	216.5	0	2020/05/11 
2020/05/12 	216.5	216.5	216.5	216.5	0	2020/05/12 
2020/05/13 	216.5	216.5	216.5	216.5	0	2020/05/13 
2020/05/14 	216.5	216.5	216.5	216.5	0	2020/05/14 
2020/05/15 	216.5	216.5	216.5	216.5	0	2020/05/15 
2020/05/18 	216.5	216.5	216.5	216.5	0	2020/05/18 
2020/05/19 	216.5	216.5	216.5	216.5	0	2020/05/19 
2020/05/20 	216.5	216.5	216.5	216.5	0	2020/05/20 
2020/05/21 	216.5	216.5	216.5	216.5	0	2020/05/21 
2020/05/22 	216.5	216.5	216.5	216.5	0	2020/05/22 
2020/05/25 	216.5	216.5	216.5	216.5	0	2020/05/25 
2020/05/26 	216.5	216.5	216.5	216.5	0	2020/05/26 
2020/05/27 	216.5	216.5	216.5	216.5	0	2020/05/27 
2020/05/28 	216.5	216.5	216.5	216.5	0	2020/05/28 
2020/05/29 	216.5	216.5	216.5	216.5	0	2020/05/29 
2020/06/01 	216.5	216.5	216.5	216.5	0	2020/06/01 
2020/06/02 	216.5	216.5	216.5	216.5	0	2020/06/02 
2020/06/03 	216.5	216.5	216.5	216.5	0	2020/06/03 
2020/06/04 	216.5	216.5	216.5	216.5	0	2020/06/04 
2020/06/05 	216.5	216.5	216.5	216.5	0	2020/06/05 
2020/06/08 	216.5	216.5	216.5	216.5	0	2020/06/08 
2020/06/09 	216.5	216.5	216.5	216.5	0	2020/06/09 
2020/06/10 	216.5	216.5	216.5	216.5	0	2020/06/10 
2020/06/11 	216.5	216.5	216.5	216.5	0	2020/06/11 
2020/06/12 	216.5	216.5	216.5	216.5	0	2020/06/12 
2020/06/15 	216.5	216.5	216.5	216.5	0	2020/06/15 
2020/06/16 	216.5	216.5	216.5	216.5	0	2020/06/16 
2020/06/17 	216.5	216.5	216.5	216.5	0	2020/06/17 
2020/06/18 	216.5	216.5	216.5	216.5	0	2020/06/18 
2020/06/19 	216.5	216.5	216.5	216.5	0	2020/06/19 
2020/06/22 	216.5	216.5	216.5	216.5	0	2020/06/22 
2020/06/23 	216.5	216.5	216.5	216.5	0	2020/06/23 
2020/06/24 	216.5	216.5	216.5	216.5	0	2020/06/24 
2020/06/29 	216.5	216.5	216.5	216.5	0	2020/06/29 
2020/06/30 	216.5	216.5	216.5	216.5	0	2020/06/30 
2020/07/01 	216.5	216.5	216.5	216.5	0	2020/07/01 
2020/07/02 	216.5	216.5	216.5	216.5	0	2020/07/02 
2020/07/03 	216.5	216.5	216.5	216.5	0	2020/07/03 
2020/07/06 	216.5	216.5	216.5	216.5	0	2020/07/06 
2020/07/07 	216.5	216.5	216.5	216.5	0	2020/07/07 
2020/07/08 	216.5	216.5	216.5	216.5	0	2020/07/08 
2020/07/09 	216.5	216.5	216.5	216.5	0	2020/07/09 
2020/07/10 	216.5	216.5	216.5	216.5	0	2020/07/10 
2020/07/13 	216.5	216.5	216.5	216.5	0	2020/07/13 
2020/07/14 	216.5	216.5	216.5	216.5	0	2020/07/14 
2020/07/15 	216.5	216.5	216.5	216.5	0	2020/07/15 
2020/07/16 	216.5	216.5	216.5	216.5	0	2020/07/16 
2020/07/17 	216.5	216.5	216.5	216.5	0	2020/07/17 
2020/07/20 	216.5	216.5	216.5	216.5	0	2020/07/20 
2020/07/21 	216.5	216.5	216.5	216.5	0	2020/07/21 
2020/07/22 	216.5	216.5	216.5	216.5	0	2020/07/22 
2020/07/23 	216.5	216.5	216.5	216.5	0	2020/07/23 
2020/07/24 	216.5	216.5	216.5	216.5	0	2020/07/24 
2020/07/27 	273.0	280.0	273.0	274.5	15761	2020/07/27 
2020/07/28 	277.0	283.5	276.0	280.0	69634	2020/07/28 
2020/07/29 	280.5	282.0	276.0	279.5	13452	2020/07/29 
2020/07/30 	280.0	281.0	280.0	281.0	5402	2020/07/30 
2020/07/31 	283.5	283.5	278.5	281.5	16804	2020/07/31 
2020/08/03 	284.0	287.0	282.0	284.0	28831	2020/08/03 
2020/08/04 	286.5	286.5	282.0	282.0	22616	2020/08/04 
2020/08/05 	289.5	289.5	283.0	286.0	11124	2020/08/05 
2020/08/06 	286.5	286.5	279.5	279.5	17145	2020/08/06 
2020/08/07 	279.5	280.0	273.0	275.0	17520	2020/08/07 
2020/08/10 	280.5	280.5	275.0	280.0	12226	2020/08/10 
2020/08/11 	278.0	283.5	276.0	280.0	19604	2020/08/11 
2020/08/12 	283.5	283.5	278.0	281.0	9068	2020/08/12 
2020/08/13 	282.0	283.5	279.0	282.0	15778	2020/08/13 
2020/08/14 	282.5	282.5	279.0	282.0	21651	2020/08/14 
2020/08/17 	282.0	283.0	280.0	283.0	13951	2020/08/17 
2020/08/18 	280.5	282.5	276.0	277.0	72747	2020/08/18 
2020/08/19 	278.0	281.5	276.5	280.0	6379	2020/08/19 
2020/08/20 	276.5	277.5	270.0	276.0	47241	2020/08/20 
2020/08/21 	276.0	280.0	276.0	280.0	14591	2020/08/21 
2020/08/24 	280.5	280.5	278.0	280.5	18199	2020/08/24 
2020/08/25 	277.5	280.0	273.5	277.5	16649	2020/08/25 
2020/08/26 	278.5	280.0	275.5	280.0	25814	2020/08/26 
2020/08/27 	279.0	283.0	278.5	282.5	42723	2020/08/27 
2020/08/28 	282.5	283.0	280.5	281.5	26925	2020/08/28 
2020/08/31 	283.0	286.0	282.0	284.5	43303	2020/08/31 
2020/09/01 	285.5	289.0	284.0	289.0	41003	2020/09/01 
2020/09/02 	289.5	289.5	285.0	287.0	38302	2020/09/02 
2020/09/03 	287.0	289.5	286.5	287.5	25335	2020/09/03 
2020/09/04 	285.0	288.0	285.0	285.5	29256	2020/09/04 
2020/09/07 	289.0	291.0	286.5	288.0	76613	2020/09/07 
2020/09/08 	289.0	289.0	286.5	288.0	21851	2020/09/08 
2020/09/09 	288.0	288.0	282.0	286.0	34547	2020/09/09 
2020/09/10 	286.0	300.0	285.0	300.0	188150	2020/09/10 
2020/09/11 	299.5	421.5	299.5	401.5	1044079	2020/09/11 
2020/09/14 	383.5	424.5	383.5	413.5	1093024	2020/09/14 
2020/09/15 	421.0	427.5	398.0	406.0	432406	2020/09/15 
2020/09/16 	415.0	418.0	396.5	400.0	169085	2020/09/16 
2020/09/17 	400.0	400.0	365.0	379.0	321655	2020/09/17 
2020/09/18 	374.0	384.0	370.0	372.5	137377	2020/09/18 
2020/09/21 	372.0	378.5	320.0	328.0	682713	2020/09/21 
2020/09/22 	309.5	338.5	309.5	335.0	188958	2020/09/22 
2020/09/23 	342.5	343.0	316.5	328.5	277823	2020/09/23 
2020/09/24 	331.5	334.0	320.0	332.0	156320	2020/09/24 
2020/09/25 	335.5	336.0	325.5	331.0	217660	2020/09/25 
2020/09/28 	334.5	334.5	325.0	328.5	101688	2020/09/28 
2020/09/29 	330.0	331.5	320.0	320.5	148289	2020/09/29 
2020/09/30 	323.0	324.5	309.0	316.0	149397	2020/09/30 
2020/10/05 	315.0	321.0	310.0	321.0	132313	2020/10/05 
2020/10/06 	320.0	341.5	319.5	340.0	374298	2020/10/06 
2020/10/07 	336.5	341.0	327.0	333.5	196477	2020/10/07 
2020/10/08 	331.0	331.0	321.0	325.5	152031	2020/10/08 
2020/10/12 	300.0	301.5	283.0	285.5	2978312	2020/10/12 
2020/10/13 	285.5	287.0	272.0	279.0	1359773	2020/10/13 
2020/10/14 	279.0	292.0	278.0	291.0	1223298	2020/10/14 
2020/10/15 	285.0	289.0	280.5	284.5	776759	2020/10/15 
2020/10/16 	282.0	286.0	281.0	282.5	383895	2020/10/16 
2020/10/19 	282.0	282.0	271.5	273.0	927392	2020/10/19 
2020/10/20 	271.0	271.0	261.0	262.5	834916	2020/10/20 
2020/10/21 	264.5	272.0	264.5	271.0	496942	2020/10/21 
2020/10/22 	269.5	269.5	266.0	268.0	262855	2020/10/22 
2020/10/23 	269.0	274.5	269.0	273.0	274438	2020/10/23 
2020/10/26 	272.0	272.0	266.0	267.5	203480	2020/10/26 
2020/10/27 	265.0	265.0	262.0	264.0	151867	2020/10/27 
2020/10/28 	263.0	269.0	263.0	264.0	193230	2020/10/28 
2020/10/29 	262.0	262.0	259.0	261.5	264550	2020/10/29 
2020/10/30 	261.5	261.5	258.5	258.5	210948	2020/10/30 
2020/11/02 	259.0	259.0	246.0	248.0	602248	2020/11/02 
2020/11/03 	250.0	253.0	248.5	248.5	275901	2020/11/03 
2020/11/04 	251.5	252.0	249.0	250.5	164572	2020/11/04 
2020/11/05 	250.5	262.5	249.0	258.0	380180	2020/11/05 
2020/11/06 	260.0	260.0	255.0	255.0	206356	2020/11/06 
2020/11/09 	257.5	260.0	256.0	257.5	184105	2020/11/09 
2020/11/10 	259.0	259.0	254.0	255.5	226310	2020/11/10 
2020/11/11 	256.5	257.5	252.0	253.0	281332	2020/11/11 
2020/11/12 	255.0	255.5	249.5	251.0	193572	2020/11/12 
2020/11/13 	251.0	253.5	250.0	253.0	133587	2020/11/13 
2020/11/16 	257.0	261.5	253.0	261.0	546915	2020/11/16 
2020/11/17 	263.0	264.0	258.0	258.5	346330	2020/11/17 
2020/11/18 	258.5	258.5	253.5	257.5	219155	2020/11/18 
2020/11/19 	256.0	258.5	255.5	257.5	126210	2020/11/19 
2020/11/20 	258.5	259.5	257.0	259.0	127162	2020/11/20 
2020/11/23 	260.0	262.0	259.5	261.0	239112	2020/11/23 
2020/11/24 	262.5	264.5	261.0	262.0	231190	2020/11/24 
2020/11/25 	262.5	264.0	261.0	261.0	255200	2020/11/25 
2020/11/26 	262.5	262.5	258.0	258.0	208450	2020/11/26 
2020/11/27 	258.0	259.0	255.5	257.0	148240	2020/11/27 
2020/11/30 	257.0	258.0	254.5	254.5	204181	2020/11/30 
2020/12/01 	256.0	256.0	251.5	252.5	254460	2020/12/01 
2020/12/02 	253.5	255.0	251.5	254.0	159416	2020/12/02 
2020/12/03 	254.5	254.5	250.5	251.5	263200	2020/12/03 
2020/12/04 	251.5	257.5	251.5	257.5	374336	2020/12/04 
2020/12/07 	260.0	261.0	257.0	258.5	353300	2020/12/07 
2020/12/08 	259.0	260.0	257.5	258.0	189100	2020/12/08 
2020/12/09 	258.5	259.5	256.5	258.5	182550	2020/12/09 
2020/12/10 	258.5	258.5	256.5	258.0	155200	2020/12/10 
2020/12/11 	258.0	258.5	253.0	255.0	244305	2020/12/11 
2020/12/14 	255.0	255.0	252.5	253.5	130158	2020/12/14 
2020/12/15 	253.5	254.0	251.0	251.5	143102	2020/12/15 
2020/12/16 	252.0	253.5	252.0	253.0	72528	2020/12/16 
2020/12/17 	253.0	253.5	253.0	253.0	97526	2020/12/17 
2020/12/18 	253.0	253.0	252.0	252.0	67500	2020/12/18 
2020/12/21 	252.5	253.5	252.0	252.5	108471	2020/12/21 
2020/12/22 	252.5	259.0	252.5	255.0	279467	2020/12/22 
2020/12/23 	255.0	255.5	254.5	254.5	120300	2020/12/23 
2020/12/24 	255.0	257.0	255.0	255.5	108100	2020/12/24 
2020/12/25 	255.5	257.0	255.5	256.0	90759	2020/12/25 
2020/12/28 	257.0	257.0	255.5	255.5	84023	2020/12/28 
2020/12/29 	256.0	256.0	253.5	254.0	108451	2020/12/29 
2020/12/30 	254.0	254.0	252.0	253.0	120385	2020/12/30 
2020/12/31 	252.5	254.5	252.5	253.0	70180	2020/12/31 
2021/01/04 	254.0	254.0	252.0	253.0	108203	2021/01/04 
2021/01/05 	253.0	253.0	251.5	252.0	159200	2021/01/05 
2021/01/06 	253.0	253.5	248.0	249.0	262397	2021/01/06 
2021/01/07 	249.0	251.5	248.0	250.0	172266	2021/01/07 
2021/01/08 	250.0	250.0	247.5	248.0	179461	2021/01/08 
2021/01/11 	248.0	249.0	247.0	248.0	126125	2021/01/11 
2021/01/12 	250.5	252.5	248.5	248.5	191288	2021/01/12 
2021/01/13 	249.0	249.5	248.0	248.0	163493	2021/01/13 
2021/01/14 	250.5	250.5	248.0	248.5	105250	2021/01/14 
2021/01/15 	250.0	250.0	242.5	242.5	328811	2021/01/15 
2021/01/18 	242.0	242.0	235.5	236.5	325376	2021/01/18 
2021/01/19 	239.0	239.0	235.5	236.5	114771	2021/01/19 
2021/01/20 	236.5	237.0	228.0	228.0	385409	2021/01/20 
2021/01/21 	228.5	229.5	228.0	228.0	180727	2021/01/21 
2021/01/22 	229.0	229.0	222.0	224.0	213336	2021/01/22 
2021/01/25 	222.0	228.5	220.0	228.5	265770	2021/01/25 
2021/01/26 	228.5	244.0	228.5	240.0	492120	2021/01/26 
2021/01/27 	239.0	239.5	236.0	236.0	156341	2021/01/27 
2021/01/28 	233.0	234.0	230.5	231.5	117100	2021/01/28 
2021/01/29 	235.0	235.0	230.0	230.0	119424	2021/01/29 
2021/02/01 	230.0	233.0	225.0	230.5	101017	2021/02/01 
2021/02/02 	231.5	231.5	228.5	230.0	80621	2021/02/02 
2021/02/03 	231.0	231.0	229.5	230.0	58200	2021/02/03 
2021/02/04 	230.0	233.5	230.0	233.0	114176	2021/02/04 
2021/02/05 	235.0	235.0	232.0	234.0	108012	2021/02/05 
2021/02/17 	238.5	240.0	236.5	237.5	152005	2021/02/17 
2021/02/18 	238.5	239.0	236.5	237.0	91230	2021/02/18 
2021/02/19 	236.5	239.0	236.5	239.0	95300	2021/02/19 
2021/02/22 	241.0	242.5	240.0	242.0	203945	2021/02/22 
2021/02/23 	241.5	242.0	239.5	241.5	125400	2021/02/23 
2021/02/24 	241.5	241.5	239.0	239.0	94023	2021/02/24 
2021/02/25 	243.0	243.0	240.0	240.5	82072	2021/02/25 
2021/02/26 	241.0	241.0	239.0	240.0	117194	2021/02/26 
2021/03/02 	241.5	241.5	238.0	238.0	85391	2021/03/02 
2021/03/03 	240.0	240.0	235.0	238.5	86065	2021/03/03 
2021/03/04 	239.0	239.0	236.0	236.0	68300	2021/03/04 
2021/03/05 	234.5	236.0	234.0	235.5	71000	2021/03/05 
2021/03/08 	238.5	239.0	235.5	235.5	57024	2021/03/08 
2021/03/09 	236.0	239.0	235.5	238.5	107123	2021/03/09 
2021/03/10 	239.0	239.0	237.0	238.0	61005	2021/03/10 
2021/03/11 	238.0	239.5	238.0	238.5	92100	2021/03/11 
2021/03/12 	238.5	239.5	237.0	239.0	70125	2021/03/12 
2021/03/15 	239.0	240.0	238.5	240.0	81100	2021/03/15 
2021/03/16 	243.5	249.5	243.5	249.5	539789	2021/03/16 
2021/03/17 	250.0	251.0	245.5	246.0	264038	2021/03/17 
2021/03/18 	249.0	249.0	245.5	247.0	167220	2021/03/18 
2021/03/19 	247.0	247.0	244.0	245.0	154041	2021/03/19 
2021/03/22 	246.0	246.0	242.5	243.5	156322	2021/03/22 
2021/03/23 	243.5	245.5	242.5	242.5	69105	2021/03/23 
2021/03/24 	242.5	244.5	242.0	244.0	68017	2021/03/24 
2021/03/25 	244.5	244.5	242.0	244.0	65070	2021/03/25 
2021/03/26 	245.5	245.5	244.5	245.0	78025	2021/03/26 
2021/03/29 	244.5	246.0	244.5	245.5	55200	2021/03/29 
2021/03/30 	246.0	246.0	245.0	245.5	63125	2021/03/30 
2021/03/31 	246.0	247.0	245.5	246.5	115305	2021/03/31 
2021/04/01 	247.0	247.0	245.5	245.5	93100	2021/04/01 
2021/04/07 	244.5	245.5	243.5	244.0	90000	2021/04/07 
2021/04/08 	245.0	245.5	244.0	244.5	68203	2021/04/08 
2021/04/09 	245.0	245.0	243.0	243.0	98270	2021/04/09 
2021/04/12 	243.0	244.0	242.5	243.0	71126	2021/04/12 
2021/04/13 	245.0	246.5	245.0	245.0	141124	2021/04/13 
2021/04/14 	246.5	246.5	242.0	243.0	119023	2021/04/14 
2021/04/15 	244.0	244.0	242.5	244.0	47399	2021/04/15 
2021/04/16 	244.0	245.0	243.5	245.0	64120	2021/04/16 
2021/04/19 	246.0	247.0	246.0	246.5	155222	2021/04/19 
2021/04/20 	248.5	252.5	248.0	252.0	486711	2021/04/20 
2021/04/21 	252.0	252.0	248.5	248.5	194001	2021/04/21 
2021/04/22 	249.0	249.0	245.0	245.5	202000	2021/04/22 
2021/04/23 	246.0	248.0	245.5	246.5	101010	2021/04/23 
2021/04/26 	247.0	248.5	245.5	245.5	80290	2021/04/26 
2021/04/27 	245.5	247.5	245.0	247.5	137500	2021/04/27 
2021/04/28 	249.0	249.0	246.5	247.0	59210	2021/04/28 
2021/04/29 	248.5	248.5	245.5	245.5	89061	2021/04/29 
2021/05/03 	245.5	245.5	241.5	241.5	153107	2021/05/03 
2021/05/04 	242.5	243.0	239.5	240.5	160077	2021/05/04 
2021/05/05 	240.5	242.0	240.5	240.5	36270	2021/05/05 
2021/05/06 	243.0	248.5	241.0	244.0	92060	2021/05/06 
2021/05/07 	246.5	248.5	244.5	247.5	124186	2021/05/07 
2021/05/10 	248.0	248.0	245.0	245.0	42050	2021/05/10 
2021/05/11 	247.5	249.0	239.0	240.0	241166	2021/05/11 
2021/05/12 	236.5	238.5	221.0	228.0	341598	2021/05/12 
2021/05/13 	223.5	228.0	223.5	224.5	170116	2021/05/13 
2021/05/14 	227.5	228.0	225.0	225.0	78060	2021/05/14 
2021/05/17 	212.5	221.0	212.0	213.0	205034	2021/05/17 
2021/05/18 	215.0	224.5	214.5	223.0	125052	2021/05/18 
2021/05/19 	223.0	223.0	217.5	219.5	116070	2021/05/19 
2021/05/20 	219.5	220.0	217.5	218.0	99150	2021/05/20 
2021/05/21 	221.5	221.5	217.5	219.0	87050	2021/05/21 
2021/05/24 	220.0	222.5	218.0	218.5	92300	2021/05/24 
2021/05/25 	220.0	221.5	220.0	220.5	100000	2021/05/25 
2021/05/26 	221.5	221.5	220.0	221.5	56050	2021/05/26 
2021/05/27 	220.0	220.5	218.5	220.5	44431	2021/05/27 
2021/05/28 	221.0	223.5	220.0	222.5	114199	2021/05/28 
2021/05/31 	222.0	223.0	221.0	221.5	75038	2021/05/31 
2021/06/01 	221.5	222.0	221.0	221.5	71500	2021/06/01 
2021/06/02 	222.5	222.5	221.0	221.5	114015	2021/06/02 
2021/06/03 	221.5	222.0	221.0	221.5	53176	2021/06/03 
2021/06/04 	222.5	222.5	221.0	221.0	54200	2021/06/04 
2021/06/07 	222.0	222.0	219.0	220.5	81000	2021/06/07 
2021/06/08 	220.5	222.5	220.5	221.5	31411	2021/06/08 
2021/06/09 	221.5	221.5	220.5	221.0	20099	2021/06/09 
2021/06/10 	221.0	224.0	221.0	224.0	89177	2021/06/10 
2021/06/11 	225.5	226.0	223.5	223.5	150000	2021/06/11 
2021/06/15 	224.0	224.5	222.0	224.5	66100	2021/06/15 
2021/06/16 	224.5	224.5	223.0	224.0	36000	2021/06/16 
2021/06/17 	224.0	225.0	224.0	225.0	54010	2021/06/17 
2021/06/18 	225.0	227.0	224.5	227.0	115310	2021/06/18 
2021/06/21 	227.0	227.0	225.0	225.5	64025	2021/06/21 
2021/06/22 	226.0	226.5	225.0	225.0	54020	2021/06/22 
2021/06/23 	225.0	226.5	223.5	226.5	92000	2021/06/23 
2021/06/24 	228.0	228.5	227.0	227.5	43176	2021/06/24 
2021/06/25 	228.5	232.5	228.0	230.0	143061	2021/06/25 
2021/06/28 	233.0	233.0	230.0	231.0	55076	2021/06/28 
2021/06/29 	231.0	231.0	227.0	227.5	79005	2021/06/29 
2021/06/30 	228.0	229.0	227.5	227.5	43073	2021/06/30 
2021/07/01 	228.5	230.0	227.0	227.5	72100	2021/07/01 
2021/07/02 	227.5	227.5	226.0	226.5	76000	2021/07/02 
2021/07/05 	227.0	228.0	226.5	228.0	44190	2021/07/05 
2021/07/06 	229.0	229.0	226.5	227.0	38100	2021/07/06 
2021/07/07 	227.5	228.5	226.0	227.5	49073	2021/07/07 
2021/07/08 	228.5	228.5	227.0	228.0	57050	2021/07/08 
2021/07/09 	228.0	228.0	226.0	227.0	31040	2021/07/09 
2021/07/12 	228.0	228.0	226.5	227.0	71000	2021/07/12 
2021/07/13 	228.5	230.5	227.0	229.5	206100	2021/07/13 
2021/07/14 	231.0	231.0	227.5	228.0	53008	2021/07/14 
2021/07/15 	228.5	228.5	227.0	228.0	38158	2021/07/15 
2021/07/16 	228.0	228.0	227.0	228.0	39000	2021/07/16 
2021/07/19 	229.5	230.0	228.0	229.0	36000	2021/07/19 
2021/07/20 	228.5	228.5	226.5	227.0	32024	2021/07/20 
2021/07/21 	228.0	228.0	226.0	226.5	46000	2021/07/21 
2021/07/22 	227.0	228.0	226.5	226.5	37000	2021/07/22 
2021/07/23 	227.0	227.5	226.0	226.5	41110	2021/07/23 
2021/07/26 	227.5	227.5	226.5	227.0	34017	2021/07/26 
2021/07/27 	227.0	227.5	226.0	226.0	35000	2021/07/27 
2021/07/28 	226.0	226.0	224.0	225.0	72000	2021/07/28 
2021/07/29 	226.5	226.5	226.0	226.5	21000	2021/07/29 
2021/07/30 	226.0	226.0	225.0	225.0	31588	2021/07/30 
2021/08/02 	225.0	226.0	224.0	226.0	29000	2021/08/02 
2021/08/03 	225.0	225.5	224.5	225.5	26200	2021/08/03 
2021/08/04 	224.5	225.5	224.5	225.5	34020	2021/08/04 
2021/08/05 	226.0	226.0	225.0	225.5	24010	2021/08/05 
2021/08/06 	224.0	225.0	224.0	225.0	30302	2021/08/06 
2021/08/09 	225.5	225.5	223.0	224.0	51000	2021/08/09 
2021/08/10 	225.5	226.0	223.5	223.5	64036	2021/08/10 
2021/08/11 	224.5	224.5	222.5	223.0	77000	2021/08/11 
2021/08/12 	224.5	225.0	223.5	225.0	25100	2021/08/12 
2021/08/13 	224.5	224.5	222.5	223.0	41050	2021/08/13 
2021/08/16 	223.0	223.0	220.5	221.0	50025	2021/08/16 
2021/08/17 	220.0	220.5	219.0	219.5	51300	2021/08/17 
2021/08/18 	219.0	220.0	217.0	219.0	92006	2021/08/18 
2021/08/19 	217.0	219.5	216.0	216.0	71229	2021/08/19 
2021/08/20 	216.0	218.0	215.0	217.0	69020	2021/08/20 
2021/08/23 	217.5	222.0	217.5	222.0	40124	2021/08/23 
2021/08/24 	220.0	222.5	219.0	219.0	26014	2021/08/24 
2021/08/25 	220.5	221.0	220.0	220.0	14006	2021/08/25 
2021/08/26 	223.0	224.5	221.5	223.0	50024	2021/08/26 
2021/08/27 	223.0	227.5	223.0	227.0	93122	2021/08/27 
2021/08/30 	228.0	229.5	226.5	227.0	71013	2021/08/30 
2021/08/31 	227.0	229.0	227.0	228.0	21050	2021/08/31 
2021/09/01 	229.0	230.0	227.0	228.5	57105	2021/09/01 
2021/09/02 	228.5	228.5	225.5	226.0	31140	2021/09/02 
2021/09/03 	226.5	228.0	226.5	228.0	26100	2021/09/03 
2021/09/06 	228.0	229.5	227.5	227.5	60302	2021/09/06 
2021/09/07 	227.5	227.5	226.0	227.5	41100	2021/09/07 
2021/09/08 	227.0	227.0	224.5	225.5	95005	2021/09/08 
2021/09/09 	225.0	228.5	225.0	228.5	127383	2021/09/09 
2021/09/10 	217.5	218.5	217.0	217.5	75124	2021/09/10 
2021/09/13 	217.5	217.5	215.5	216.5	45200	2021/09/13 
2021/09/14 	216.0	216.0	215.5	216.0	19010	2021/09/14 
2021/09/15 	215.0	216.0	214.0	215.5	51020	2021/09/15 
2021/09/16 	215.5	215.5	214.0	214.5	40400	2021/09/16 
2021/09/17 	214.0	215.0	213.0	213.5	22232	2021/09/17 
2021/09/22 	210.0	211.0	210.0	211.0	44086	2021/09/22 
2021/09/23 	211.0	212.0	210.0	210.5	42027	2021/09/23 
2021/09/24 	212.0	212.0	210.5	210.5	39150	2021/09/24 
2021/09/27 	211.5	213.5	211.5	212.0	25138	2021/09/27 
2021/09/28 	214.5	214.5	211.0	211.0	34100	2021/09/28 
2021/09/29 	210.5	210.5	209.5	209.5	53000	2021/09/29 
2021/09/30 	210.0	211.0	209.5	210.5	18040	2021/09/30 
2021/10/01 	209.5	210.0	207.5	209.0	92010	2021/10/01 
2021/10/04 	208.0	210.0	206.5	206.5	57300	2021/10/04 
2021/10/05 	202.5	205.5	202.5	204.5	42075	2021/10/05 
2021/10/06 	205.0	205.0	203.0	203.5	38000	2021/10/06 
2021/10/07 	203.0	205.0	203.0	205.0	49250	2021/10/07 
2021/10/08 	205.0	205.0	203.0	204.0	37100	2021/10/08 
2021/10/12 	205.0	210.5	202.0	210.5	103096	2021/10/12 
2021/10/13 	211.5	211.5	207.0	208.0	29120	2021/10/13 
2021/10/14 	206.5	208.0	206.5	208.0	32300	2021/10/14 
2021/10/15 	208.0	210.0	208.0	209.5	66085	2021/10/15 
2021/10/18 	210.0	210.5	209.5	210.5	43105	2021/10/18 
2021/10/19 	211.0	214.0	210.5	214.0	54013	2021/10/19 
2021/10/20 	214.0	214.0	211.0	211.5	38100	2021/10/20 
2021/10/21 	212.5	217.0	211.5	214.0	277011	2021/10/21 
2021/10/22 	217.0	217.0	213.0	213.5	40040	2021/10/22 
2021/10/25 	211.5	213.0	210.5	211.5	31177	2021/10/25 
2021/10/26 	211.0	213.0	211.0	212.0	31009	2021/10/26 
2021/10/27 	213.0	217.0	213.0	215.5	69017	2021/10/27 
2021/10/28 	217.0	217.0	215.5	216.5	21028	2021/10/28 
2021/10/29 	217.0	218.0	214.0	214.5	26100	2021/10/29 
2021/11/01 	214.5	214.5	211.5	212.0	34024	2021/11/01 
2021/11/02 	211.5	213.0	211.0	212.5	29006	2021/11/02 
2021/11/03 	212.5	212.5	211.5	212.5	14100	2021/11/03 
2021/11/04 	212.5	213.0	212.0	212.0	6000	2021/11/04 
2021/11/05 	211.5	212.0	210.0	211.5	27179	2021/11/05 
2021/11/08 	211.5	211.5	210.5	211.0	22060	2021/11/08 
2021/11/09 	212.0	213.0	210.5	211.5	64080	2021/11/09 
2021/11/10 	212.0	213.5	211.5	212.0	31012	2021/11/10 
2021/11/11 	211.0	212.0	210.5	211.5	48010	2021/11/11 
2021/11/12 	215.0	215.0	213.0	213.0	35147	2021/11/12 
2021/11/15 	216.0	217.0	214.0	217.0	68618	2021/11/15 
2021/11/16 	216.0	216.5	215.0	216.5	44264	2021/11/16 
2021/11/17 	217.0	217.0	215.5	216.5	45302	2021/11/17 
2021/11/18 	217.5	217.5	216.0	216.5	50165	2021/11/18 
2021/11/19 	217.0	217.0	215.0	215.5	32015	2021/11/19 
2021/11/22 	215.5	216.0	215.0	215.0	18000	2021/11/22 
2021/11/23 	216.5	216.5	214.5	216.0	17066	2021/11/23 
2021/11/24 	216.0	216.0	215.0	215.5	17012	2021/11/24 
2021/11/25 	216.0	216.0	214.5	215.0	23013	2021/11/25 
2021/11/26 	215.5	215.5	211.5	212.5	37000	2021/11/26 
2021/11/29 	209.5	212.5	209.0	211.5	49050	2021/11/29 
2021/11/30 	211.0	212.0	210.5	210.5	29000	2021/11/30 
2021/12/01 	211.5	211.5	210.5	211.0	24000	2021/12/01 
2021/12/02 	211.0	211.0	209.0	209.5	39110	2021/12/02 
2021/12/03 	210.5	211.0	209.5	210.5	24045	2021/12/03 
2021/12/06 	210.0	210.0	209.0	209.0	26199	2021/12/06 
2021/12/07 	211.5	211.5	209.5	209.5	16080	2021/12/07 
2021/12/08 	210.0	211.0	209.0	209.5	59072	2021/12/08 
2021/12/09 	210.0	210.5	209.0	210.0	27033	2021/12/09 
2021/12/10 	209.5	211.0	209.5	211.0	50072	2021/12/10 
2021/12/13 	211.0	211.5	210.0	210.0	36200	2021/12/13 
2021/12/14 	210.0	210.5	209.5	209.5	26010	2021/12/14 
2021/12/15 	209.5	209.5	209.0	209.0	27000	2021/12/15 
2021/12/16 	210.0	210.0	209.5	209.5	10000	2021/12/16 
2021/12/17 	210.0	210.0	209.0	209.0	51101	2021/12/17 
2021/12/20 	209.5	210.0	209.0	209.5	28001	2021/12/20 
2021/12/21 	209.5	211.0	209.5	210.0	36050	2021/12/21 
2021/12/22 	210.0	211.0	209.5	209.5	23135	2021/12/22 
2021/12/23 	209.5	210.5	209.5	209.5	25010	2021/12/23 
2021/12/24 	209.5	210.0	209.5	209.5	37001	2021/12/24 
2021/12/27 	210.0	211.0	209.5	210.5	32065	2021/12/27 
2021/12/28 	210.5	223.0	210.5	218.0	272012	2021/12/28 
2021/12/29 	218.0	221.0	218.0	218.5	138151	2021/12/29 
2021/12/30 	218.5	218.5	216.5	216.5	41100	2021/12/30 
2022/01/03 	217.0	217.5	216.0	216.0	36050	2022/01/03 
2022/01/04 	216.0	216.5	215.0	216.5	38200	2022/01/04 
2022/01/05 	216.0	217.5	215.5	217.0	38020	2022/01/05 
2022/01/06 	217.0	223.0	217.0	220.0	123121	2022/01/06 
2022/01/07 	220.0	220.5	218.5	219.0	76020	2022/01/07 
2022/01/10 	219.0	219.0	217.0	218.0	38049	2022/01/10 
2022/01/11 	218.0	218.0	215.0	215.5	55201	2022/01/11 
2022/01/12 	215.5	216.5	215.5	216.5	34077	2022/01/12 
2022/01/13 	216.0	216.0	215.0	216.0	26123	2022/01/13 
2022/01/14 	215.0	215.0	214.0	215.0	24100	2022/01/14 
2022/01/17 	215.0	215.5	214.0	215.5	11006	2022/01/17 
2022/01/18 	215.5	216.0	215.0	216.0	21200	2022/01/18 
2022/01/19 	214.0	214.5	211.5	211.5	60103	2022/01/19 
2022/01/20 	211.5	213.5	211.5	213.0	18100	2022/01/20 
2022/01/21 	212.5	212.5	211.5	211.5	21100	2022/01/21 
2022/01/24 	211.0	211.0	209.0	210.5	46050	2022/01/24 
2022/01/25 	210.0	210.5	209.5	209.5	31000	2022/01/25 
2022/01/26 	210.0	210.5	209.0	209.0	38020	2022/01/26 
2022/02/07 	209.5	210.5	209.0	210.5	34344	2022/02/07 
2022/02/08 	211.0	211.5	211.0	211.5	19050	2022/02/08 
2022/02/09 	211.5	212.5	211.5	212.5	35010	2022/02/09 
2022/02/10 	213.0	215.5	212.5	214.0	36036	2022/02/10 
2022/02/11 	214.0	215.0	214.0	214.5	34065	2022/02/11 
2022/02/14 	214.0	214.0	212.0	212.0	21011	2022/02/14 
2022/02/15 	216.0	216.0	213.5	214.0	41062	2022/02/15 
2022/02/16 	215.5	215.5	214.0	214.5	37550	2022/02/16 
2022/02/17 	215.0	216.5	215.0	216.0	37025	2022/02/17 
2022/02/18 	215.5	216.0	215.0	215.5	33030	2022/02/18 
2022/02/21 	215.0	215.5	214.0	215.0	31050	2022/02/21 
2022/02/22 	214.5	215.0	213.0	214.0	37030	2022/02/22 
2022/02/23 	214.0	215.0	213.0	214.5	25000	2022/02/23 
2022/02/24 	213.5	214.0	211.5	212.5	71040	2022/02/24 
2022/02/25 	213.0	213.0	211.0	211.5	29339	2022/02/25 
2022/03/01 	212.0	213.0	211.5	212.5	26349	2022/03/01 
2022/03/02 	212.5	212.5	211.5	212.5	33100	2022/03/02 
2022/03/03 	213.0	213.0	211.5	212.5	22300	2022/03/03 
2022/03/04 	211.0	212.5	211.0	212.5	26360	2022/03/04 
2022/03/07 	210.5	210.5	207.5	208.0	97039	2022/03/07 
2022/03/08 	206.0	207.0	205.0	205.0	78344	2022/03/08 
2022/03/09 	205.5	206.5	205.5	205.5	34035	2022/03/09 
2022/03/10 	206.5	209.5	206.5	209.0	12027	2022/03/10 
2022/03/11 	208.0	208.0	206.0	206.5	39004	2022/03/11 
2022/03/14 	207.0	208.0	207.0	207.0	11401	2022/03/14 
2022/03/15 	206.0	206.0	204.5	204.5	54100	2022/03/15 
2022/03/16 	205.0	206.0	205.0	205.5	16385	2022/03/16 
2022/03/17 	208.0	211.0	206.0	209.5	55503	2022/03/17 
2022/03/18 	209.0	209.0	207.5	209.0	12100	2022/03/18 
2022/03/21 	210.0	210.0	207.0	208.0	33098	2022/03/21 
2022/03/22 	208.0	208.5	208.0	208.5	6006	2022/03/22 
2022/03/23 	208.0	209.5	208.0	209.5	16214	2022/03/23 
2022/03/24 	211.0	213.0	210.0	211.5	70453	2022/03/24 
2022/03/25 	211.5	211.5	210.0	210.0	20270	2022/03/25 
2022/03/28 	209.5	210.5	209.5	209.5	18010	2022/03/28 
2022/03/29 	209.5	211.5	209.5	210.5	21060	2022/03/29 
2022/03/30 	210.5	213.0	210.0	212.0	33365	2022/03/30 
2022/03/31 	212.5	212.5	212.0	212.0	17010	2022/03/31 
2022/04/01 	212.0	212.0	209.0	209.5	33010	2022/04/01 
2022/04/06 	209.0	210.0	209.0	209.0	42190	2022/04/06 
2022/04/07 	209.5	209.5	208.0	208.0	28000	2022/04/07 
2022/04/08 	209.0	209.0	207.5	208.5	9040	2022/04/08 
2022/04/11 	208.0	208.0	206.0	206.0	39078	2022/04/11 
2022/04/12 	205.5	208.0	205.5	206.0	14090	2022/04/12 
2022/04/13 	208.0	208.5	206.0	207.5	65100	2022/04/13 
2022/04/14 	208.5	209.5	208.0	209.5	30116	2022/04/14 
2022/04/15 	209.5	209.5	207.0	207.0	25070	2022/04/15 
2022/04/18 	206.0	208.5	206.0	206.5	28000	2022/04/18 
2022/04/19 	208.5	208.5	206.0	207.5	24050	2022/04/19 
2022/04/20 	207.5	208.5	207.0	208.0	15150	2022/04/20 
2022/04/21 	208.0	208.0	206.5	206.5	23006	2022/04/21 
2022/04/22 	206.0	206.5	206.0	206.5	24000	2022/04/22 
2022/04/25 	205.0	205.0	204.5	204.5	42000	2022/04/25 
2022/04/26 	204.5	205.5	204.5	205.5	28129	2022/04/26 
2022/04/27 	204.5	204.5	202.0	203.5	49000	2022/04/27 
2022/04/28 	204.0	204.0	203.0	204.0	15200	2022/04/28 
2022/04/29 	203.5	203.5	203.0	203.5	10500	2022/04/29 
2022/05/03 	203.5	203.5	203.5	203.5	4200	2022/05/03 
2022/05/04 	204.5	205.0	204.0	205.0	16070	2022/05/04 
2022/05/05 	204.5	207.0	204.5	206.5	14000	2022/05/05 
2022/05/06 	203.5	206.0	203.5	206.0	11010	2022/05/06 
2022/05/09 	205.0	206.0	205.0	205.0	28130	2022/05/09 
2022/05/10 	206.5	206.5	205.0	206.0	27001	2022/05/10 
2022/05/11 	206.0	206.5	206.0	206.5	22000	2022/05/11 
2022/05/12 	207.0	207.0	205.0	205.5	40050	2022/05/12 
2022/05/13 	206.0	206.0	205.5	206.0	21000	2022/05/13 
2022/05/16 	207.0	207.0	205.0	205.0	29000	2022/05/16 
2022/05/17 	206.0	207.0	206.0	206.0	17000	2022/05/17 
2022/05/18 	206.0	207.5	205.5	205.5	23000	2022/05/18 
2022/05/19 	205.5	206.5	204.0	206.5	23038	2022/05/19 
2022/05/20 	206.5	206.5	205.5	206.5	19000	2022/05/20 
2022/05/23 	206.5	207.0	206.0	206.0	6030	2022/05/23 
2022/05/24 	206.0	207.0	205.5	205.5	19000	2022/05/24 
2022/05/25 	206.0	207.0	205.5	207.0	17075	2022/05/25 
2022/05/26 	207.0	207.0	206.5	207.0	6060	2022/05/26 
2022/05/27 	207.5	208.0	206.0	207.5	20041	2022/05/27 
2022/05/30 	209.0	214.5	209.0	211.0	60021	2022/05/30 
2022/05/31 	211.0	211.0	209.5	210.0	17000	2022/05/31 
2022/06/01 	210.5	211.5	210.5	211.0	22020	2022/06/01 
2022/06/02 	211.0	211.5	209.5	209.5	26084	2022/06/02 
2022/06/06 	210.0	210.0	209.5	209.5	10100	2022/06/06 
2022/06/07 	209.5	210.0	209.5	210.0	7103	2022/06/07 
2022/06/08 	211.0	211.5	210.5	210.5	24010	2022/06/08 
2022/06/09 	211.0	211.5	210.5	211.0	16080	2022/06/09 
2022/06/10 	211.0	211.0	210.0	210.0	8037	2022/06/10 
2022/06/13 	208.0	208.0	206.0	206.5	36081	2022/06/13 
2022/06/14 	205.5	206.5	204.5	205.5	32049	2022/06/14 
2022/06/15 	205.5	208.0	205.5	207.0	27230	2022/06/15 
2022/06/16 	209.0	209.0	206.0	206.0	19165	2022/06/16 
2022/06/17 	204.0	206.0	204.0	205.0	19000	2022/06/17 
2022/06/20 	208.0	208.0	204.5	205.0	39000	2022/06/20 
2022/06/21 	209.0	209.0	207.0	209.0	39060	2022/06/21 
2022/06/22 	209.5	209.5	206.5	207.0	22080	2022/06/22 
2022/06/23 	207.5	209.5	207.0	207.5	36150	2022/06/23 
2022/06/24 	209.0	209.5	208.0	208.0	25120	2022/06/24 
2022/06/27 	209.5	210.5	209.5	210.5	42138	2022/06/27 
2022/06/28 	210.5	210.5	209.5	210.5	21050	2022/06/28 
2022/06/29 	209.0	210.0	208.0	209.0	19030	2022/06/29 
2022/06/30 	208.0	208.0	205.5	205.5	47000	2022/06/30 
2022/07/01 	206.0	206.5	204.0	205.0	63000	2022/07/01 
2022/07/04 	205.5	207.5	205.5	207.0	100015	2022/07/04 
2022/07/05 	199.0	201.0	198.0	199.5	73070	2022/07/05 
2022/07/06 	197.0	199.5	197.0	197.0	37014	2022/07/06 
2022/07/07 	198.0	199.0	197.0	199.0	39003	2022/07/07 
2022/07/08 	199.0	200.5	198.0	200.0	56050	2022/07/08 
2022/07/11 	200.0	200.0	197.5	199.0	19000	2022/07/11 
2022/07/12 	199.0	201.0	198.5	199.0	38000	2022/07/12 
2022/07/13 	200.5	200.5	198.0	199.5	32050	2022/07/13 
2022/07/14 	199.5	199.5	198.0	199.0	25000	2022/07/14 
2022/07/15 	198.5	199.5	198.0	199.5	38321	2022/07/15 
2022/07/18 	199.0	199.0	198.0	199.0	20020	2022/07/18 
2022/07/19 	198.0	200.0	198.0	200.0	27005	2022/07/19 
2022/07/20 	200.0	200.5	199.0	199.0	27000	2022/07/20 
2022/07/21 	199.5	200.0	199.5	199.5	10100	2022/07/21 
2022/07/22 	199.5	200.0	199.0	200.0	19014	2022/07/22 
2022/07/25 	199.0	200.0	199.0	200.0	10052	2022/07/25 
2022/07/26 	199.5	199.5	199.0	199.0	20005	2022/07/26 
2022/07/27 	199.0	200.0	199.0	200.0	21100	2022/07/27 
2022/07/28 	200.0	200.5	200.0	200.0	29219	2022/07/28 
2022/07/29 	200.5	201.0	199.5	199.5	42015	2022/07/29 
2022/08/01 	200.0	200.5	199.5	200.0	19025	2022/08/01 
2022/08/02 	200.0	200.0	198.5	200.0	34045	2022/08/02 
2022/08/03 	200.5	200.5	198.5	199.0	38116	2022/08/03 
2022/08/04 	199.0	199.0	198.0	198.5	39200	2022/08/04 
2022/08/05 	199.5	200.5	199.0	200.0	21028	2022/08/05 
2022/08/08 	199.5	201.0	199.5	201.0	41080	2022/08/08 
2022/08/09 	201.5	202.0	201.0	202.0	27153	2022/08/09 
2022/08/10 	202.0	204.5	202.0	204.0	67075	2022/08/10 
2022/08/11 	205.0	205.0	203.0	204.5	35050	2022/08/11 
2022/08/12 	204.0	205.0	204.0	205.0	10018	2022/08/12 
2022/08/15 	206.5	206.5	205.5	206.0	29316	2022/08/15 
2022/08/16 	207.0	207.0	205.0	205.5	19109	2022/08/16 
2022/08/17 	205.0	205.0	204.5	205.0	30008	2022/08/17 
2022/08/18 	205.5	206.0	205.0	206.0	46020	2022/08/18 
2022/08/19 	207.0	207.0	205.0	205.5	35010	2022/08/19 
2022/08/22 	204.0	206.0	204.0	206.0	15000	2022/08/22 
2022/08/23 	205.5	205.5	205.0	205.0	18060	2022/08/23 
2022/08/24 	205.0	205.5	204.5	205.5	8000	2022/08/24 
2022/08/25 	205.5	205.5	205.0	205.5	6025	2022/08/25 
2022/08/26 	205.5	205.5	205.0	205.5	28005	2022/08/26 
2022/08/29 	203.5	204.5	203.5	204.0	41022	2022/08/29 
2022/08/30 	203.5	204.5	203.5	204.0	25010	2022/08/30 
2022/08/31 	204.0	204.5	204.0	204.5	5000	2022/08/31 
2022/09/01 	204.5	204.5	202.5	203.5	44206	2022/09/01 
2022/09/02 	205.0	205.0	203.0	204.0	18000	2022/09/02 
2022/09/05 	203.5	203.5	202.5	203.5	40050	2022/09/05 
2022/09/06 	204.0	204.0	202.5	203.0	32001	2022/09/06 
2022/09/07 	202.5	203.0	202.0	203.0	31000	2022/09/07 
2022/09/08 	203.0	204.5	203.0	204.5	12000	2022/09/08 
2022/09/12 	204.5	205.0	204.0	204.5	17000	2022/09/12 
2022/09/13 	205.0	206.0	204.5	205.5	36050	2022/09/13 
2022/09/14 	205.5	205.5	203.5	205.0	27001	2022/09/14 
2022/09/15 	205.0	206.5	205.0	206.5	39020	2022/09/15 
2022/09/16 	207.0	207.0	206.0	206.5	62002	2022/09/16 
2022/09/19 	207.0	207.0	205.0	205.5	27010	2022/09/19 
2022/09/20 	205.0	206.5	204.5	206.5	40105	2022/09/20 
2022/09/21 	205.5	206.5	205.0	205.0	35001	2022/09/21 
2022/09/22 	205.0	212.0	204.5	212.0	110211	2022/09/22 
2022/09/23 	210.5	222.0	209.5	216.0	265100	2022/09/23 
2022/09/26 	214.0	214.0	208.5	209.0	99007	2022/09/26 
2022/09/27 	210.0	210.0	208.0	209.5	40103	2022/09/27 
2022/09/28 	209.5	210.0	206.0	206.0	75107	2022/09/28 
2022/09/29 	208.0	210.0	206.0	207.0	52000	2022/09/29 
2022/09/30 	207.0	207.0	205.5	207.0	30300	2022/09/30 
2022/10/03 	207.0	207.0	205.5	207.0	35000	2022/10/03 
2022/10/04 	208.5	208.5	207.0	208.0	42001	2022/10/04 
2022/10/05 	209.5	209.5	207.5	207.5	43000	2022/10/05 
2022/10/06 	208.5	208.5	207.0	208.5	29050	2022/10/06 
2022/10/07 	207.5	208.0	205.5	206.5	44045	2022/10/07 
2022/10/11 	204.0	204.0	201.0	204.0	66158	2022/10/11 
2022/10/12 	204.0	204.5	203.0	204.0	26120	2022/10/12 
2022/10/13 	204.0	204.0	201.0	201.0	55106	2022/10/13 
2022/10/14 	203.0	203.0	202.0	203.0	22000	2022/10/14 
2022/10/17 	202.0	202.0	198.5	202.0	77006	2022/10/17 
2022/10/18 	202.0	203.0	200.0	202.5	38000	2022/10/18 
2022/10/19 	201.0	202.5	199.5	200.5	49080	2022/10/19 
2022/10/20 	200.5	200.5	193.0	200.0	386023	2022/10/20 
2022/10/21 	199.5	200.5	196.5	198.5	87020	2022/10/21 
2022/10/24 	200.5	200.5	198.5	200.0	51034	2022/10/24 
2022/10/25 	200.0	200.0	198.0	199.0	41009	2022/10/25 
2022/10/26 	198.0	198.5	197.0	197.5	26000	2022/10/26 
2022/10/27 	198.5	199.0	197.5	198.5	35032	2022/10/27 
2022/10/28 	198.5	199.0	196.5	198.0	52150	2022/10/28 
2022/10/31 	199.5	199.5	197.0	198.0	54000	2022/10/31 
2022/11/01 	198.0	199.0	197.0	199.0	33000	2022/11/01 
2022/11/02 	199.0	201.0	199.0	200.0	45000	2022/11/02 
2022/11/03 	199.0	201.0	198.0	200.0	36005	2022/11/03 
2022/11/04 	199.5	200.5	198.5	200.5	35000	2022/11/04 
2022/11/07 	200.0	202.0	199.0	202.0	44026	2022/11/07 
2022/11/08 	200.5	202.0	199.5	201.5	28000	2022/11/08 
2022/11/09 	201.5	202.0	201.0	202.0	14004	2022/11/09 
2022/11/10 	202.0	206.5	202.0	206.0	99010	2022/11/10 
2022/11/11 	206.0	207.5	203.0	205.0	106001	2022/11/11 
2022/11/14 	205.5	205.5	203.0	204.5	36000	2022/11/14 
2022/11/15 	204.0	205.0	203.0	205.0	42001	2022/11/15 
2022/11/16 	204.0	204.0	202.0	202.0	45000	2022/11/16 
2022/11/17 	203.0	205.5	203.0	205.5	44150	2022/11/17 
2022/11/18 	205.0	206.0	204.5	205.5	44150	2022/11/18 
2022/11/21 	206.5	212.0	205.0	209.0	156205	2022/11/21 
2022/11/22 	208.0	213.0	208.0	212.5	105369	2022/11/22 
2022/11/23 	212.5	213.0	210.5	213.0	30025	2022/11/23 
2022/11/24 	213.5	214.0	211.5	213.5	95125	2022/11/24 
2022/11/25 	214.0	214.0	213.0	214.0	45550	2022/11/25 
2022/11/28 	214.0	218.0	214.0	217.0	153326	2022/11/28 
2022/11/29 	216.0	218.0	214.0	215.5	139210	2022/11/29 
2022/11/30 	216.5	218.5	214.0	216.0	119025	2022/11/30 
2022/12/01 	217.5	217.5	215.0	215.0	58050	2022/12/01 
2022/12/02 	215.0	217.5	214.0	217.5	42450	2022/12/02 
2022/12/05 	216.5	218.0	216.5	218.0	49100	2022/12/05 
2022/12/06 	218.5	218.5	216.0	216.0	34146	2022/12/06 
2022/12/07 	216.5	216.5	212.0	214.0	36180	2022/12/07 
2022/12/08 	214.0	218.0	213.5	215.0	41173	2022/12/08 
2022/12/09 	214.5	217.0	214.5	215.5	36303	2022/12/09 
2022/12/12 	215.5	215.5	214.5	215.0	9000	2022/12/12 
2022/12/13 	215.0	218.0	215.0	216.0	36071	2022/12/13 
2022/12/14 	216.0	217.0	215.0	216.0	37003	2022/12/14 
2022/12/15 	216.0	216.5	215.0	216.0	14020	2022/12/15 
2022/12/16 	214.5	215.0	212.5	212.5	31035	2022/12/16 
2022/12/19 	210.5	210.5	208.5	209.0	92035	2022/12/19 
2022/12/20 	210.0	210.0	206.0	208.5	70590	2022/12/20 
2022/12/21 	208.5	208.5	207.0	207.0	16015	2022/12/21 
2022/12/22 	208.5	211.0	208.5	210.5	12170	2022/12/22 
2022/12/23 	210.5	210.5	208.0	208.0	9005	2022/12/23 
2022/12/26 	208.0	209.5	208.0	209.5	16000	2022/12/26 
2022/12/27 	210.5	210.5	209.5	209.5	8000	2022/12/27 
2022/12/28 	209.5	209.5	208.0	208.0	6005	2022/12/28 
2022/12/29 	208.0	208.0	207.5	207.5	5001	2022/12/29 
2022/12/30 	210.0	212.0	209.0	212.0	50025	2022/12/30 
2023/01/03 	212.0	212.5	210.0	211.0	17100	2023/01/03 
2023/01/04 	208.0	211.0	208.0	210.0	44020	2023/01/04 
2023/01/05 	211.5	211.5	210.0	211.0	15040	2023/01/05 
2023/01/06 	212.0	212.0	211.0	212.0	25158	2023/01/06 
2023/01/09 	212.0	213.0	211.0	213.0	61150	2023/01/09 
2023/01/10 	213.0	216.0	213.0	216.0	123262	2023/01/10 
2023/01/11 	216.0	217.0	214.5	215.0	57230	2023/01/11 
2023/01/12 	215.0	215.0	213.5	215.0	38181	2023/01/12 
2023/01/13 	215.5	215.5	213.0	213.5	24100	2023/01/13 
2023/01/16 	213.5	213.5	212.0	212.5	29100	2023/01/16 
2023/01/17 	212.5	213.5	212.0	213.0	9024	2023/01/17 
2023/01/30 	213.5	215.5	213.0	215.0	58073	2023/01/30 
2023/01/31 	214.0	217.0	214.0	217.0	37375	2023/01/31 
2023/02/01 	219.0	219.0	216.0	217.5	51000	2023/02/01 
2023/02/02 	219.0	219.0	217.0	218.0	34589	2023/02/02 
2023/02/03 	218.5	218.5	215.0	216.0	68647	2023/02/03 
