Date	Open	High	Low	Close	Volume	Date
2020/09/29 	157.5	250.0	157.5	202.0	751028	2020/09/29 
2020/09/30 	196.0	203.0	167.0	172.5	699333	2020/09/30 
2020/10/05 	175.0	177.5	160.0	171.0	238337	2020/10/05 
2020/10/06 	172.0	179.0	170.0	172.5	156577	2020/10/06 
2020/10/07 	175.0	175.0	169.0	171.0	40631	2020/10/07 
2020/10/08 	171.0	175.5	164.0	168.0	171767	2020/10/08 
2020/10/12 	173.5	178.5	169.0	171.0	201800	2020/10/12 
2020/10/13 	172.0	172.0	167.5	169.0	81093	2020/10/13 
2020/10/14 	169.0	170.0	166.0	167.5	41361	2020/10/14 
2020/10/15 	168.0	170.0	165.0	166.0	42710	2020/10/15 
2020/10/16 	167.0	167.0	160.0	160.5	189353	2020/10/16 
2020/10/19 	161.0	161.0	155.5	158.0	106946	2020/10/19 
2020/10/20 	156.5	160.5	156.0	160.5	88159	2020/10/20 
2020/10/21 	159.0	159.5	157.0	159.0	46537	2020/10/21 
2020/10/22 	159.0	160.5	156.5	158.5	49176	2020/10/22 
2020/10/23 	156.5	159.5	156.0	158.0	29266	2020/10/23 
2020/10/26 	158.5	159.0	157.5	159.0	25076	2020/10/26 
2020/10/27 	159.0	163.5	159.0	162.0	116752	2020/10/27 
2020/10/28 	163.0	165.0	159.0	160.5	62399	2020/10/28 
2020/10/29 	159.0	161.0	157.5	158.0	30544	2020/10/29 
2020/10/30 	158.0	160.5	158.0	158.5	31746	2020/10/30 
2020/11/02 	160.0	160.5	158.0	159.5	25650	2020/11/02 
2020/11/03 	159.0	160.5	158.0	159.0	19169	2020/11/03 
2020/11/04 	160.0	160.0	159.0	159.0	10610	2020/11/04 
2020/11/05 	159.0	160.0	158.0	158.5	18915	2020/11/05 
2020/11/06 	158.5	160.5	158.5	160.0	17938	2020/11/06 
2020/11/09 	160.5	161.0	159.0	159.0	42985	2020/11/09 
2020/11/10 	161.0	161.0	159.0	159.0	17256	2020/11/10 
2020/11/11 	160.5	161.5	159.0	160.5	45118	2020/11/11 
2020/11/12 	161.0	162.0	160.0	160.0	30761	2020/11/12 
2020/11/13 	160.0	161.5	159.0	161.0	52984	2020/11/13 
2020/11/16 	159.5	164.0	159.5	164.0	82370	2020/11/16 
2020/11/17 	165.0	169.0	163.5	165.0	145277	2020/11/17 
2020/11/18 	166.0	169.5	163.0	165.0	64761	2020/11/18 
2020/11/19 	163.0	165.5	161.0	163.0	24257	2020/11/19 
2020/11/20 	162.5	165.5	162.0	162.0	19422	2020/11/20 
2020/11/23 	165.0	165.0	162.0	162.0	43194	2020/11/23 
2020/11/24 	163.5	163.5	161.0	163.0	13964	2020/11/24 
2020/11/25 	163.5	163.5	160.5	162.5	15372	2020/11/25 
2020/11/26 	162.5	162.5	160.0	162.0	7727	2020/11/26 
2020/11/27 	162.0	162.0	159.0	160.5	79352	2020/11/27 
2020/11/30 	160.0	166.0	160.0	161.5	58235	2020/11/30 
2020/12/01 	162.5	162.5	160.0	161.5	39341	2020/12/01 
2020/12/02 	161.5	162.0	160.5	162.0	10961	2020/12/02 
2020/12/03 	162.0	162.5	159.5	160.0	31988	2020/12/03 
2020/12/04 	162.0	162.5	160.5	162.0	18518	2020/12/04 
2020/12/07 	162.0	163.5	159.0	160.0	112388	2020/12/07 
2020/12/08 	161.5	162.0	160.0	161.0	9322	2020/12/08 
2020/12/09 	160.0	161.5	160.0	161.5	15411	2020/12/09 
2020/12/10 	161.5	161.5	159.5	160.5	10722	2020/12/10 
2020/12/11 	161.0	161.0	159.0	160.5	27718	2020/12/11 
2020/12/14 	159.5	160.5	159.0	160.5	12664	2020/12/14 
2020/12/15 	160.5	160.5	159.0	160.5	15407	2020/12/15 
2020/12/16 	160.5	160.5	159.0	160.5	5319	2020/12/16 
2020/12/17 	159.0	160.5	159.0	159.5	14614	2020/12/17 
2020/12/18 	160.5	160.5	159.0	160.5	13675	2020/12/18 
2020/12/21 	161.0	161.0	159.0	160.0	14412	2020/12/21 
2020/12/22 	159.0	160.5	159.0	160.0	16676	2020/12/22 
2020/12/23 	158.5	160.0	158.5	159.0	18267	2020/12/23 
2020/12/24 	160.5	160.5	159.0	160.5	5474	2020/12/24 
2020/12/25 	159.5	160.5	157.5	159.0	59658	2020/12/25 
2020/12/28 	159.5	159.5	157.5	159.0	47257	2020/12/28 
2020/12/29 	159.0	159.0	157.5	159.0	20727	2020/12/29 
2020/12/30 	159.0	159.0	156.0	156.5	73646	2020/12/30 
2020/12/31 	158.0	158.0	157.0	158.0	17476	2020/12/31 
2021/01/04 	158.0	160.0	157.0	158.0	36798	2021/01/04 
2021/01/05 	156.5	158.0	156.5	157.5	9541	2021/01/05 
2021/01/06 	156.5	157.5	154.0	155.0	67884	2021/01/06 
2021/01/07 	154.5	156.5	154.5	156.5	14726	2021/01/07 
2021/01/08 	155.0	156.0	153.5	155.0	23563	2021/01/08 
2021/01/11 	155.0	155.0	152.5	153.0	19641	2021/01/11 
2021/01/12 	152.5	153.5	150.5	150.5	50200	2021/01/12 
2021/01/13 	150.5	151.5	149.0	149.5	67160	2021/01/13 
2021/01/14 	149.5	151.0	149.5	149.5	23541	2021/01/14 
2021/01/15 	151.0	153.5	150.0	151.5	32990	2021/01/15 
2021/01/18 	153.0	153.0	149.0	149.5	28946	2021/01/18 
2021/01/19 	150.0	150.5	149.5	149.5	23299	2021/01/19 
2021/01/20 	150.5	150.5	147.5	147.5	30691	2021/01/20 
2021/01/21 	149.0	149.0	145.5	146.5	22588	2021/01/21 
2021/01/22 	145.5	147.5	145.0	146.5	48808	2021/01/22 
2021/01/25 	146.5	147.5	145.0	146.5	32446	2021/01/25 
2021/01/26 	146.5	146.5	144.5	146.0	28398	2021/01/26 
2021/01/27 	146.5	146.5	144.5	145.5	10595	2021/01/27 
2021/01/28 	146.5	147.0	145.0	145.5	18317	2021/01/28 
2021/01/29 	146.5	147.0	145.0	145.0	42383	2021/01/29 
2021/02/01 	145.5	145.5	144.5	145.0	10335	2021/02/01 
2021/02/02 	145.5	146.0	144.5	145.0	16467	2021/02/02 
2021/02/03 	145.5	146.0	144.0	145.5	24610	2021/02/03 
2021/02/04 	145.0	146.5	144.5	145.5	31012	2021/02/04 
2021/02/05 	146.5	146.5	144.5	146.5	45209	2021/02/05 
2021/02/17 	149.0	149.5	145.0	146.0	122512	2021/02/17 
2021/02/18 	147.5	149.5	145.5	147.5	58634	2021/02/18 
2021/02/19 	148.0	154.5	145.5	154.0	77184	2021/02/19 
2021/02/22 	154.0	165.0	153.0	162.0	158181	2021/02/22 
2021/02/23 	165.0	165.0	158.0	158.0	69319	2021/02/23 
2021/02/24 	164.0	164.5	157.5	157.5	56182	2021/02/24 
2021/02/25 	160.0	161.5	157.0	158.5	47567	2021/02/25 
2021/02/26 	158.5	161.0	157.5	157.5	35246	2021/02/26 
2021/03/02 	157.5	161.5	157.5	161.0	17356	2021/03/02 
2021/03/03 	162.0	164.5	158.0	160.0	54543	2021/03/03 
2021/03/04 	163.5	163.5	158.5	161.0	16987	2021/03/04 
2021/03/05 	158.0	161.5	158.0	160.0	69414	2021/03/05 
2021/03/08 	161.0	161.0	158.0	158.0	7950	2021/03/08 
2021/03/09 	158.0	159.0	157.0	158.0	17735	2021/03/09 
2021/03/10 	157.0	159.0	157.0	158.0	17976	2021/03/10 
2021/03/11 	157.0	160.0	156.0	158.0	18927	2021/03/11 
2021/03/12 	156.0	159.5	155.5	159.5	29883	2021/03/12 
2021/03/15 	156.0	160.5	156.0	159.5	10266	2021/03/15 
2021/03/16 	160.5	160.5	156.0	158.0	8103	2021/03/16 
2021/03/17 	156.0	160.5	155.5	160.5	5984	2021/03/17 
2021/03/18 	158.0	160.5	156.5	160.5	9303	2021/03/18 
2021/03/19 	159.5	161.0	156.5	160.5	53223	2021/03/19 
2021/03/22 	160.5	160.5	159.0	159.5	15654	2021/03/22 
2021/03/23 	158.5	160.0	157.5	159.0	26458	2021/03/23 
2021/03/24 	157.5	161.5	157.5	161.0	43970	2021/03/24 
2021/03/25 	161.5	162.0	159.0	161.5	28954	2021/03/25 
2021/03/26 	161.5	168.0	160.0	167.0	131367	2021/03/26 
2021/03/29 	170.0	175.5	169.0	172.0	114238	2021/03/29 
2021/03/30 	173.5	174.0	169.5	171.5	49860	2021/03/30 
2021/03/31 	173.0	173.0	169.0	169.0	60509	2021/03/31 
2021/04/01 	173.5	173.5	168.5	171.0	15289	2021/04/01 
2021/04/07 	168.0	174.0	167.0	173.5	95951	2021/04/07 
2021/04/08 	172.5	172.5	167.0	171.0	35107	2021/04/08 
2021/04/09 	172.0	172.5	169.5	172.0	89288	2021/04/09 
2021/04/12 	172.0	174.0	171.0	174.0	159764	2021/04/12 
2021/04/13 	177.5	181.5	172.5	179.5	146906	2021/04/13 
2021/04/14 	179.5	180.0	173.0	176.5	72830	2021/04/14 
2021/04/15 	179.5	179.5	174.0	177.0	41304	2021/04/15 
2021/04/16 	174.5	177.5	174.0	174.5	24194	2021/04/16 
2021/04/19 	174.0	177.0	171.0	174.0	49650	2021/04/19 
2021/04/20 	175.0	175.0	170.0	175.0	29048	2021/04/20 
2021/04/21 	175.5	175.5	170.0	174.0	15954	2021/04/21 
2021/04/22 	172.0	175.0	169.5	175.0	63647	2021/04/22 
2021/04/23 	175.0	175.0	170.5	175.0	13049	2021/04/23 
2021/04/26 	170.5	176.5	170.5	176.5	78964	2021/04/26 
2021/04/27 	174.0	177.5	172.0	177.0	48396	2021/04/27 
2021/04/28 	178.0	182.0	176.0	177.0	175659	2021/04/28 
2021/04/29 	180.0	189.0	180.0	182.5	256107	2021/04/29 
2021/05/03 	180.0	187.5	179.0	184.0	275296	2021/05/03 
2021/05/04 	184.5	190.5	179.5	190.0	285297	2021/05/04 
2021/05/05 	190.0	200.5	188.0	200.5	249096	2021/05/05 
2021/05/06 	200.0	203.0	192.0	192.0	112746	2021/05/06 
2021/05/07 	197.5	198.0	192.0	195.0	46150	2021/05/07 
2021/05/10 	197.5	197.5	191.0	194.5	65256	2021/05/10 
2021/05/11 	193.0	194.0	181.0	184.0	134938	2021/05/11 
2021/05/12 	187.0	187.0	171.0	174.5	195458	2021/05/12 
2021/05/13 	170.0	180.0	169.0	177.0	91783	2021/05/13 
2021/05/14 	178.5	181.5	175.0	179.5	64091	2021/05/14 
2021/05/17 	172.0	174.5	165.0	166.5	149593	2021/05/17 
2021/05/18 	167.5	184.5	167.5	184.5	120076	2021/05/18 
2021/05/19 	184.0	184.0	172.5	172.5	119297	2021/05/19 
2021/05/20 	177.5	177.5	169.0	169.5	34755	2021/05/20 
2021/05/21 	175.0	175.0	171.5	175.0	25575	2021/05/21 
2021/05/24 	175.0	175.0	175.0	175.0	0	2021/05/24 
2021/05/25 	175.0	175.0	175.0	175.0	0	2021/05/25 
2021/05/26 	175.0	175.0	175.0	175.0	0	2021/05/26 
2021/05/27 	175.0	175.0	175.0	175.0	0	2021/05/27 
2021/05/28 	175.0	175.0	175.0	175.0	0	2021/05/28 
2021/05/31 	175.0	175.0	175.0	175.0	0	2021/05/31 
2021/06/01 	175.0	175.0	175.0	175.0	0	2021/06/01 
2021/06/02 	175.0	175.0	175.0	175.0	0	2021/06/02 
2021/06/03 	175.0	175.0	175.0	175.0	0	2021/06/03 
2021/06/04 	175.0	175.0	175.0	175.0	0	2021/06/04 
2021/06/07 	175.0	175.0	175.0	175.0	0	2021/06/07 
2021/06/08 	179.0	184.0	176.5	178.5	226781	2021/06/08 
2021/06/09 	180.0	182.0	177.0	179.5	75675	2021/06/09 
2021/06/10 	179.5	179.5	176.0	178.0	116065	2021/06/10 
2021/06/11 	176.0	178.0	176.0	177.5	56363	2021/06/11 
2021/06/15 	179.5	180.0	176.0	177.5	106936	2021/06/15 
2021/06/16 	179.0	188.5	178.0	188.0	343037	2021/06/16 
2021/06/17 	185.5	198.0	185.5	196.0	372000	2021/06/17 
2021/06/18 	197.5	198.0	192.0	192.5	199405	2021/06/18 
2021/06/21 	194.5	194.5	187.5	187.5	184789	2021/06/21 
2021/06/22 	190.0	194.0	187.0	188.0	121133	2021/06/22 
2021/06/23 	190.0	191.0	187.5	190.0	54543	2021/06/23 
2021/06/24 	188.5	198.5	188.5	193.5	254474	2021/06/24 
2021/06/25 	190.5	195.0	189.0	190.5	169823	2021/06/25 
2021/06/28 	192.0	197.5	191.0	193.0	84153	2021/06/28 
2021/06/29 	188.0	190.0	186.0	188.5	146120	2021/06/29 
2021/06/30 	187.0	189.0	187.0	188.5	56670	2021/06/30 
2021/07/01 	188.0	191.0	186.0	188.5	150237	2021/07/01 
2021/07/02 	190.0	190.5	186.5	189.0	64998	2021/07/02 
2021/07/05 	190.0	190.5	187.0	189.0	39316	2021/07/05 
2021/07/06 	187.0	189.0	185.0	187.0	92777	2021/07/06 
2021/07/07 	187.5	188.5	185.5	188.0	27125	2021/07/07 
2021/07/08 	187.0	188.0	185.5	187.0	47946	2021/07/08 
2021/07/09 	184.5	188.0	184.5	186.5	36298	2021/07/09 
2021/07/12 	189.0	189.0	186.0	188.0	44583	2021/07/12 
2021/07/13 	186.5	188.5	183.0	185.0	65303	2021/07/13 
2021/07/14 	184.0	188.5	183.5	183.5	29338	2021/07/14 
2021/07/15 	185.5	187.0	184.5	186.0	30268	2021/07/15 
2021/07/16 	187.0	187.0	184.5	187.0	13734	2021/07/16 
2021/07/19 	186.0	189.0	185.5	187.0	49643	2021/07/19 
2021/07/20 	186.5	189.0	186.0	188.0	45641	2021/07/20 
2021/07/21 	188.0	189.0	186.5	188.0	86121	2021/07/21 
2021/07/22 	188.0	191.5	187.0	188.0	44031	2021/07/22 
2021/07/23 	187.0	190.5	186.0	189.0	27141	2021/07/23 
2021/07/26 	193.5	193.5	187.5	189.0	45149	2021/07/26 
2021/07/27 	188.0	190.0	187.5	189.0	42183	2021/07/27 
2021/07/28 	187.5	189.5	186.5	188.0	68102	2021/07/28 
2021/07/29 	186.0	190.5	186.0	188.5	95973	2021/07/29 
2021/07/30 	190.0	190.0	188.0	188.0	6558	2021/07/30 
2021/08/02 	189.5	191.0	187.0	188.0	91884	2021/08/02 
2021/08/03 	190.0	190.0	187.0	187.5	59735	2021/08/03 
2021/08/04 	188.0	189.0	186.0	187.0	69216	2021/08/04 
2021/08/05 	188.0	188.0	185.5	187.0	46907	2021/08/05 
2021/08/06 	186.0	188.5	186.0	186.0	85297	2021/08/06 
2021/08/09 	187.0	188.0	186.0	187.0	90354	2021/08/09 
2021/08/10 	188.5	192.0	185.0	187.5	136614	2021/08/10 
2021/08/11 	189.5	189.5	187.0	189.0	201582	2021/08/11 
2021/08/12 	189.0	190.0	187.5	189.0	149683	2021/08/12 
2021/08/13 	189.0	193.5	187.5	189.0	330717	2021/08/13 
2021/08/16 	190.0	192.5	187.5	189.0	296163	2021/08/16 
2021/08/17 	189.0	190.0	187.0	187.0	112649	2021/08/17 
2021/08/18 	188.0	188.5	185.5	187.0	96710	2021/08/18 
2021/08/19 	187.0	188.0	182.0	183.0	283925	2021/08/19 
2021/08/20 	183.0	184.5	178.0	178.0	237630	2021/08/20 
2021/08/23 	180.0	185.0	180.0	183.0	261541	2021/08/23 
2021/08/24 	180.5	186.5	180.5	183.0	555053	2021/08/24 
2021/08/25 	182.5	185.0	180.5	182.0	100039	2021/08/25 
2021/08/26 	180.5	183.0	178.0	179.5	190302	2021/08/26 
2021/08/27 	181.0	183.5	179.0	180.0	194480	2021/08/27 
2021/08/30 	181.0	184.0	180.5	182.0	291017	2021/08/30 
2021/08/31 	182.0	183.0	179.5	181.0	451165	2021/08/31 
2021/09/01 	182.5	183.0	179.0	180.0	226577	2021/09/01 
2021/09/02 	181.0	182.0	179.0	181.0	142594	2021/09/02 
2021/09/03 	181.0	181.5	179.5	180.5	125417	2021/09/03 
2021/09/06 	181.5	182.0	179.5	181.0	286532	2021/09/06 
2021/09/07 	181.0	181.5	177.0	178.5	209722	2021/09/07 
2021/09/08 	181.0	181.0	173.5	175.0	325912	2021/09/08 
2021/09/09 	162.5	172.0	159.0	167.0	1601873	2021/09/09 
2021/09/10 	167.0	167.0	160.0	160.5	945483	2021/09/10 
2021/09/13 	160.5	160.5	151.0	154.0	1125329	2021/09/13 
2021/09/14 	154.5	154.5	149.0	150.5	1087440	2021/09/14 
2021/09/15 	150.0	150.0	146.0	147.5	782498	2021/09/15 
2021/09/16 	148.0	151.5	148.0	151.5	438364	2021/09/16 
2021/09/17 	151.5	151.5	150.0	151.5	342296	2021/09/17 
2021/09/22 	149.5	149.5	146.5	147.5	299730	2021/09/22 
2021/09/23 	148.0	149.0	147.0	147.0	285201	2021/09/23 
2021/09/24 	147.5	147.5	145.5	146.5	371559	2021/09/24 
2021/09/27 	146.5	149.5	146.5	148.0	282081	2021/09/27 
2021/09/28 	148.0	149.5	146.5	148.5	231724	2021/09/28 
2021/09/29 	147.0	148.0	145.0	145.5	240260	2021/09/29 
2021/09/30 	146.0	146.0	144.5	144.5	179285	2021/09/30 
2021/10/01 	144.5	144.5	135.5	137.5	876231	2021/10/01 
2021/10/04 	139.0	139.0	135.0	136.0	304450	2021/10/04 
2021/10/05 	135.0	141.0	133.0	141.0	285709	2021/10/05 
2021/10/06 	141.0	146.0	141.0	142.5	282221	2021/10/06 
2021/10/07 	143.5	143.5	142.5	142.5	98500	2021/10/07 
2021/10/08 	142.0	142.0	138.0	139.0	168112	2021/10/08 
2021/10/12 	139.5	139.5	136.5	137.0	144128	2021/10/12 
2021/10/13 	138.0	140.0	137.0	137.5	113050	2021/10/13 
2021/10/14 	139.0	141.0	138.5	140.0	102724	2021/10/14 
2021/10/15 	140.5	140.5	138.5	138.5	67158	2021/10/15 
2021/10/18 	141.0	141.0	138.0	138.0	80213	2021/10/18 
2021/10/19 	138.5	138.5	136.5	137.5	118493	2021/10/19 
2021/10/20 	137.0	137.0	135.5	136.0	176451	2021/10/20 
2021/10/21 	136.0	136.5	136.0	136.0	88000	2021/10/21 
2021/10/22 	136.0	137.0	135.0	135.0	135233	2021/10/22 
2021/10/25 	135.0	135.0	134.0	135.0	107150	2021/10/25 
2021/10/26 	135.0	135.0	133.5	133.5	131755	2021/10/26 
2021/10/27 	133.5	133.5	132.0	132.5	137197	2021/10/27 
2021/10/28 	132.0	133.5	130.5	133.5	158429	2021/10/28 
2021/10/29 	132.5	132.5	131.5	131.5	89543	2021/10/29 
2021/11/01 	131.5	136.0	131.5	136.0	155313	2021/11/01 
2021/11/02 	136.5	136.5	133.5	134.0	86101	2021/11/02 
2021/11/03 	135.0	135.5	134.0	134.5	72095	2021/11/03 
2021/11/04 	135.0	135.5	134.0	134.5	96323	2021/11/04 
2021/11/05 	134.5	136.5	134.0	136.0	129801	2021/11/05 
2021/11/08 	136.0	136.5	135.0	136.5	98260	2021/11/08 
2021/11/09 	136.5	137.0	135.0	135.0	112554	2021/11/09 
2021/11/10 	135.0	135.0	133.0	133.5	128321	2021/11/10 
2021/11/11 	132.5	133.5	132.5	132.5	165351	2021/11/11 
2021/11/12 	132.5	134.0	132.5	133.5	97302	2021/11/12 
2021/11/15 	134.5	135.0	133.0	134.5	196500	2021/11/15 
2021/11/16 	134.5	135.0	132.0	133.5	217034	2021/11/16 
2021/11/17 	133.0	133.0	131.0	131.0	268297	2021/11/17 
2021/11/18 	131.0	131.0	129.0	129.5	267463	2021/11/18 
2021/11/19 	129.5	130.5	129.5	130.0	119275	2021/11/19 
2021/11/22 	130.0	130.0	128.5	128.5	96156	2021/11/22 
2021/11/23 	128.5	128.5	125.0	126.0	263042	2021/11/23 
2021/11/24 	125.5	126.0	125.0	126.0	138273	2021/11/24 
2021/11/25 	126.0	126.0	125.0	125.5	96070	2021/11/25 
2021/11/26 	125.5	128.0	125.0	128.0	117424	2021/11/26 
2021/11/29 	127.5	127.5	125.0	126.0	129560	2021/11/29 
2021/11/30 	126.0	127.0	126.0	127.0	53500	2021/11/30 
2021/12/01 	125.5	126.5	125.0	126.5	67670	2021/12/01 
2021/12/02 	125.5	126.5	125.5	126.5	50020	2021/12/02 
2021/12/03 	126.0	126.5	125.5	126.5	68100	2021/12/03 
2021/12/06 	126.5	126.5	125.5	125.5	81381	2021/12/06 
2021/12/07 	126.0	127.5	126.0	127.0	127060	2021/12/07 
2021/12/08 	127.5	135.0	127.0	135.0	451955	2021/12/08 
2021/12/09 	134.5	138.0	132.5	133.0	349220	2021/12/09 
2021/12/10 	133.5	133.5	129.5	130.0	242240	2021/12/10 
2021/12/13 	130.5	130.5	129.0	129.0	104258	2021/12/13 
2021/12/14 	130.0	130.0	128.0	128.5	139300	2021/12/14 
2021/12/15 	129.0	132.0	129.0	130.5	197756	2021/12/15 
2021/12/16 	130.5	130.5	129.0	130.0	176420	2021/12/16 
2021/12/17 	130.0	130.0	128.0	128.5	95362	2021/12/17 
2021/12/20 	128.5	129.0	127.0	128.5	96500	2021/12/20 
2021/12/21 	128.5	129.5	128.0	129.5	47900	2021/12/21 
2021/12/22 	129.5	129.5	128.0	128.5	106100	2021/12/22 
2021/12/23 	129.5	129.5	128.0	128.5	80186	2021/12/23 
2021/12/24 	128.5	129.0	128.0	128.5	60300	2021/12/24 
2021/12/27 	128.5	129.0	127.5	128.0	134051	2021/12/27 
2021/12/28 	128.0	128.5	127.0	128.0	98105	2021/12/28 
2021/12/29 	128.0	128.5	128.0	128.5	61020	2021/12/29 
2021/12/30 	128.5	128.5	128.0	128.5	83168	2021/12/30 
2022/01/03 	128.5	128.5	128.0	128.5	75093	2022/01/03 
2022/01/04 	128.5	128.5	127.5	127.5	82010	2022/01/04 
2022/01/05 	128.0	128.0	127.0	127.0	73374	2022/01/05 
2022/01/06 	127.0	128.0	127.0	127.5	75136	2022/01/06 
2022/01/07 	127.5	128.0	127.0	127.5	142090	2022/01/07 
2022/01/10 	127.0	127.5	126.0	127.5	140040	2022/01/10 
2022/01/11 	127.5	128.5	127.5	128.0	95112	2022/01/11 
2022/01/12 	128.0	128.0	127.0	127.5	93270	2022/01/12 
2022/01/13 	127.0	127.5	126.0	127.0	127106	2022/01/13 
2022/01/14 	127.0	127.0	125.5	126.5	80400	2022/01/14 
2022/01/17 	125.5	126.5	125.5	126.5	55021	2022/01/17 
2022/01/18 	126.0	126.5	126.0	126.5	50000	2022/01/18 
2022/01/19 	126.5	126.5	125.5	126.0	54007	2022/01/19 
2022/01/20 	126.0	126.5	125.5	126.5	60100	2022/01/20 
2022/01/21 	126.0	126.0	125.0	126.0	247048	2022/01/21 
2022/01/24 	125.5	125.5	125.0	125.0	71185	2022/01/24 
2022/01/25 	125.0	125.0	124.0	124.0	88000	2022/01/25 
2022/01/26 	124.0	125.5	123.5	124.5	75001	2022/01/26 
2022/02/07 	125.5	125.5	125.0	125.5	32125	2022/02/07 
2022/02/08 	125.5	125.5	124.5	125.0	60040	2022/02/08 
2022/02/09 	125.5	126.0	125.0	125.5	74000	2022/02/09 
2022/02/10 	125.5	126.5	125.5	126.0	58165	2022/02/10 
2022/02/11 	126.5	127.5	126.0	127.5	108723	2022/02/11 
2022/02/14 	128.5	128.5	126.0	126.0	156232	2022/02/14 
2022/02/15 	127.0	134.0	126.0	127.0	395300	2022/02/15 
2022/02/16 	129.0	130.5	128.5	129.0	211163	2022/02/16 
2022/02/17 	130.5	131.5	129.5	130.0	213100	2022/02/17 
2022/02/18 	129.5	129.5	127.0	129.0	239662	2022/02/18 
2022/02/21 	128.5	128.5	127.0	127.5	161218	2022/02/21 
2022/02/22 	127.5	127.5	125.5	126.0	153160	2022/02/22 
2022/02/23 	126.0	126.0	124.5	125.0	176670	2022/02/23 
2022/02/24 	124.5	125.0	123.5	123.5	210601	2022/02/24 
2022/02/25 	124.5	125.0	123.5	124.5	54404	2022/02/25 
2022/03/01 	125.0	126.5	124.0	124.5	166135	2022/03/01 
2022/03/02 	124.0	126.0	123.5	125.0	163136	2022/03/02 
2022/03/03 	124.0	126.0	124.0	125.0	69100	2022/03/03 
2022/03/04 	125.5	125.5	124.5	125.0	128194	2022/03/04 
2022/03/07 	124.0	124.0	121.0	122.0	215475	2022/03/07 
2022/03/08 	121.5	122.5	119.0	120.0	141120	2022/03/08 
2022/03/09 	120.0	122.5	119.0	121.0	127250	2022/03/09 
2022/03/10 	121.5	122.5	121.5	122.5	47200	2022/03/10 
2022/03/11 	122.0	122.5	121.0	121.5	51200	2022/03/11 
2022/03/14 	121.0	121.5	121.0	121.5	61000	2022/03/14 
2022/03/15 	121.5	123.5	120.0	123.0	188024	2022/03/15 
2022/03/16 	123.5	124.0	122.0	123.0	84020	2022/03/16 
2022/03/17 	124.0	127.5	122.5	125.5	264108	2022/03/17 
2022/03/18 	125.0	126.5	124.0	125.0	108000	2022/03/18 
2022/03/21 	125.0	126.0	124.5	125.0	101500	2022/03/21 
2022/03/22 	124.5	126.0	124.0	125.5	141040	2022/03/22 
2022/03/23 	127.5	127.5	124.5	126.0	291108	2022/03/23 
2022/03/24 	125.0	126.0	124.5	125.0	83150	2022/03/24 
2022/03/25 	125.5	125.5	124.0	125.0	110000	2022/03/25 
2022/03/28 	127.0	136.0	126.5	131.5	1795770	2022/03/28 
2022/03/29 	132.5	132.5	127.0	129.0	644074	2022/03/29 
2022/03/30 	129.5	131.0	127.5	130.5	367007	2022/03/30 
2022/03/31 	131.0	134.0	131.0	132.5	421229	2022/03/31 
2022/04/01 	132.5	133.0	130.5	131.5	289016	2022/04/01 
2022/04/06 	132.0	142.5	132.0	138.5	1372680	2022/04/06 
2022/04/07 	138.0	140.0	134.0	134.5	632510	2022/04/07 
2022/04/08 	136.5	137.5	133.0	134.0	423075	2022/04/08 
2022/04/11 	134.0	134.5	130.0	130.5	372577	2022/04/11 
2022/04/12 	130.5	131.0	128.5	130.5	240600	2022/04/12 
2022/04/13 	131.5	135.5	130.5	134.5	412169	2022/04/13 
2022/04/14 	135.5	135.5	131.0	133.5	288466	2022/04/14 
2022/04/15 	133.0	133.5	129.0	129.5	319253	2022/04/15 
2022/04/18 	128.0	131.5	128.0	128.0	157030	2022/04/18 
2022/04/19 	129.0	130.5	128.5	130.0	121122	2022/04/19 
2022/04/20 	130.0	130.0	128.5	130.0	106175	2022/04/20 
2022/04/21 	129.0	130.0	128.5	128.5	138200	2022/04/21 
2022/04/22 	128.0	131.0	128.0	131.0	119520	2022/04/22 
2022/04/25 	129.0	132.5	127.0	129.5	270100	2022/04/25 
2022/04/26 	131.0	133.0	130.5	131.0	213000	2022/04/26 
2022/04/27 	130.0	130.0	128.5	129.0	142000	2022/04/27 
2022/04/28 	129.5	130.0	128.5	129.5	99000	2022/04/28 
2022/04/29 	130.5	131.0	129.0	129.0	73014	2022/04/29 
2022/05/03 	130.0	130.0	129.0	130.0	61058	2022/05/03 
2022/05/04 	131.0	131.0	129.5	130.0	69000	2022/05/04 
2022/05/05 	132.5	133.0	130.0	131.0	131236	2022/05/05 
2022/05/06 	129.5	138.5	129.5	135.5	613170	2022/05/06 
2022/05/09 	134.5	135.0	132.0	132.0	243206	2022/05/09 
2022/05/10 	132.0	139.0	130.0	137.0	611415	2022/05/10 
2022/05/11 	139.0	139.0	136.0	137.0	303100	2022/05/11 
2022/05/12 	136.0	138.0	133.0	133.5	296052	2022/05/12 
2022/05/13 	134.5	136.5	133.5	136.5	208301	2022/05/13 
2022/05/16 	137.0	142.0	136.5	140.5	563678	2022/05/16 
2022/05/17 	141.0	141.5	139.0	139.5	202156	2022/05/17 
2022/05/18 	139.5	141.5	139.0	139.0	273509	2022/05/18 
2022/05/19 	136.5	141.0	135.5	141.0	442236	2022/05/19 
2022/05/20 	141.5	142.0	139.5	141.0	182010	2022/05/20 
2022/05/23 	142.0	142.0	138.0	138.5	169033	2022/05/23 
2022/05/24 	139.5	139.5	137.0	137.5	142260	2022/05/24 
2022/05/25 	139.0	139.0	137.0	137.5	81000	2022/05/25 
2022/05/26 	138.0	138.0	134.5	135.0	165080	2022/05/26 
2022/05/27 	135.0	136.0	133.5	135.0	116294	2022/05/27 
2022/05/30 	136.0	137.5	135.5	137.5	106500	2022/05/30 
2022/05/31 	137.5	138.5	137.0	138.0	82240	2022/05/31 
2022/06/01 	138.5	141.0	138.5	140.5	220176	2022/06/01 
2022/06/02 	140.0	147.0	140.0	144.0	803391	2022/06/02 
2022/06/06 	146.0	146.0	143.5	144.0	232004	2022/06/06 
2022/06/07 	144.0	147.0	143.5	146.0	397400	2022/06/07 
2022/06/08 	147.5	147.5	144.0	144.5	176116	2022/06/08 
2022/06/09 	144.0	146.5	143.0	146.0	169500	2022/06/09 
2022/06/10 	145.0	150.0	145.0	149.5	496278	2022/06/10 
2022/06/13 	150.0	150.0	146.5	148.5	300156	2022/06/13 
2022/06/14 	146.5	153.0	146.5	152.0	468004	2022/06/14 
2022/06/15 	152.0	154.0	151.0	151.5	347599	2022/06/15 
2022/06/16 	152.0	153.5	146.0	146.0	454571	2022/06/16 
2022/06/17 	144.5	150.5	144.5	150.5	403599	2022/06/17 
2022/06/20 	150.0	153.0	150.0	151.0	337137	2022/06/20 
2022/06/21 	151.0	156.0	150.0	155.5	461338	2022/06/21 
2022/06/22 	155.5	158.0	152.5	152.5	577051	2022/06/22 
2022/06/23 	154.0	164.0	154.0	158.0	1371326	2022/06/23 
2022/06/24 	160.0	167.0	159.5	165.0	1156002	2022/06/24 
2022/06/27 	167.0	168.5	164.5	165.5	772226	2022/06/27 
2022/06/28 	167.0	168.0	164.0	167.0	445562	2022/06/28 
2022/06/29 	167.0	170.5	165.0	165.0	559006	2022/06/29 
2022/06/30 	165.0	165.0	161.0	163.0	314150	2022/06/30 
2022/07/01 	165.0	169.0	159.5	159.5	586087	2022/07/01 
2022/07/04 	160.0	161.5	156.5	160.0	350214	2022/07/04 
2022/07/05 	158.5	161.5	155.0	156.0	383101	2022/07/05 
2022/07/06 	156.0	157.5	148.0	150.5	292060	2022/07/06 
2022/07/07 	149.5	152.5	146.0	150.5	383050	2022/07/07 
2022/07/08 	151.0	153.0	147.5	149.0	268010	2022/07/08 
2022/07/11 	150.0	150.5	147.0	148.5	129000	2022/07/11 
2022/07/12 	147.5	148.5	144.5	145.0	267057	2022/07/12 
2022/07/13 	146.0	148.0	146.0	147.0	135213	2022/07/13 
2022/07/14 	145.5	148.0	145.5	147.5	87093	2022/07/14 
2022/07/15 	146.5	146.5	142.5	144.0	318021	2022/07/15 
2022/07/18 	142.5	152.5	142.5	152.0	384013	2022/07/18 
2022/07/19 	150.0	151.5	148.5	150.0	179001	2022/07/19 
2022/07/20 	152.0	154.5	149.5	153.0	313000	2022/07/20 
2022/07/21 	152.0	154.5	151.0	153.5	195000	2022/07/21 
2022/07/22 	154.0	154.0	149.0	149.0	284100	2022/07/22 
2022/07/25 	146.0	149.0	146.0	149.0	129201	2022/07/25 
2022/07/26 	147.5	148.5	146.5	148.0	142030	2022/07/26 
2022/07/27 	147.5	151.0	145.0	149.5	201000	2022/07/27 
2022/07/28 	149.5	150.5	146.0	146.0	177800	2022/07/28 
2022/07/29 	146.0	149.0	146.0	148.0	153125	2022/07/29 
2022/08/01 	146.5	147.0	144.5	145.0	158110	2022/08/01 
2022/08/02 	143.0	143.5	141.0	142.0	303446	2022/08/02 
2022/08/03 	141.0	142.5	139.0	139.5	197225	2022/08/03 
2022/08/04 	139.5	140.0	134.5	137.5	371144	2022/08/04 
2022/08/05 	139.5	140.5	138.5	140.0	104125	2022/08/05 
2022/08/08 	139.5	140.0	138.0	140.0	72115	2022/08/08 
2022/08/09 	140.0	141.0	138.5	140.5	109152	2022/08/09 
2022/08/10 	142.0	148.0	141.5	147.0	502513	2022/08/10 
2022/08/11 	148.5	151.5	147.5	150.0	429209	2022/08/11 
2022/08/12 	150.0	150.5	148.5	149.5	173187	2022/08/12 
2022/08/15 	148.5	155.0	148.5	155.0	322319	2022/08/15 
2022/08/16 	155.0	163.0	154.5	159.0	938605	2022/08/16 
2022/08/17 	159.5	161.0	156.0	157.5	331274	2022/08/17 
2022/08/18 	158.0	163.5	157.0	160.5	827655	2022/08/18 
2022/08/19 	162.0	165.0	157.0	159.5	729300	2022/08/19 
2022/08/22 	160.0	175.0	158.5	170.5	1455000	2022/08/22 
2022/08/23 	168.5	174.0	165.5	172.0	953983	2022/08/23 
2022/08/24 	171.0	176.5	168.5	173.0	815210	2022/08/24 
2022/08/25 	173.0	174.0	167.0	170.0	591110	2022/08/25 
2022/08/26 	171.5	172.0	168.0	168.0	390254	2022/08/26 
2022/08/29 	164.0	168.0	163.0	165.0	540822	2022/08/29 
2022/08/30 	166.5	170.5	165.5	169.5	482136	2022/08/30 
2022/08/31 	170.0	171.5	162.0	164.5	729270	2022/08/31 
2022/09/01 	166.0	166.0	161.5	163.5	400052	2022/09/01 
2022/09/02 	164.0	166.5	162.0	163.5	240300	2022/09/02 
2022/09/05 	163.5	164.5	161.5	162.5	294300	2022/09/05 
2022/09/06 	163.5	169.0	163.5	169.0	602325	2022/09/06 
2022/09/07 	168.5	174.0	166.0	170.0	780181	2022/09/07 
2022/09/08 	171.5	176.0	167.0	167.5	1036150	2022/09/08 
2022/09/12 	168.5	168.5	163.0	168.0	487150	2022/09/12 
2022/09/13 	170.0	173.0	166.0	167.0	408204	2022/09/13 
2022/09/14 	166.0	170.0	165.0	169.0	270000	2022/09/14 
2022/09/15 	170.0	172.5	166.5	170.0	533025	2022/09/15 
2022/09/16 	170.0	171.0	167.0	167.0	169210	2022/09/16 
2022/09/19 	167.0	167.0	163.0	164.0	343641	2022/09/19 
2022/09/20 	165.0	180.0	164.5	178.0	1825700	2022/09/20 
2022/09/21 	173.0	179.0	171.0	174.0	1599653	2022/09/21 
2022/09/22 	175.0	178.5	171.0	178.5	1462505	2022/09/22 
2022/09/23 	177.5	190.0	177.5	185.5	2762808	2022/09/23 
2022/09/26 	185.5	188.0	181.0	184.0	1655485	2022/09/26 
2022/09/27 	184.0	190.0	177.0	190.0	1387990	2022/09/27 
2022/09/28 	187.0	191.5	183.5	188.0	1106467	2022/09/28 
2022/09/29 	190.0	193.0	181.5	184.0	2049834	2022/09/29 
2022/09/30 	185.0	191.0	176.5	176.5	2237637	2022/09/30 
2022/10/03 	176.5	186.0	175.0	185.0	1282539	2022/10/03 
2022/10/04 	187.5	189.5	182.0	188.5	809398	2022/10/04 
2022/10/05 	188.5	191.0	185.0	189.5	852800	2022/10/05 
2022/10/06 	190.0	190.0	182.5	187.0	1296158	2022/10/06 
2022/10/07 	189.0	193.0	184.0	184.0	1574184	2022/10/07 
2022/10/11 	181.5	190.0	181.5	190.0	1120353	2022/10/11 
2022/10/12 	187.5	191.0	186.0	188.0	781005	2022/10/12 
2022/10/13 	186.0	187.0	178.0	180.0	1165339	2022/10/13 
2022/10/14 	184.0	186.5	181.5	183.5	610500	2022/10/14 
2022/10/17 	183.0	185.5	173.0	175.0	805101	2022/10/17 
2022/10/18 	176.0	180.0	176.0	179.0	325405	2022/10/18 
2022/10/19 	178.5	183.0	177.0	178.0	302067	2022/10/19 
2022/10/20 	176.0	178.0	173.5	177.5	250072	2022/10/20 
2022/10/21 	178.0	181.0	170.0	170.5	610575	2022/10/21 
2022/10/24 	173.5	176.0	173.0	175.0	266010	2022/10/24 
2022/10/25 	175.0	177.5	170.5	172.0	291002	2022/10/25 
2022/10/26 	170.5	172.0	167.0	171.0	308010	2022/10/26 
2022/10/27 	170.0	178.0	170.0	176.5	396002	2022/10/27 
2022/10/28 	174.5	178.5	173.0	174.5	206000	2022/10/28 
2022/10/31 	174.5	179.0	174.5	175.5	174020	2022/10/31 
2022/11/01 	174.5	177.5	171.5	172.5	402704	2022/11/01 
2022/11/02 	172.0	173.0	168.5	172.0	278011	2022/11/02 
2022/11/03 	170.5	173.0	170.0	172.5	98010	2022/11/03 
2022/11/04 	171.0	176.0	170.5	172.0	227600	2022/11/04 
2022/11/07 	173.0	183.0	173.0	182.5	507401	2022/11/07 
2022/11/08 	182.5	186.0	179.5	182.5	810180	2022/11/08 
2022/11/09 	183.0	184.5	176.0	177.0	453401	2022/11/09 
2022/11/10 	180.0	187.0	177.0	180.5	1161011	2022/11/10 
2022/11/11 	183.0	183.5	174.0	182.0	1556053	2022/11/11 
2022/11/14 	180.5	186.0	178.5	179.5	773069	2022/11/14 
2022/11/15 	180.0	185.0	180.0	183.0	733800	2022/11/15 
2022/11/16 	188.0	190.0	182.5	184.0	1135300	2022/11/16 
2022/11/17 	187.5	189.0	182.0	188.0	809095	2022/11/17 
2022/11/18 	188.0	200.0	187.0	198.5	2530283	2022/11/18 
2022/11/21 	201.0	213.0	190.0	209.0	3259334	2022/11/21 
2022/11/22 	207.5	210.5	198.0	200.0	1502558	2022/11/22 
2022/11/23 	205.0	209.5	197.5	204.0	1733763	2022/11/23 
2022/11/24 	205.0	207.0	200.5	204.5	1153355	2022/11/24 
2022/11/25 	206.5	209.0	196.5	196.5	1139909	2022/11/25 
2022/11/28 	196.5	209.0	196.5	203.5	1257911	2022/11/28 
2022/11/29 	206.0	210.0	202.5	207.0	1375690	2022/11/29 
2022/11/30 	210.0	219.0	208.5	211.0	3512700	2022/11/30 
2022/12/01 	213.5	228.0	206.0	209.0	4925461	2022/12/01 
2022/12/02 	213.5	216.0	206.0	207.5	1762206	2022/12/02 
2022/12/05 	209.0	209.5	202.0	208.0	826164	2022/12/05 
2022/12/06 	210.5	213.0	207.0	212.5	932302	2022/12/06 
2022/12/07 	211.5	214.0	204.0	209.5	1006119	2022/12/07 
2022/12/08 	209.5	221.0	206.0	219.5	2258404	2022/12/08 
2022/12/09 	219.5	222.0	215.0	218.0	1156283	2022/12/09 
2022/12/12 	219.0	223.5	214.0	214.5	995180	2022/12/12 
2022/12/13 	213.0	216.5	206.0	207.5	964622	2022/12/13 
2022/12/14 	209.5	214.0	208.5	211.5	621455	2022/12/14 
2022/12/15 	210.5	212.5	207.0	209.0	476175	2022/12/15 
2022/12/16 	207.0	208.5	200.0	200.0	553874	2022/12/16 
2022/12/19 	200.0	204.0	198.5	201.0	431157	2022/12/19 
2022/12/20 	202.0	202.0	190.5	190.5	1306174	2022/12/20 
2022/12/21 	192.0	197.5	192.0	194.5	618107	2022/12/21 
2022/12/22 	196.0	201.0	194.5	198.0	489200	2022/12/22 
2022/12/23 	195.0	200.0	195.0	198.0	332201	2022/12/23 
2022/12/26 	198.0	205.0	197.0	202.0	524238	2022/12/26 
2022/12/27 	203.0	207.0	203.0	204.0	467146	2022/12/27 
2022/12/28 	204.5	224.0	204.5	223.0	2775474	2022/12/28 
2022/12/29 	216.5	220.0	205.0	212.0	2146162	2022/12/29 
2022/12/30 	212.0	230.0	212.0	227.0	3072516	2022/12/30 
2023/01/03 	226.0	230.5	217.0	227.5	1818121	2023/01/03 
2023/01/04 	225.5	230.5	223.5	227.5	1096124	2023/01/04 
2023/01/05 	229.0	233.5	218.5	222.0	1482405	2023/01/05 
2023/01/06 	221.5	224.0	216.5	221.0	865330	2023/01/06 
2023/01/09 	224.0	230.0	218.0	220.0	931443	2023/01/09 
2023/01/10 	221.5	230.0	221.5	228.5	1575484	2023/01/10 
2023/01/11 	229.0	233.5	224.5	226.5	1420364	2023/01/11 
2023/01/12 	227.0	235.5	227.0	229.5	2419180	2023/01/12 
2023/01/13 	232.0	235.0	228.0	229.5	1186016	2023/01/13 
2023/01/16 	231.0	231.5	222.0	228.0	991100	2023/01/16 
2023/01/17 	229.0	233.0	226.5	227.5	902119	2023/01/17 
2023/01/30 	229.5	231.0	218.5	221.0	1233572	2023/01/30 
2023/01/31 	220.0	222.5	213.5	216.0	934535	2023/01/31 
2023/02/01 	216.5	223.0	216.5	219.5	660186	2023/02/01 
2023/02/02 	220.5	221.0	212.5	214.0	990525	2023/02/02 
2023/02/03 	216.0	217.0	212.0	214.0	847005	2023/02/03 
2023/02/06 	213.0	221.5	213.0	219.5	825216	2023/02/06 
2023/02/07 	219.5	225.0	218.0	221.5	778248	2023/02/07 
2023/02/08 	221.5	223.0	217.5	219.0	385258	2023/02/08 
2023/02/09 	220.5	224.0	215.0	218.5	750055	2023/02/09 
2023/02/10 	224.0	240.0	224.0	240.0	4252601	2023/02/10 
2023/02/13 	246.0	248.0	227.5	231.5	6156140	2023/02/13 
2023/02/14 	233.0	238.0	227.0	236.0	2967678	2023/02/14 
2023/02/15 	237.5	239.5	233.5	237.5	2334307	2023/02/15 
2023/02/16 	239.5	254.0	238.0	250.0	4219866	2023/02/16 
2023/02/17 	248.5	252.5	243.5	249.5	2422613	2023/02/17 
2023/02/20 	249.0	249.5	237.0	244.0	2231455	2023/02/20 
2023/02/21 	245.0	258.5	240.0	255.0	3125844	2023/02/21 
2023/02/22 	255.0	261.5	250.0	253.5	2945066	2023/02/22 
2023/02/23 	255.0	256.0	246.5	254.0	2388999	2023/02/23 
