Date	Open	High	Low	Close	Volume	Date
2018/12/17 	119.44506072998047	119.44506072998047	113.48487091064453	119.44506072998047	22640	2018/12/17 
2018/12/18 	112.14450073242188	115.67414855957031	111.69770812988281	112.14450073242188	31262	2018/12/18 
2018/12/19 	112.58235168457031	112.85042572021484	112.14450073242188	112.58235168457031	1446	2018/12/19 
2018/12/20 	107.23873901367188	111.33133697509766	107.23873901367188	107.23873901367188	587	2018/12/20 
2018/12/21 	112.13556671142578	112.13556671142578	112.01045989990234	112.13556671142578	246	2018/12/21 
2018/12/24 	112.13556671142578	112.13556671142578	112.13556671142578	112.13556671142578	33	2018/12/24 
2018/12/25 	111.68877410888672	111.68877410888672	111.68877410888672	111.68877410888672	1	2018/12/25 
2018/12/26 	111.68877410888672	111.68877410888672	111.68877410888672	111.68877410888672	0	2018/12/26 
2018/12/27 	111.68877410888672	111.68877410888672	111.68877410888672	111.68877410888672	113	2018/12/27 
2018/12/28 	107.67658996582031	107.67658996582031	107.22979736328125	107.67658996582031	1245	2018/12/28 
2019/01/02 	107.67658996582031	107.67658996582031	107.67658996582031	107.67658996582031	0	2019/01/02 
2019/01/03 	106.12175750732422	106.12175750732422	106.12175750732422	106.12175750732422	167	2019/01/03 
2019/01/04 	111.69770812988281	111.69770812988281	111.68877410888672	111.69770812988281	5631	2019/01/04 
2019/01/07 	111.69770812988281	111.69770812988281	111.69770812988281	111.69770812988281	22	2019/01/07 
2019/01/08 	111.69770812988281	111.69770812988281	111.69770812988281	111.69770812988281	111	2019/01/08 
2019/01/09 	111.69770812988281	111.69770812988281	111.69770812988281	111.69770812988281	145	2019/01/09 
2019/01/10 	107.22979736328125	107.22979736328125	107.22979736328125	107.22979736328125	167	2019/01/10 
2019/01/11 	107.22979736328125	107.22979736328125	107.22979736328125	107.22979736328125	1	2019/01/11 
2019/01/14 	108.12338256835938	108.12338256835938	108.12338256835938	108.12338256835938	447	2019/01/14 
2019/01/15 	108.12338256835938	108.12338256835938	108.12338256835938	108.12338256835938	3357	2019/01/15 
2019/01/16 	108.12338256835938	108.12338256835938	108.12338256835938	108.12338256835938	3357	2019/01/16 
2019/01/17 	108.12338256835938	108.12338256835938	108.12338256835938	108.12338256835938	0	2019/01/17 
2019/01/18 	108.12338256835938	108.12338256835938	108.12338256835938	108.12338256835938	2238	2019/01/18 
2019/01/21 	110.80413055419922	110.80413055419922	109.9105453491211	110.80413055419922	5629	2019/01/21 
2019/01/22 	109.9105453491211	109.9105453491211	109.9105453491211	109.9105453491211	5595	2019/01/22 
2019/01/23 	109.9105453491211	109.9105453491211	109.9105453491211	109.9105453491211	5595	2019/01/23 
2019/01/24 	109.9105453491211	110.7951889038086	109.9105453491211	109.9105453491211	6849	2019/01/24 
2019/01/25 	109.9105453491211	110.80413055419922	109.46375274658203	109.9105453491211	11309	2019/01/25 
2019/01/28 	109.9105453491211	109.9105453491211	109.9105453491211	109.9105453491211	0	2019/01/28 
2019/01/29 	110.80413055419922	110.80413055419922	110.7951889038086	110.80413055419922	100	2019/01/29 
2019/01/30 	110.80413055419922	110.80413055419922	110.80413055419922	110.80413055419922	1182	2019/01/30 
2019/02/11 	109.0169677734375	109.0169677734375	107.23873901367188	109.0169677734375	503	2019/02/11 
2019/02/12 	108.12338256835938	108.12338256835938	107.40851593017578	108.12338256835938	4700	2019/02/12 
2019/02/13 	107.23873901367188	108.12338256835938	107.23873901367188	107.23873901367188	470	2019/02/13 
2019/02/14 	107.67658996582031	108.12338256835938	107.23873901367188	107.67658996582031	4476	2019/02/14 
2019/02/15 	107.67658996582031	107.67658996582031	107.67658996582031	107.67658996582031	0	2019/02/15 
2019/02/18 	107.22979736328125	108.12338256835938	106.34515380859375	107.22979736328125	4476	2019/02/18 
2019/02/19 	109.0169677734375	109.901611328125	109.0169677734375	109.0169677734375	1566	2019/02/19 
2019/02/20 	110.04458618164062	110.04458618164062	109.0169677734375	110.04458618164062	4234	2019/02/20 
2019/02/21 	109.9105453491211	110.04458618164062	109.9105453491211	109.9105453491211	7363	2019/02/21 
2019/02/22 	107.22086334228516	110.04458618164062	107.14044189453125	107.22086334228516	10038	2019/02/22 
2019/02/25 	109.9105453491211	109.9105453491211	109.9105453491211	109.9105453491211	201	2019/02/25 
2019/02/26 	109.9105453491211	109.9105453491211	109.9105453491211	109.9105453491211	369	2019/02/26 
2019/02/27 	105.44263458251953	109.9105453491211	105.44263458251953	105.44263458251953	805	2019/02/27 
2019/03/04 	109.9105453491211	109.9105453491211	109.9105453491211	109.9105453491211	29	2019/03/04 
2019/03/05 	109.9105453491211	109.9105453491211	109.9105453491211	109.9105453491211	111	2019/03/05 
2019/03/06 	109.0169677734375	109.9105453491211	109.0169677734375	109.0169677734375	196	2019/03/06 
2019/03/07 	109.9105453491211	109.9105453491211	109.9105453491211	109.9105453491211	1156	2019/03/07 
2019/03/08 	109.9105453491211	109.9105453491211	109.9105453491211	109.9105453491211	2638	2019/03/08 
2019/03/11 	109.46375274658203	109.901611328125	108.12338256835938	109.46375274658203	3513	2019/03/11 
2019/03/12 	109.45481872558594	109.45481872558594	109.0169677734375	109.45481872558594	6244	2019/03/12 
2019/03/13 	109.28504180908203	109.36546325683594	109.0169677734375	109.28504180908203	3530	2019/03/13 
2019/03/14 	109.36546325683594	109.36546325683594	109.0169677734375	109.36546325683594	3693	2019/03/14 
2019/03/15 	104.995849609375	104.995849609375	104.995849609375	104.995849609375	111	2019/03/15 
2019/03/18 	109.0169677734375	109.0169677734375	109.00802612304688	109.0169677734375	3290	2019/03/18 
2019/03/19 	109.00802612304688	109.0169677734375	109.00802612304688	109.00802612304688	11491	2019/03/19 
2019/03/20 	109.00802612304688	109.9105453491211	107.05108642578125	109.00802612304688	20311	2019/03/20 
2019/03/21 	112.58235168457031	112.58235168457031	109.0169677734375	112.58235168457031	13210	2019/03/21 
2019/03/22 	110.04771423339844	112.72285461425781	110.04771423339844	110.04771423339844	12607	2019/03/22 
2019/03/25 	110.93346405029297	110.93346405029297	109.15301513671875	110.93346405029297	2235	2019/03/25 
2019/03/26 	110.94241333007812	110.94241333007812	110.93346405029297	110.94241333007812	570	2019/03/26 
2019/03/27 	111.38081359863281	111.38081359863281	110.49506378173828	111.38081359863281	9500	2019/03/27 
2019/03/28 	113.17915344238281	113.62650299072266	111.38081359863281	113.17915344238281	30161	2019/03/28 
2019/03/29 	114.0738525390625	115.8364028930664	111.83710479736328	114.0738525390625	27742	2019/03/29 
2019/04/01 	113.62650299072266	113.62650299072266	111.83710479736328	113.62650299072266	17279	2019/04/01 
2019/04/02 	114.51225280761719	114.51225280761719	114.51225280761719	114.51225280761719	2794	2019/04/02 
2019/04/03 	118.99468231201172	119.8893814086914	110.94241333007812	118.99468231201172	30860	2019/04/03 
2019/04/08 	120.38146209716797	120.38146209716797	115.4158935546875	120.38146209716797	12127	2019/04/08 
2019/04/09 	119.44203186035156	120.3277816772461	118.99468231201172	119.44203186035156	12321	2019/04/09 
2019/04/10 	114.96854400634766	118.99468231201172	114.52119445800781	114.96854400634766	32983	2019/04/10 
2019/04/11 	114.51225280761719	114.96854400634766	111.83710479736328	114.51225280761719	20688	2019/04/11 
2019/04/12 	111.83710479736328	112.73180389404297	111.83710479736328	111.83710479736328	11202	2019/04/12 
2019/04/15 	114.51225280761719	114.51225280761719	111.83710479736328	114.51225280761719	4494	2019/04/15 
2019/04/16 	111.83710479736328	114.51225280761719	110.04771423339844	111.83710479736328	6102	2019/04/16 
2019/04/17 	112.73180389404297	112.73180389404297	112.73180389404297	112.73180389404297	2470	2019/04/17 
2019/04/18 	114.51225280761719	114.51225280761719	114.51225280761719	114.51225280761719	55	2019/04/18 
2019/04/19 	114.51225280761719	114.51225280761719	110.04771423339844	114.51225280761719	413	2019/04/19 
2019/04/22 	110.04771423339844	114.51225280761719	110.04771423339844	110.04771423339844	456	2019/04/22 
2019/04/23 	112.72285461425781	112.72285461425781	110.04771423339844	112.72285461425781	6952	2019/04/23 
2019/04/24 	111.83710479736328	111.83710479736328	108.80408477783203	111.83710479736328	12752	2019/04/24 
2019/04/25 	112.72285461425781	112.72285461425781	110.94241333007812	112.72285461425781	849	2019/04/25 
2019/04/26 	112.72285461425781	112.72285461425781	112.72285461425781	112.72285461425781	29	2019/04/26 
2019/04/29 	109.15301513671875	112.72285461425781	109.15301513671875	109.15301513671875	1161	2019/04/29 
2019/04/30 	112.72285461425781	112.72285461425781	109.15301513671875	112.72285461425781	2240	2019/04/30 
2019/05/02 	111.83710479736328	112.72285461425781	111.83710479736328	111.83710479736328	9008	2019/05/02 
2019/05/03 	112.72285461425781	112.73180389404297	111.83710479736328	112.72285461425781	31820	2019/05/03 
2019/05/06 	112.72285461425781	112.72285461425781	110.04771423339844	112.72285461425781	22168	2019/05/06 
2019/05/07 	112.72285461425781	112.72285461425781	111.83710479736328	112.72285461425781	234	2019/05/07 
2019/05/08 	112.2755126953125	112.2755126953125	111.83710479736328	112.2755126953125	2637	2019/05/08 
2019/05/09 	112.2755126953125	112.2755126953125	112.2755126953125	112.2755126953125	547	2019/05/09 
2019/05/10 	110.94241333007812	111.83710479736328	110.94241333007812	110.94241333007812	5923	2019/05/10 
2019/05/13 	110.94241333007812	112.73180389404297	110.94241333007812	110.94241333007812	14138	2019/05/13 
2019/05/14 	112.73180389404297	112.73180389404297	110.04771423339844	112.73180389404297	3397	2019/05/14 
2019/05/15 	112.73180389404297	112.73180389404297	112.73180389404297	112.73180389404297	145	2019/05/15 
2019/05/16 	111.83710479736328	112.73180389404297	108.8935546875	111.83710479736328	13501	2019/05/16 
2019/05/17 	112.73180389404297	112.73180389404297	109.15301513671875	112.73180389404297	384	2019/05/17 
2019/05/20 	112.73180389404297	112.73180389404297	112.73180389404297	112.73180389404297	2347	2019/05/20 
2019/05/21 	113.93964385986328	113.93964385986328	113.62650299072266	113.93964385986328	1164	2019/05/21 
2019/05/22 	110.94241333007812	114.52119445800781	110.94241333007812	110.94241333007812	11884	2019/05/22 
2019/05/23 	112.73180389404297	112.73180389404297	110.58453369140625	112.73180389404297	1128	2019/05/23 
2019/05/24 	114.51225280761719	114.51225280761719	110.58453369140625	114.51225280761719	1127	2019/05/24 
2019/05/27 	113.62650299072266	113.62650299072266	113.62650299072266	113.62650299072266	22	2019/05/27 
2019/05/28 	110.58453369140625	114.52119445800781	110.58453369140625	110.58453369140625	131	2019/05/28 
2019/05/29 	110.5040054321289	111.83710479736328	110.5040054321289	110.5040054321289	4683	2019/05/29 
2019/05/30 	114.06490325927734	114.51225280761719	114.06490325927734	114.06490325927734	7826	2019/05/30 
2019/05/31 	114.06490325927734	114.06490325927734	114.06490325927734	114.06490325927734	4493	2019/05/31 
2019/06/03 	114.06490325927734	114.06490325927734	114.06490325927734	114.06490325927734	5	2019/06/03 
2019/06/04 	114.06490325927734	114.06490325927734	114.06490325927734	114.06490325927734	2067	2019/06/04 
2019/06/05 	110.5040054321289	114.06490325927734	110.5040054321289	110.5040054321289	514	2019/06/05 
2019/06/06 	110.5040054321289	110.5040054321289	110.5040054321289	110.5040054321289	223	2019/06/06 
2019/06/10 	110.5040054321289	110.5040054321289	110.5040054321289	110.5040054321289	0	2019/06/10 
2019/06/11 	111.83710479736328	111.83710479736328	110.5040054321289	111.83710479736328	3440	2019/06/11 
2019/06/12 	111.38081359863281	111.83710479736328	108.26726531982422	111.38081359863281	21145	2019/06/12 
2019/06/13 	111.38081359863281	111.38975524902344	111.38081359863281	111.38081359863281	838	2019/06/13 
2019/06/14 	108.26726531982422	111.38975524902344	108.26726531982422	108.26726531982422	1157	2019/06/14 
2019/06/17 	111.38081359863281	111.38081359863281	108.2583236694336	111.38081359863281	4860	2019/06/17 
2019/06/18 	110.04771423339844	111.38081359863281	110.04771423339844	110.04771423339844	6038	2019/06/18 
2019/06/19 	110.04771423339844	110.04771423339844	110.04771423339844	110.04771423339844	0	2019/06/19 
2019/06/20 	107.67676544189453	109.15301513671875	107.3636245727539	107.67676544189453	31207	2019/06/20 
2019/06/21 	109.59141540527344	110.04771423339844	107.68571472167969	109.59141540527344	4929	2019/06/21 
2019/06/24 	106.91627502441406	109.15301513671875	106.47787475585938	106.91627502441406	45847	2019/06/24 
2019/06/25 	110.04771423339844	110.04771423339844	108.2583236694336	110.04771423339844	5007	2019/06/25 
2019/06/26 	110.03876495361328	110.03876495361328	109.59141540527344	109.59141540527344	3225	2019/06/26 
2019/06/27 	109.59141540527344	109.6003646850586	109.15301513671875	109.6003646850586	7041	2019/06/27 
2019/06/28 	110.04771423339844	110.94241333007812	106.92522430419922	110.94241333007812	4687	2019/06/28 
2019/07/01 	111.82816314697266	111.82816314697266	111.82816314697266	111.82816314697266	1407	2019/07/01 
2019/07/02 	111.82816314697266	111.82816314697266	111.38081359863281	111.38081359863281	14809	2019/07/02 
2019/07/03 	111.38081359863281	111.82816314697266	111.38081359863281	111.82816314697266	14115	2019/07/03 
2019/07/04 	111.82816314697266	111.82816314697266	108.26726531982422	111.82816314697266	32536	2019/07/04 
2019/07/05 	110.7699966430664	115.13999938964844	110.7699966430664	112.0	41890	2019/07/05 
2019/07/08 	115.13999938964844	115.13999938964844	112.76000213623047	112.76000213623047	7430	2019/07/08 
2019/07/09 	110.79000091552734	112.19000244140625	109.0	109.5	21176	2019/07/09 
2019/07/10 	109.5	112.0	109.0	112.0	6960	2019/07/10 
2019/07/11 	109.0	112.30000305175781	109.0	112.01000213623047	2093	2019/07/11 
2019/07/12 	112.33000183105469	112.33000183105469	112.33000183105469	112.33000183105469	200	2019/07/12 
2019/07/15 	111.80000305175781	112.33000183105469	111.80000305175781	112.33000183105469	1410	2019/07/15 
2019/07/16 	111.5	112.33000183105469	110.5	110.5	3560	2019/07/16 
2019/07/17 	109.5	110.0	109.5	110.0	3105	2019/07/17 
2019/07/18 	109.0999984741211	111.48999786376953	109.0	110.0	8720	2019/07/18 
2019/07/19 	111.48999786376953	111.48999786376953	108.51000213623047	111.48999786376953	6483	2019/07/19 
2019/07/22 	111.48999786376953	111.48999786376953	108.51000213623047	108.51000213623047	7060	2019/07/22 
2019/07/23 	108.51000213623047	108.51000213623047	108.51000213623047	108.51000213623047	100	2019/07/23 
2019/07/24 	108.51000213623047	108.51000213623047	108.51000213623047	108.51000213623047	800	2019/07/24 
2019/07/25 	108.51000213623047	108.51000213623047	108.51000213623047	108.51000213623047	0	2019/07/25 
2019/07/26 	113.38999938964844	113.38999938964844	113.38999938964844	113.38999938964844	80	2019/07/26 
2019/07/29 	113.38999938964844	113.38999938964844	113.38999938964844	113.38999938964844	2301	2019/07/29 
2019/07/30 	113.38999938964844	113.38999938964844	113.38999938964844	113.38999938964844	510	2019/07/30 
2019/07/31 	113.38999938964844	113.38999938964844	113.38999938964844	113.38999938964844	240	2019/07/31 
2019/08/01 	113.0	113.0	109.5	112.98999786376953	24200	2019/08/01 
2019/08/02 	113.0	113.0	112.4000015258789	112.5	12030	2019/08/02 
2019/08/05 	113.0	113.0	109.5	109.5	10100	2019/08/05 
2019/08/06 	109.0	110.0	107.3499984741211	108.51000213623047	31500	2019/08/06 
2019/08/07 	108.51000213623047	108.51000213623047	108.51000213623047	108.51000213623047	3300	2019/08/07 
2019/08/08 	111.98999786376953	111.98999786376953	108.51000213623047	108.51000213623047	140	2019/08/08 
2019/08/12 	111.98999786376953	111.98999786376953	111.98999786376953	111.98999786376953	2600	2019/08/12 
2019/08/13 	111.0	111.0	107.0	110.0	21440	2019/08/13 
2019/08/14 	112.62000274658203	112.62000274658203	112.62000274658203	112.62000274658203	120	2019/08/14 
2019/08/15 	107.5	109.0	107.11000061035156	107.11000061035156	28837	2019/08/15 
2019/08/16 	107.5	110.98999786376953	107.0999984741211	107.5199966430664	5711	2019/08/16 
2019/08/19 	107.5199966430664	109.0999984741211	107.01000213623047	107.51000213623047	10175	2019/08/19 
2019/08/20 	108.0	109.0	107.01000213623047	109.0	12341	2019/08/20 
2019/08/21 	107.01000213623047	108.5	107.01000213623047	108.0	125	2019/08/21 
2019/08/22 	108.0	108.0	107.01000213623047	107.01000213623047	838	2019/08/22 
2019/08/23 	107.01000213623047	108.0	105.0	106.5	34678	2019/08/23 
2019/08/26 	106.0	106.0	105.5	105.5	6467	2019/08/26 
2019/08/27 	107.5	107.5	105.5	105.51000213623047	1082	2019/08/27 
2019/08/28 	106.0	108.48999786376953	106.0	108.48999786376953	11433	2019/08/28 
2019/08/29 	104.5999984741211	106.0	104.0999984741211	104.0999984741211	15208	2019/08/29 
2019/08/30 	104.0	104.38999938964844	100.01000213623047	103.48999786376953	21115	2019/08/30 
2019/09/02 	103.48999786376953	103.48999786376953	100.01000213623047	100.02999877929688	3873	2019/09/02 
2019/09/03 	100.0	101.98999786376953	98.80999755859375	100.0	5600	2019/09/03 
2019/09/04 	101.98999786376953	101.98999786376953	100.0	100.0	6403	2019/09/04 
2019/09/05 	98.69999694824219	101.98999786376953	98.5999984741211	99.5	3417	2019/09/05 
2019/09/06 	100.0	101.98999786376953	100.0	101.98999786376953	3670	2019/09/06 
2019/09/10 	101.98999786376953	101.98999786376953	98.5999984741211	100.0	233	2019/09/10 
2019/09/11 	101.98999786376953	101.98999786376953	101.98999786376953	101.98999786376953	2310	2019/09/11 
2019/09/12 	100.88999938964844	101.98999786376953	100.0	100.0	4435	2019/09/12 
2019/09/16 	102.0	102.0	100.0	101.98999786376953	11365	2019/09/16 
2019/09/17 	101.98999786376953	101.98999786376953	100.19999694824219	101.98999786376953	2250	2019/09/17 
2019/09/18 	101.0	101.98999786376953	101.0	101.98999786376953	2151	2019/09/18 
2019/09/19 	101.98999786376953	101.98999786376953	99.69999694824219	99.69999694824219	6302	2019/09/19 
2019/09/20 	101.48999786376953	101.48999786376953	99.69999694824219	100.0	1960	2019/09/20 
2019/09/23 	100.05000305175781	101.0	97.69999694824219	100.0	3200	2019/09/23 
2019/09/24 	98.45999908447266	101.48999786376953	98.45999908447266	101.48999786376953	480	2019/09/24 
2019/09/25 	100.0	100.0	100.0	100.0	830	2019/09/25 
2019/09/26 	100.0	100.05000305175781	100.0	100.05000305175781	190	2019/09/26 
2019/09/27 	100.01000213623047	100.05000305175781	97.19999694824219	100.05000305175781	1145	2019/09/27 
2019/10/01 	100.0	101.48999786376953	100.0	100.0999984741211	1150	2019/10/01 
2019/10/02 	101.48999786376953	101.48999786376953	97.19999694824219	97.19999694824219	3030	2019/10/02 
2019/10/03 	101.48999786376953	101.48999786376953	97.0	101.19999694824219	1940	2019/10/03 
2019/10/04 	97.0	101.0	97.0	100.0	2813	2019/10/04 
2019/10/07 	97.0	101.0	97.0	101.0	120	2019/10/07 
2019/10/08 	100.0	101.48999786376953	97.0	101.48999786376953	1399	2019/10/08 
2019/10/09 	100.5	100.5	100.5	100.5	350	2019/10/09 
2019/10/14 	97.0	101.19999694824219	97.0	100.0	450	2019/10/14 
2019/10/15 	97.0	101.48999786376953	97.0	101.48999786376953	900	2019/10/15 
2019/10/16 	97.0	100.0	97.0	100.0	530	2019/10/16 
2019/10/17 	100.0	100.0	100.0	100.0	0	2019/10/17 
2019/10/18 	101.0	101.0	101.0	101.0	30	2019/10/18 
2019/10/21 	101.48999786376953	101.48999786376953	99.0	101.19999694824219	1844	2019/10/21 
2019/10/22 	101.19999694824219	101.19999694824219	101.19999694824219	101.19999694824219	0	2019/10/22 
2019/10/23 	100.0	101.19999694824219	100.0	101.19999694824219	1030	2019/10/23 
2019/10/24 	101.48999786376953	101.48999786376953	100.0	101.0	580	2019/10/24 
2019/10/25 	100.56999969482422	101.0	100.0	100.0	1260	2019/10/25 
2019/10/28 	101.19999694824219	101.19999694824219	101.19999694824219	101.19999694824219	30	2019/10/28 
2019/10/29 	100.0	101.0999984741211	99.0	101.0999984741211	400	2019/10/29 
2019/10/30 	101.19999694824219	101.19999694824219	100.0	100.0	130	2019/10/30 
2019/10/31 	97.0	100.0	96.91000366210938	99.0	8325	2019/10/31 
2019/11/01 	101.0	101.0	96.91000366210938	101.0	5180	2019/11/01 
2019/11/04 	101.0	101.0	101.0	101.0	1000	2019/11/04 
2019/11/05 	100.98999786376953	100.98999786376953	100.98999786376953	100.98999786376953	130	2019/11/05 
2019/11/06 	96.91000366210938	100.98999786376953	96.91000366210938	100.5	2794	2019/11/06 
2019/11/07 	96.91000366210938	100.4800033569336	96.91000366210938	100.4800033569336	2135	2019/11/07 
2019/11/08 	96.91000366210938	100.4800033569336	96.91000366210938	100.4800033569336	2135	2019/11/08 
2019/11/11 	100.4800033569336	100.4800033569336	96.91000366210938	100.4800033569336	5060	2019/11/11 
2019/11/12 	100.4800033569336	100.4800033569336	96.91000366210938	100.4800033569336	5060	2019/11/12 
2019/11/13 	96.91000366210938	100.4800033569336	96.91000366210938	100.4800033569336	400	2019/11/13 
2019/11/14 	99.5	100.4800033569336	99.5	100.4800033569336	60	2019/11/14 
2019/11/15 	100.0999984741211	100.4800033569336	100.0999984741211	100.4800033569336	130	2019/11/15 
2019/11/18 	100.4800033569336	100.4800033569336	100.4800033569336	100.4800033569336	30	2019/11/18 
2019/11/19 	100.0	100.0	100.0	100.0	200	2019/11/19 
2019/11/20 	100.0	100.4800033569336	96.91000366210938	100.4800033569336	819	2019/11/20 
2019/11/21 	99.0	100.9800033569336	99.0	100.9800033569336	150	2019/11/21 
2019/11/22 	99.0	100.9800033569336	99.0	100.9800033569336	150	2019/11/22 
2019/11/25 	100.9800033569336	100.9800033569336	99.98999786376953	100.0	117	2019/11/25 
2019/11/26 	100.5	100.5	100.5	100.5	30	2019/11/26 
2019/11/27 	100.5	100.5	100.5	100.5	0	2019/11/27 
2019/11/28 	96.91000366210938	100.9800033569336	96.91000366210938	100.9800033569336	2121	2019/11/28 
2019/11/29 	100.9800033569336	100.9800033569336	100.9800033569336	100.9800033569336	30	2019/11/29 
2019/12/02 	100.9800033569336	100.9800033569336	100.9800033569336	100.9800033569336	0	2019/12/02 
2019/12/03 	100.9800033569336	100.9800033569336	100.9800033569336	100.9800033569336	30	2019/12/03 
2019/12/04 	100.9800033569336	100.9800033569336	100.9800033569336	100.9800033569336	30	2019/12/04 
2019/12/05 	100.9800033569336	100.9800033569336	100.9800033569336	100.9800033569336	130	2019/12/05 
2019/12/06 	100.9800033569336	100.9800033569336	100.9800033569336	100.9800033569336	130	2019/12/06 
2019/12/09 	96.91000366210938	99.98999786376953	96.9000015258789	99.98999786376953	7610	2019/12/09 
2019/12/10 	99.98999786376953	99.98999786376953	95.0	95.0	10746	2019/12/10 
2019/12/11 	98.93000030517578	98.93000030517578	96.0	96.0	3269	2019/12/11 
2019/12/12 	94.70999908447266	96.9800033569336	92.1500015258789	93.69000244140625	24619	2019/12/12 
2019/12/13 	93.69000244140625	93.69000244140625	83.04000091552734	85.0	74832	2019/12/13 
2019/12/16 	87.38999938964844	87.38999938964844	84.5	87.38999938964844	1670	2019/12/16 
2019/12/17 	87.38999938964844	87.38999938964844	84.5	87.38999938964844	1670	2019/12/17 
2019/12/18 	84.0	87.38999938964844	84.0	84.0	1175	2019/12/18 
2019/12/19 	87.38999938964844	87.38999938964844	87.0	87.38999938964844	3207	2019/12/19 
2019/12/20 	87.38999938964844	88.41999816894531	86.0	88.41999816894531	12767	2019/12/20 
2019/12/23 	90.51000213623047	91.48999786376953	89.0	90.0	2509	2019/12/23 
2019/12/24 	90.51000213623047	91.48999786376953	89.0	90.0	2509	2019/12/24 
2019/12/25 	91.48999786376953	92.08999633789062	90.0	91.0	9143	2019/12/25 
2019/12/26 	91.5	93.0	90.0	93.0	8327	2019/12/26 
2019/12/27 	90.0	92.98999786376953	90.0	92.98999786376953	1544	2019/12/27 
2019/12/30 	92.6500015258789	93.58999633789062	90.0	90.0	3220	2019/12/30 
2019/12/31 	93.58999633789062	93.58999633789062	90.0	93.58999633789062	1134	2019/12/31 
2020/01/02 	90.0	93.55000305175781	89.05000305175781	93.55000305175781	6100	2020/01/02 
2020/01/03 	90.0	93.55000305175781	89.05000305175781	93.55000305175781	7000	2020/01/03 
2020/01/06 	93.48999786376953	93.48999786376953	92.0	92.0	200	2020/01/06 
2020/01/07 	93.48999786376953	93.48999786376953	92.0	92.0	200	2020/01/07 
2020/01/08 	92.0	93.48999786376953	89.01000213623047	90.0	1710	2020/01/08 
2020/01/09 	89.01000213623047	93.48999786376953	89.01000213623047	93.48999786376953	2195	2020/01/09 
2020/01/10 	89.01000213623047	93.48999786376953	89.01000213623047	93.48999786376953	2195	2020/01/10 
2020/01/13 	93.48999786376953	93.48999786376953	93.48999786376953	93.48999786376953	207	2020/01/13 
2020/01/14 	93.48999786376953	93.48999786376953	93.48999786376953	93.48999786376953	0	2020/01/14 
2020/01/15 	93.48999786376953	93.48999786376953	93.48999786376953	93.48999786376953	100	2020/01/15 
2020/01/16 	93.0	93.48999786376953	93.0	93.48999786376953	320	2020/01/16 
2020/01/17 	93.48999786376953	93.48999786376953	93.48999786376953	93.48999786376953	0	2020/01/17 
2020/01/20 	93.48999786376953	93.48999786376953	93.48999786376953	93.48999786376953	6000	2020/01/20 
2020/01/30 	90.0	90.0	89.36000061035156	89.36000061035156	2000	2020/01/30 
2020/01/31 	90.0	92.98999786376953	89.36000061035156	92.98999786376953	2100	2020/01/31 
2020/02/03 	88.36000061035156	89.98999786376953	88.3499984741211	89.98999786376953	4222	2020/02/03 
2020/02/04 	90.0	90.0	90.0	90.0	100	2020/02/04 
2020/02/05 	90.0	90.0	90.0	90.0	100	2020/02/05 
2020/02/06 	90.0	90.08999633789062	88.0	90.08999633789062	5600	2020/02/06 
2020/02/07 	90.0	90.08999633789062	88.0	90.08999633789062	5600	2020/02/07 
2020/02/10 	90.08999633789062	90.08999633789062	90.08999633789062	90.08999633789062	100	2020/02/10 
2020/02/11 	85.70999908447266	90.08999633789062	85.70999908447266	90.08999633789062	590	2020/02/11 
2020/02/12 	90.08999633789062	90.08999633789062	90.08999633789062	90.08999633789062	1100	2020/02/12 
2020/02/13 	90.08999633789062	90.08999633789062	90.08999633789062	90.08999633789062	1100	2020/02/13 
2020/02/14 	90.08999633789062	90.08999633789062	90.08999633789062	90.08999633789062	100	2020/02/14 
2020/02/17 	90.08999633789062	90.08999633789062	90.08999633789062	90.08999633789062	1250	2020/02/17 
2020/02/18 	85.70999908447266	90.0	85.70999908447266	90.0	250	2020/02/18 
2020/02/19 	90.0	90.0	90.0	90.0	0	2020/02/19 
2020/02/20 	85.70999908447266	88.0	85.70999908447266	88.0	300	2020/02/20 
2020/02/21 	85.70999908447266	90.08999633789062	85.70999908447266	90.08999633789062	400	2020/02/21 
2020/02/24 	90.08999633789062	90.08999633789062	87.94999694824219	87.94999694824219	450	2020/02/24 
2020/02/25 	89.98999786376953	89.98999786376953	89.98999786376953	89.98999786376953	100	2020/02/25 
2020/02/26 	89.98999786376953	89.98999786376953	89.98999786376953	89.98999786376953	0	2020/02/26 
2020/02/27 	85.61000061035156	85.61000061035156	85.61000061035156	85.61000061035156	600	2020/02/27 
2020/03/02 	85.61000061035156	86.19999694824219	85.51000213623047	85.51000213623047	3255	2020/03/02 
2020/03/03 	85.51000213623047	85.51000213623047	85.51000213623047	85.51000213623047	0	2020/03/03 
2020/03/04 	90.0	90.0	90.0	90.0	4	2020/03/04 
2020/03/05 	90.0	90.0	90.0	90.0	23	2020/03/05 
2020/03/06 	90.0	90.0	90.0	90.0	0	2020/03/06 
2020/03/09 	90.0	90.0	86.0	86.0	4000	2020/03/09 
2020/03/10 	85.51000213623047	89.98999786376953	85.51000213623047	89.98999786376953	367	2020/03/10 
2020/03/11 	89.98999786376953	91.5	89.0	91.5	2250	2020/03/11 
2020/03/12 	87.30999755859375	87.30999755859375	87.30000305175781	87.30000305175781	4000	2020/03/12 
2020/03/13 	86.94000244140625	91.0	86.83000183105469	90.98999786376953	4534	2020/03/13 
2020/03/16 	86.86000061035156	86.87000274658203	86.86000061035156	86.87000274658203	585	2020/03/16 
2020/03/17 	86.86000061035156	86.86000061035156	83.61000061035156	86.0	9688	2020/03/17 
2020/03/18 	86.0	86.0	86.0	86.0	0	2020/03/18 
2020/03/19 	83.61000061035156	84.5	79.80999755859375	81.0	17112	2020/03/19 
2020/03/20 	79.43000030517578	83.48999786376953	79.43000030517578	79.43000030517578	5750	2020/03/20 
2020/03/23 	79.5	79.9000015258789	79.19999694824219	79.80000305175781	7540	2020/03/23 
2020/03/24 	79.80000305175781	79.80000305175781	79.80000305175781	79.80000305175781	0	2020/03/24 
2020/03/25 	80.9000015258789	80.9000015258789	80.9000015258789	80.9000015258789	1234	2020/03/25 
2020/03/26 	80.9000015258789	80.9000015258789	80.9000015258789	80.9000015258789	0	2020/03/26 
2020/03/27 	80.9000015258789	80.9000015258789	80.9000015258789	80.9000015258789	1123	2020/03/27 
2020/03/30 	80.9000015258789	80.9000015258789	80.9000015258789	80.9000015258789	0	2020/03/30 
2020/03/31 	80.9000015258789	80.9000015258789	80.9000015258789	80.9000015258789	0	2020/03/31 
2020/04/01 	80.9000015258789	80.9000015258789	80.9000015258789	80.9000015258789	0	2020/04/01 
2020/04/06 	80.9000015258789	80.9000015258789	80.9000015258789	80.9000015258789	0	2020/04/06 
2020/04/07 	80.9000015258789	80.9000015258789	80.9000015258789	80.9000015258789	0	2020/04/07 
2020/04/08 	83.80000305175781	84.0999984741211	83.0	83.5	63469	2020/04/08 
2020/04/09 	83.80000305175781	85.9000015258789	83.80000305175781	85.9000015258789	60210	2020/04/09 
2020/04/10 	85.9000015258789	85.9000015258789	83.0999984741211	83.19999694824219	80306	2020/04/10 
2020/04/13 	83.19999694824219	85.9000015258789	83.19999694824219	85.9000015258789	63468	2020/04/13 
2020/04/14 	83.19999694824219	84.69999694824219	83.19999694824219	83.19999694824219	68496	2020/04/14 
2020/04/15 	84.80000305175781	84.80000305175781	83.5999984741211	84.5	70418	2020/04/15 
2020/04/16 	83.30000305175781	84.9000015258789	83.30000305175781	83.30000305175781	36121	2020/04/16 
2020/04/17 	83.80000305175781	84.5999984741211	83.80000305175781	83.80000305175781	73413	2020/04/17 
2020/04/20 	83.80000305175781	84.5999984741211	83.80000305175781	84.30000305175781	66236	2020/04/20 
2020/04/21 	83.80000305175781	84.5999984741211	83.80000305175781	84.30000305175781	38324	2020/04/21 
2020/04/22 	84.5	84.5	83.69999694824219	83.69999694824219	2565	2020/04/22 
2020/04/23 	83.69999694824219	83.69999694824219	83.69999694824219	83.69999694824219	0	2020/04/23 
2020/04/24 	83.69999694824219	83.69999694824219	83.69999694824219	83.69999694824219	0	2020/04/24 
2020/04/27 	83.69999694824219	83.69999694824219	83.69999694824219	83.69999694824219	0	2020/04/27 
2020/04/28 	83.69999694824219	83.69999694824219	83.69999694824219	83.69999694824219	0	2020/04/28 
2020/04/29 	83.69999694824219	83.69999694824219	83.69999694824219	83.69999694824219	0	2020/04/29 
2020/04/30 	83.69999694824219	83.69999694824219	83.69999694824219	83.69999694824219	0	2020/04/30 
2020/05/04 	83.69999694824219	83.69999694824219	83.69999694824219	83.69999694824219	0	2020/05/04 
2020/05/05 	83.69999694824219	83.69999694824219	83.69999694824219	83.69999694824219	0	2020/05/05 
2020/05/06 	83.69999694824219	83.69999694824219	83.69999694824219	83.69999694824219	0	2020/05/06 
2020/05/07 	83.69999694824219	83.69999694824219	83.69999694824219	83.69999694824219	0	2020/05/07 
2020/05/08 	83.69999694824219	83.69999694824219	83.69999694824219	83.69999694824219	0	2020/05/08 
2020/05/11 	83.69999694824219	83.69999694824219	83.69999694824219	83.69999694824219	0	2020/05/11 
2020/05/12 	83.69999694824219	83.69999694824219	83.69999694824219	83.69999694824219	0	2020/05/12 
2020/05/13 	83.69999694824219	83.69999694824219	83.69999694824219	83.69999694824219	0	2020/05/13 
2020/05/14 	83.69999694824219	83.69999694824219	83.69999694824219	83.69999694824219	0	2020/05/14 
2020/05/15 	83.69999694824219	83.69999694824219	83.69999694824219	83.69999694824219	0	2020/05/15 
2020/05/18 	83.69999694824219	83.69999694824219	83.69999694824219	83.69999694824219	0	2020/05/18 
2020/05/19 	83.69999694824219	83.69999694824219	83.69999694824219	83.69999694824219	0	2020/05/19 
2020/05/20 	83.69999694824219	83.69999694824219	83.69999694824219	83.69999694824219	0	2020/05/20 
2020/05/21 	83.69999694824219	83.69999694824219	83.69999694824219	83.69999694824219	0	2020/05/21 
2020/05/22 	83.69999694824219	83.69999694824219	83.69999694824219	83.69999694824219	0	2020/05/22 
2020/05/25 	83.69999694824219	83.69999694824219	83.69999694824219	83.69999694824219	0	2020/05/25 
2020/05/26 	83.69999694824219	83.69999694824219	83.69999694824219	83.69999694824219	0	2020/05/26 
2020/05/27 	83.69999694824219	83.69999694824219	83.69999694824219	83.69999694824219	0	2020/05/27 
2020/05/28 	83.69999694824219	83.69999694824219	83.69999694824219	83.69999694824219	0	2020/05/28 
2020/05/29 	83.69999694824219	83.69999694824219	83.69999694824219	83.69999694824219	0	2020/05/29 
2020/06/01 	83.69999694824219	83.69999694824219	83.69999694824219	83.69999694824219	0	2020/06/01 
2020/06/02 	83.69999694824219	83.69999694824219	83.69999694824219	83.69999694824219	0	2020/06/02 
2020/06/03 	83.69999694824219	83.69999694824219	83.69999694824219	83.69999694824219	0	2020/06/03 
2020/06/04 	83.69999694824219	83.69999694824219	83.69999694824219	83.69999694824219	0	2020/06/04 
2020/06/05 	83.69999694824219	83.69999694824219	83.69999694824219	83.69999694824219	0	2020/06/05 
2020/06/08 	83.69999694824219	83.69999694824219	83.69999694824219	83.69999694824219	0	2020/06/08 
2020/06/09 	83.69999694824219	83.69999694824219	83.69999694824219	83.69999694824219	0	2020/06/09 
2020/06/10 	83.69999694824219	83.69999694824219	83.69999694824219	83.69999694824219	0	2020/06/10 
2020/06/11 	83.69999694824219	83.69999694824219	83.69999694824219	83.69999694824219	0	2020/06/11 
2020/06/12 	83.69999694824219	83.69999694824219	83.69999694824219	83.69999694824219	0	2020/06/12 
2020/06/15 	83.69999694824219	83.69999694824219	83.69999694824219	83.69999694824219	0	2020/06/15 
2020/06/16 	83.69999694824219	83.69999694824219	83.69999694824219	83.69999694824219	0	2020/06/16 
2020/06/17 	83.69999694824219	83.69999694824219	83.69999694824219	83.69999694824219	0	2020/06/17 
2020/06/18 	83.69999694824219	83.69999694824219	83.69999694824219	83.69999694824219	0	2020/06/18 
2020/06/19 	83.69999694824219	83.69999694824219	83.69999694824219	83.69999694824219	0	2020/06/19 
2020/06/22 	83.69999694824219	83.69999694824219	83.69999694824219	83.69999694824219	0	2020/06/22 
2020/06/23 	83.69999694824219	83.69999694824219	83.69999694824219	83.69999694824219	0	2020/06/23 
2020/06/24 	83.69999694824219	83.69999694824219	83.69999694824219	83.69999694824219	0	2020/06/24 
2020/06/29 	83.69999694824219	83.69999694824219	83.69999694824219	83.69999694824219	0	2020/06/29 
2020/06/30 	83.69999694824219	83.69999694824219	83.69999694824219	83.69999694824219	0	2020/06/30 
2020/07/01 	83.69999694824219	83.69999694824219	83.69999694824219	83.69999694824219	0	2020/07/01 
2020/07/02 	83.69999694824219	83.69999694824219	83.69999694824219	83.69999694824219	0	2020/07/02 
2020/07/03 	83.69999694824219	83.69999694824219	83.69999694824219	83.69999694824219	0	2020/07/03 
2020/07/06 	83.69999694824219	83.69999694824219	83.69999694824219	83.69999694824219	0	2020/07/06 
2020/07/07 	83.69999694824219	83.69999694824219	83.69999694824219	83.69999694824219	0	2020/07/07 
2020/07/08 	83.69999694824219	83.69999694824219	83.69999694824219	83.69999694824219	0	2020/07/08 
2020/07/09 	83.69999694824219	83.69999694824219	83.69999694824219	83.69999694824219	0	2020/07/09 
2020/07/10 	83.69999694824219	83.69999694824219	83.69999694824219	83.69999694824219	0	2020/07/10 
2020/07/13 	83.69999694824219	83.69999694824219	83.69999694824219	83.69999694824219	0	2020/07/13 
2020/07/14 	83.69999694824219	83.69999694824219	83.69999694824219	83.69999694824219	0	2020/07/14 
2020/07/15 	83.69999694824219	83.69999694824219	83.69999694824219	83.69999694824219	0	2020/07/15 
2020/07/16 	83.69999694824219	83.69999694824219	83.69999694824219	83.69999694824219	0	2020/07/16 
2020/07/17 	83.69999694824219	83.69999694824219	83.69999694824219	83.69999694824219	0	2020/07/17 
2020/07/20 	83.69999694824219	83.69999694824219	83.69999694824219	83.69999694824219	0	2020/07/20 
2020/07/21 	83.69999694824219	83.69999694824219	83.69999694824219	83.69999694824219	0	2020/07/21 
2020/07/22 	83.69999694824219	83.69999694824219	83.69999694824219	83.69999694824219	0	2020/07/22 
2020/07/23 	83.69999694824219	83.69999694824219	83.69999694824219	83.69999694824219	0	2020/07/23 
2020/07/24 	83.69999694824219	83.69999694824219	83.69999694824219	83.69999694824219	0	2020/07/24 
2020/07/27 	83.69999694824219	83.69999694824219	83.69999694824219	83.69999694824219	0	2020/07/27 
2020/07/28 	80.80000305175781	80.80000305175781	80.80000305175781	80.80000305175781	1050	2020/07/28 
2020/07/29 	80.80000305175781	80.80000305175781	80.80000305175781	80.80000305175781	0	2020/07/29 
2020/07/30 	82.9000015258789	82.9000015258789	82.9000015258789	82.9000015258789	200	2020/07/30 
2020/07/31 	82.9000015258789	82.9000015258789	82.9000015258789	82.9000015258789	0	2020/07/31 
2020/08/03 	82.9000015258789	82.9000015258789	82.9000015258789	82.9000015258789	0	2020/08/03 
2020/08/04 	82.9000015258789	82.9000015258789	82.9000015258789	82.9000015258789	1000	2020/08/04 
2020/08/05 	82.9000015258789	82.9000015258789	82.9000015258789	82.9000015258789	0	2020/08/05 
2020/08/06 	82.9000015258789	82.9000015258789	82.9000015258789	82.9000015258789	0	2020/08/06 
2020/08/07 	82.9000015258789	82.9000015258789	82.9000015258789	82.9000015258789	0	2020/08/07 
2020/08/10 	82.80000305175781	82.80000305175781	82.80000305175781	82.80000305175781	100	2020/08/10 
2020/08/11 	82.80000305175781	82.80000305175781	81.0	81.19999694824219	8231	2020/08/11 
2020/08/12 	83.80000305175781	84.0	83.5999984741211	84.0	12585	2020/08/12 
2020/08/13 	83.19999694824219	85.0999984741211	83.0999984741211	83.0999984741211	4500	2020/08/13 
2020/08/14 	82.19999694824219	84.9000015258789	82.19999694824219	84.9000015258789	3345	2020/08/14 
2020/08/17 	84.9000015258789	84.9000015258789	84.9000015258789	84.9000015258789	0	2020/08/17 
2020/08/18 	83.0	84.0	83.0	84.0	1040	2020/08/18 
2020/08/19 	82.5999984741211	82.9000015258789	82.5999984741211	82.80000305175781	8590	2020/08/19 
2020/08/20 	82.0999984741211	83.5	82.0	82.5	11844	2020/08/20 
2020/08/21 	81.0999984741211	82.19999694824219	81.0999984741211	81.0999984741211	5235	2020/08/21 
2020/08/24 	81.80000305175781	83.19999694824219	81.0	83.0	4200	2020/08/24 
2020/08/25 	83.30000305175781	83.30000305175781	83.30000305175781	83.30000305175781	1030	2020/08/25 
2020/08/26 	81.5	83.9000015258789	81.0	83.80000305175781	15685	2020/08/26 
2020/08/27 	83.80000305175781	84.0999984741211	83.4000015258789	84.0999984741211	11818	2020/08/27 
2020/08/28 	84.19999694824219	86.9000015258789	84.19999694824219	86.9000015258789	1100	2020/08/28 
2020/08/31 	85.4000015258789	87.80000305175781	85.0	87.80000305175781	15968	2020/08/31 
2020/09/01 	89.30000305175781	89.4000015258789	87.0	89.4000015258789	8001	2020/09/01 
2020/09/02 	90.9000015258789	90.9000015258789	90.9000015258789	90.9000015258789	3000	2020/09/02 
2020/09/03 	93.5	97.9000015258789	93.5	94.0	44539	2020/09/03 
2020/09/04 	94.0	95.0	92.5	94.0	45045	2020/09/04 
2020/09/07 	95.0	95.0	93.0	95.0	17621	2020/09/07 
2020/09/08 	92.0999984741211	93.0	91.5999984741211	92.9000015258789	8160	2020/09/08 
2020/09/09 	91.5	92.9000015258789	91.5	92.9000015258789	3109	2020/09/09 
2020/09/10 	92.9000015258789	92.9000015258789	92.9000015258789	92.9000015258789	4000	2020/09/10 
2020/09/11 	93.0	93.0	89.4000015258789	90.5	6923	2020/09/11 
2020/09/14 	92.9000015258789	92.9000015258789	90.0	90.0	4510	2020/09/14 
2020/09/15 	91.0	93.80000305175781	91.0	91.0	4035	2020/09/15 
2020/09/16 	92.0	94.0	91.0	94.0	20489	2020/09/16 
2020/09/17 	95.5999984741211	95.69999694824219	91.80000305175781	91.80000305175781	8100	2020/09/17 
2020/09/18 	91.80000305175781	92.5	90.0	91.0	28229	2020/09/18 
2020/09/21 	91.0	91.0	90.0	90.0	2000	2020/09/21 
2020/09/22 	89.0	89.0	89.0	89.0	2000	2020/09/22 
2020/09/23 	89.0	89.0	89.0	89.0	0	2020/09/23 
2020/09/24 	88.69999694824219	88.69999694824219	88.5	88.69999694824219	2401	2020/09/24 
2020/09/25 	88.5	89.0	88.5	89.0	2100	2020/09/25 
2020/09/28 	88.5	88.5	88.5	88.5	180	2020/09/28 
2020/09/29 	88.5	88.5	88.5	88.5	0	2020/09/29 
2020/09/30 	92.80000305175781	92.80000305175781	88.5	88.5	6231	2020/09/30 
2020/10/05 	89.0999984741211	89.0999984741211	89.0999984741211	89.0999984741211	1000	2020/10/05 
2020/10/06 	89.0999984741211	89.0999984741211	89.0999984741211	89.0999984741211	0	2020/10/06 
2020/10/07 	93.0	93.0999984741211	90.0	90.0999984741211	9200	2020/10/07 
2020/10/08 	90.0999984741211	91.0	90.0999984741211	91.0	4000	2020/10/08 
2020/10/12 	90.0999984741211	91.0	90.0999984741211	91.0	4000	2020/10/12 
2020/10/13 	90.0999984741211	90.5	90.0999984741211	90.0999984741211	7000	2020/10/13 
2020/10/14 	90.0999984741211	90.0999984741211	90.0	90.0	4650	2020/10/14 
2020/10/15 	90.0	90.0	90.0	90.0	0	2020/10/15 
2020/10/16 	90.0	90.0	90.0	90.0	0	2020/10/16 
2020/10/19 	90.0	93.0	90.0	93.0	1410	2020/10/19 
2020/10/20 	93.5	93.5	90.0	91.0	4510	2020/10/20 
2020/10/21 	89.5	89.5	89.5	89.5	2000	2020/10/21 
2020/10/22 	89.5	89.5	89.5	89.5	1000	2020/10/22 
2020/10/23 	89.5	90.0999984741211	89.5	90.0	3255	2020/10/23 
2020/10/26 	92.9000015258789	92.9000015258789	92.9000015258789	92.9000015258789	53	2020/10/26 
2020/10/27 	92.9000015258789	92.9000015258789	92.9000015258789	92.9000015258789	0	2020/10/27 
2020/10/28 	92.9000015258789	92.9000015258789	92.9000015258789	92.9000015258789	50	2020/10/28 
2020/10/29 	89.30000305175781	89.30000305175781	89.19999694824219	89.19999694824219	7000	2020/10/29 
2020/10/30 	92.9000015258789	92.9000015258789	89.30000305175781	89.30000305175781	40	2020/10/30 
2020/11/02 	92.9000015258789	92.9000015258789	89.30000305175781	92.9000015258789	3150	2020/11/02 
2020/11/03 	92.9000015258789	92.9000015258789	89.30000305175781	92.80000305175781	500	2020/11/03 
2020/11/04 	90.0	90.0	90.0	90.0	1000	2020/11/04 
2020/11/05 	90.0	90.0	90.0	90.0	0	2020/11/05 
2020/11/06 	90.0	90.0	90.0	90.0	0	2020/11/06 
2020/11/09 	89.0	92.19999694824219	89.0	92.19999694824219	110	2020/11/09 
2020/11/10 	89.0	89.0	89.0	89.0	2000	2020/11/10 
2020/11/11 	89.0	89.0	89.0	89.0	235	2020/11/11 
2020/11/12 	90.0	90.0	90.0	90.0	300	2020/11/12 
2020/11/13 	90.0	90.0	90.0	90.0	0	2020/11/13 
2020/11/16 	89.0999984741211	92.80000305175781	89.0999984741211	92.80000305175781	9100	2020/11/16 
2020/11/17 	92.80000305175781	92.80000305175781	89.0	89.0	1678	2020/11/17 
2020/11/18 	90.0	90.0	90.0	90.0	1000	2020/11/18 
2020/11/19 	89.0	90.0	89.0	90.0	3000	2020/11/19 
2020/11/20 	90.0	90.0	89.0	89.0	1190	2020/11/20 
2020/11/23 	89.0	89.5999984741211	89.0	89.0	7020	2020/11/23 
2020/11/24 	89.0	90.0	89.0	90.0	9386	2020/11/24 
2020/11/25 	88.69999694824219	90.0	88.69999694824219	88.69999694824219	6000	2020/11/25 
2020/11/26 	90.0	92.5	88.5999984741211	92.5	17271	2020/11/26 
2020/11/27 	92.5	92.5	92.5	92.5	0	2020/11/27 
2020/11/30 	91.0	91.5999984741211	91.0	91.5999984741211	1336	2020/11/30 
2020/12/01 	90.5	91.0	89.5	89.5	3820	2020/12/01 
2020/12/02 	89.5	89.5	89.5	89.5	20	2020/12/02 
2020/12/03 	90.5	92.5	90.5	92.5	2040	2020/12/03 
2020/12/04 	89.5	90.5	89.5	90.5	1305	2020/12/04 
2020/12/07 	89.5	90.0	89.19999694824219	89.19999694824219	3422	2020/12/07 
2020/12/08 	89.19999694824219	89.19999694824219	89.19999694824219	89.19999694824219	2118	2020/12/08 
2020/12/09 	89.19999694824219	89.19999694824219	89.19999694824219	89.19999694824219	576	2020/12/09 
2020/12/10 	89.19999694824219	90.0	89.19999694824219	89.5	2400	2020/12/10 
2020/12/11 	89.30000305175781	89.30000305175781	89.0	89.0	1300	2020/12/11 
2020/12/14 	89.0	89.0	89.0	89.0	4450	2020/12/14 
2020/12/15 	89.0	92.19999694824219	89.0	92.19999694824219	2100	2020/12/15 
2020/12/16 	90.0	90.0	90.0	90.0	1000	2020/12/16 
2020/12/17 	89.0	89.0	89.0	89.0	2236	2020/12/17 
2020/12/18 	89.0	89.0	89.0	89.0	0	2020/12/18 
2020/12/21 	89.0	89.0	89.0	89.0	0	2020/12/21 
2020/12/22 	92.19999694824219	92.19999694824219	88.5	88.5	237	2020/12/22 
2020/12/23 	88.5	89.5	88.5	88.5	4000	2020/12/23 
2020/12/24 	88.5	88.5	88.5	88.5	0	2020/12/24 
2020/12/25 	88.5	88.5	88.5	88.5	0	2020/12/25 
2020/12/28 	88.5	88.5	88.5	88.5	107	2020/12/28 
2020/12/29 	92.0999984741211	92.0999984741211	92.0999984741211	92.0999984741211	1	2020/12/29 
2020/12/30 	92.0999984741211	92.0999984741211	92.0999984741211	92.0999984741211	1	2020/12/30 
2020/12/31 	92.0999984741211	92.0999984741211	88.5	90.0	2320	2020/12/31 
2021/01/04 	90.0	90.0	90.0	90.0	150	2021/01/04 
2021/01/05 	90.0	90.0	90.0	90.0	0	2021/01/05 
2021/01/06 	90.5	90.5	90.0	90.0	1100	2021/01/06 
2021/01/07 	90.0	90.0	90.0	90.0	0	2021/01/07 
2021/01/08 	88.5	89.0	88.5	88.5	6000	2021/01/08 
2021/01/11 	90.0	90.0	90.0	90.0	1100	2021/01/11 
2021/01/12 	90.0	90.0	88.5	90.0	1686	2021/01/12 
2021/01/13 	88.5	88.5999984741211	85.5999984741211	85.5999984741211	23510	2021/01/13 
2021/01/14 	88.30000305175781	88.5999984741211	84.0	84.5	63578	2021/01/14 
2021/01/15 	84.5	86.5	83.80000305175781	83.9000015258789	13845	2021/01/15 
2021/01/18 	82.30000305175781	83.0	81.0999984741211	82.5	32997	2021/01/18 
2021/01/19 	84.9000015258789	84.9000015258789	84.9000015258789	84.9000015258789	307	2021/01/19 
2021/01/20 	84.9000015258789	84.9000015258789	84.9000015258789	84.9000015258789	0	2021/01/20 
2021/01/21 	84.9000015258789	88.80000305175781	84.5999984741211	88.80000305175781	15103	2021/01/21 
2021/01/22 	85.0	85.0	85.0	85.0	385	2021/01/22 
2021/01/25 	85.0	85.0	85.0	85.0	200	2021/01/25 
2021/01/26 	85.0	85.0	85.0	85.0	0	2021/01/26 
2021/01/27 	85.0	85.0	85.0	85.0	0	2021/01/27 
2021/01/28 	88.0	88.0	85.0	85.0	1100	2021/01/28 
2021/01/29 	86.0	86.0	85.0	85.0	1210	2021/01/29 
2021/02/01 	86.19999694824219	86.19999694824219	85.0	85.5	8312	2021/02/01 
2021/02/02 	85.5	85.5	85.5	85.5	0	2021/02/02 
2021/02/03 	88.9000015258789	88.9000015258789	88.9000015258789	88.9000015258789	3000	2021/02/03 
2021/02/04 	87.0	88.0	87.0	88.0	1330	2021/02/04 
2021/02/05 	85.5	85.5	85.5	85.5	2000	2021/02/05 
2021/02/17 	88.9000015258789	88.9000015258789	85.0999984741211	85.5	11000	2021/02/17 
2021/02/18 	89.0	89.0	89.0	89.0	102	2021/02/18 
2021/02/19 	84.9000015258789	85.5	84.9000015258789	85.5	2500	2021/02/19 
2021/02/22 	84.9000015258789	85.4000015258789	84.69999694824219	84.69999694824219	6568	2021/02/22 
2021/02/23 	84.5999984741211	88.9000015258789	84.5999984741211	88.9000015258789	423	2021/02/23 
2021/02/24 	86.0	88.4000015258789	84.30000305175781	88.4000015258789	4500	2021/02/24 
2021/02/25 	88.4000015258789	89.9000015258789	86.0	89.9000015258789	14720	2021/02/25 
2021/02/26 	89.9000015258789	89.9000015258789	85.5	86.0	9300	2021/02/26 
2021/03/02 	85.0999984741211	86.0	84.19999694824219	84.69999694824219	9070	2021/03/02 
2021/03/03 	88.19999694824219	88.19999694824219	85.0	85.0	9003	2021/03/03 
2021/03/04 	88.19999694824219	88.19999694824219	88.19999694824219	88.19999694824219	202	2021/03/04 
2021/03/05 	85.0	86.0	85.0	85.5999984741211	3026	2021/03/05 
2021/03/08 	87.80000305175781	87.80000305175781	87.80000305175781	87.80000305175781	1001	2021/03/08 
2021/03/09 	84.5999984741211	85.0	84.5999984741211	84.5999984741211	2601	2021/03/09 
2021/03/10 	88.19999694824219	88.19999694824219	84.5999984741211	86.0	4220	2021/03/10 
2021/03/11 	84.5999984741211	88.19999694824219	84.5999984741211	85.0	3605	2021/03/11 
2021/03/12 	84.5	88.19999694824219	84.5	88.19999694824219	118	2021/03/12 
2021/03/15 	88.19999694824219	88.19999694824219	88.19999694824219	88.19999694824219	0	2021/03/15 
2021/03/16 	84.5	84.5	84.5	84.5	1218	2021/03/16 
2021/03/17 	84.5	85.0	84.5	85.0	2100	2021/03/17 
2021/03/18 	85.0	85.0	85.0	85.0	0	2021/03/18 
2021/03/19 	88.0	88.19999694824219	84.5	88.19999694824219	2085	2021/03/19 
2021/03/22 	84.5	85.0999984741211	84.5	85.0	5618	2021/03/22 
2021/03/23 	84.5	88.19999694824219	84.5	88.19999694824219	5166	2021/03/23 
2021/03/24 	88.19999694824219	88.19999694824219	88.19999694824219	88.19999694824219	4000	2021/03/24 
2021/03/25 	87.0	87.0	85.0	85.0	13129	2021/03/25 
2021/03/26 	88.19999694824219	88.19999694824219	86.0999984741211	86.0999984741211	1050	2021/03/26 
2021/03/29 	86.0999984741211	86.0999984741211	86.0999984741211	86.0999984741211	0	2021/03/29 
2021/03/30 	85.0	88.19999694824219	85.0	88.19999694824219	5101	2021/03/30 
2021/03/31 	88.19999694824219	88.19999694824219	86.0	86.0	4050	2021/03/31 
2021/04/01 	86.5999984741211	90.5	86.0	89.5	45316	2021/04/01 
2021/04/07 	91.5	92.0999984741211	91.5	92.0999984741211	8000	2021/04/07 
2021/04/08 	94.5999984741211	94.5999984741211	92.0	92.5	8011	2021/04/08 
2021/04/09 	94.5999984741211	94.5999984741211	91.5	92.5	8150	2021/04/09 
2021/04/12 	94.5999984741211	94.5999984741211	91.5	92.0	14715	2021/04/12 
2021/04/13 	94.5999984741211	106.0	93.0	99.5	155026	2021/04/13 
2021/04/14 	101.0	109.5	98.80000305175781	99.0999984741211	145891	2021/04/14 
2021/04/15 	99.0999984741211	103.0	98.5	100.5	56752	2021/04/15 
2021/04/16 	100.5	100.5	96.5	100.0	28236	2021/04/16 
2021/04/19 	100.0	100.5	98.0	100.0	37542	2021/04/19 
2021/04/20 	100.0	100.0	97.5	100.0	7009	2021/04/20 
2021/04/21 	100.0	100.0	97.5	99.9000015258789	15581	2021/04/21 
2021/04/22 	97.5	99.9000015258789	94.5999984741211	96.5	55654	2021/04/22 
2021/04/23 	94.5999984741211	94.69999694824219	93.5999984741211	94.0	8450	2021/04/23 
2021/04/26 	97.9000015258789	97.9000015258789	94.0	94.0	2105	2021/04/26 
2021/04/27 	94.0	97.9000015258789	93.30000305175781	94.0	12807	2021/04/27 
2021/04/28 	97.9000015258789	97.9000015258789	93.30000305175781	97.0	20657	2021/04/28 
2021/04/29 	93.30000305175781	94.0999984741211	93.19999694824219	93.30000305175781	22100	2021/04/29 
2021/05/03 	96.9000015258789	96.9000015258789	92.19999694824219	92.5	15580	2021/05/03 
2021/05/04 	93.9000015258789	93.9000015258789	85.5999984741211	90.0	62716	2021/05/04 
2021/05/05 	86.5999984741211	88.5999984741211	86.5999984741211	88.0	10834	2021/05/05 
2021/05/06 	90.19999694824219	90.30000305175781	87.5	90.30000305175781	16457	2021/05/06 
2021/05/07 	86.5	90.5	86.5	90.5	9108	2021/05/07 
2021/05/10 	91.4000015258789	91.4000015258789	88.5	91.4000015258789	3135	2021/05/10 
2021/05/11 	88.5	92.5	88.19999694824219	88.19999694824219	10855	2021/05/11 
2021/05/12 	90.19999694824219	90.19999694824219	85.5	85.5	20767	2021/05/12 
2021/05/13 	87.4000015258789	87.5	86.5	87.0999984741211	15979	2021/05/13 
2021/05/14 	89.30000305175781	89.4000015258789	86.5	89.4000015258789	14100	2021/05/14 
2021/05/17 	90.9000015258789	90.9000015258789	86.80000305175781	86.80000305175781	7900	2021/05/17 
2021/05/18 	86.80000305175781	88.0	86.80000305175781	87.0999984741211	8873	2021/05/18 
2021/05/19 	86.80000305175781	86.80000305175781	86.80000305175781	86.80000305175781	180	2021/05/19 
2021/05/20 	87.0999984741211	91.19999694824219	87.0999984741211	91.19999694824219	2412	2021/05/20 
2021/05/21 	91.19999694824219	92.9000015258789	91.0	91.19999694824219	11950	2021/05/21 
2021/05/24 	91.19999694824219	91.19999694824219	91.19999694824219	91.19999694824219	0	2021/05/24 
2021/05/25 	91.19999694824219	91.19999694824219	91.19999694824219	91.19999694824219	0	2021/05/25 
2021/05/26 	91.19999694824219	91.19999694824219	91.19999694824219	91.19999694824219	0	2021/05/26 
2021/05/27 	91.19999694824219	91.19999694824219	91.19999694824219	91.19999694824219	0	2021/05/27 
2021/05/28 	91.19999694824219	91.19999694824219	91.19999694824219	91.19999694824219	0	2021/05/28 
2021/05/31 	91.19999694824219	91.19999694824219	91.19999694824219	91.19999694824219	0	2021/05/31 
2021/06/01 	91.19999694824219	91.19999694824219	91.19999694824219	91.19999694824219	0	2021/06/01 
2021/06/02 	91.19999694824219	91.19999694824219	91.19999694824219	91.19999694824219	0	2021/06/02 
2021/06/03 	91.19999694824219	91.19999694824219	91.19999694824219	91.19999694824219	0	2021/06/03 
2021/06/04 	91.19999694824219	91.19999694824219	91.19999694824219	91.19999694824219	0	2021/06/04 
2021/06/07 	91.19999694824219	91.19999694824219	91.19999694824219	91.19999694824219	0	2021/06/07 
2021/06/08 	97.0	99.9000015258789	95.5	95.69999694824219	18902	2021/06/08 
2021/06/09 	95.69999694824219	95.69999694824219	95.69999694824219	95.69999694824219	2007	2021/06/09 
2021/06/10 	95.0999984741211	98.9000015258789	95.0999984741211	98.9000015258789	27300	2021/06/10 
2021/06/11 	98.9000015258789	98.9000015258789	95.0999984741211	98.9000015258789	19276	2021/06/11 
2021/06/15 	98.9000015258789	98.9000015258789	95.0999984741211	98.5	26790	2021/06/15 
2021/06/16 	98.9000015258789	98.9000015258789	95.0999984741211	98.5	10394	2021/06/16 
2021/06/17 	98.9000015258789	98.9000015258789	98.5	98.5	6780	2021/06/17 
2021/06/18 	98.9000015258789	102.0	98.0	99.5	34079	2021/06/18 
2021/06/21 	101.5	101.5	98.0999984741211	100.5	18257	2021/06/21 
2021/06/22 	100.5	101.5	98.0999984741211	100.5	9393	2021/06/22 
2021/06/23 	100.5	101.0	98.0	98.5	23376	2021/06/23 
2021/06/24 	100.5	100.5	99.0	100.5	1865	2021/06/24 
2021/06/25 	100.0	100.5	97.80000305175781	100.5	11149	2021/06/25 
2021/06/28 	100.5	101.5	98.0	101.5	35132	2021/06/28 
2021/06/29 	101.5	102.0	98.0999984741211	102.0	7558	2021/06/29 
2021/06/30 	102.0	102.0	98.5	100.5	10259	2021/06/30 
2021/07/01 	98.5	102.0	98.5	100.5	9490	2021/07/01 
2021/07/02 	102.0	102.0	99.0	100.0	7640	2021/07/02 
2021/07/05 	101.0	102.0	98.0999984741211	101.0	15172	2021/07/05 
2021/07/06 	102.0	102.0	99.0	101.0	12390	2021/07/06 
2021/07/07 	101.0	102.0	99.0	99.0	11650	2021/07/07 
2021/07/08 	102.0	102.0	99.0	99.0	38390	2021/07/08 
2021/07/09 	102.0	102.0	99.0	101.0	5210	2021/07/09 
2021/07/12 	102.0	102.0	100.0	102.0	5319	2021/07/12 
2021/07/13 	102.0	102.5	99.0	99.0	7873	2021/07/13 
2021/07/14 	101.0	102.5	99.0	101.0	3666	2021/07/14 
2021/07/15 	101.0	102.5	101.0	102.5	8360	2021/07/15 
2021/07/16 	101.0	102.5	101.0	101.0	8800	2021/07/16 
2021/07/19 	99.0	102.5	99.0	101.0	17128	2021/07/19 
2021/07/20 	100.5	102.0	99.0	102.0	8838	2021/07/20 
2021/07/21 	100.0	101.0	99.0	101.0	21560	2021/07/21 
2021/07/22 	100.0	101.0	98.0999984741211	101.0	17758	2021/07/22 
2021/07/23 	101.0	101.0	99.0	101.0	15273	2021/07/23 
2021/07/26 	99.0	100.0	98.0	99.0	24184	2021/07/26 
2021/07/27 	98.0	100.0	97.5	100.0	8363	2021/07/27 
2021/07/28 	97.5	99.5	96.5999984741211	97.0	24611	2021/07/28 
2021/07/29 	99.0	99.0	96.5	97.0	7116	2021/07/29 
2021/07/30 	99.0	99.0	98.0	99.0	420	2021/07/30 
2021/08/02 	98.0	99.0	96.0	99.0	2509	2021/08/02 
2021/08/03 	99.0	99.0	98.0	99.0	1668	2021/08/03 
2021/08/04 	99.0	99.9000015258789	97.0	99.9000015258789	10818	2021/08/04 
2021/08/05 	99.9000015258789	100.5	98.0	100.0	36934	2021/08/05 
2021/08/06 	100.0	100.0	96.0	98.80000305175781	24533	2021/08/06 
2021/08/09 	98.80000305175781	98.80000305175781	96.0	98.80000305175781	513	2021/08/09 
2021/08/10 	96.9000015258789	96.9000015258789	94.0999984741211	96.9000015258789	16838	2021/08/10 
2021/08/11 	96.9000015258789	96.9000015258789	93.5999984741211	96.9000015258789	5165	2021/08/11 
2021/08/12 	96.9000015258789	96.9000015258789	93.5	96.9000015258789	8136	2021/08/12 
2021/08/13 	96.9000015258789	96.9000015258789	93.5999984741211	96.9000015258789	1029	2021/08/13 
2021/08/16 	95.4000015258789	95.4000015258789	93.0999984741211	93.9000015258789	6789	2021/08/16 
2021/08/17 	93.9000015258789	93.9000015258789	93.5	93.9000015258789	2252	2021/08/17 
2021/08/18 	91.5999984741211	93.9000015258789	91.5999984741211	93.9000015258789	3771	2021/08/18 
2021/08/19 	93.9000015258789	93.9000015258789	92.0	93.9000015258789	4029	2021/08/19 
2021/08/20 	93.9000015258789	93.9000015258789	89.4000015258789	92.5999984741211	7141	2021/08/20 
2021/08/23 	92.80000305175781	92.80000305175781	91.0	91.0	1008	2021/08/23 
2021/08/24 	92.80000305175781	92.80000305175781	88.30000305175781	88.30000305175781	1377	2021/08/24 
2021/08/25 	90.5	92.4000015258789	88.30000305175781	91.0	9675	2021/08/25 
2021/08/26 	92.4000015258789	92.4000015258789	88.30000305175781	90.0	2055	2021/08/26 
2021/08/27 	92.4000015258789	92.4000015258789	90.0	92.4000015258789	1109	2021/08/27 
2021/08/30 	92.0	92.4000015258789	91.0	91.0	3438	2021/08/30 
2021/08/31 	91.0999984741211	92.4000015258789	90.0999984741211	92.30000305175781	1498	2021/08/31 
2021/09/01 	91.0	92.19999694824219	88.30000305175781	92.19999694824219	3346	2021/09/01 
2021/09/02 	91.0	92.19999694824219	88.30000305175781	91.9000015258789	3239	2021/09/02 
2021/09/03 	91.80000305175781	91.80000305175781	91.80000305175781	91.80000305175781	41	2021/09/03 
2021/09/06 	91.80000305175781	91.80000305175781	87.4000015258789	87.4000015258789	13827	2021/09/06 
2021/09/07 	87.4000015258789	89.9000015258789	85.9000015258789	89.9000015258789	13470	2021/09/07 
2021/09/08 	89.9000015258789	89.9000015258789	86.5	88.80000305175781	25343	2021/09/08 
2021/09/09 	89.9000015258789	91.4000015258789	89.0	91.4000015258789	27810	2021/09/09 
2021/09/10 	91.30000305175781	91.30000305175781	88.0	89.0	12144	2021/09/10 
2021/09/13 	91.0999984741211	91.30000305175781	87.0	91.30000305175781	6099	2021/09/13 
2021/09/14 	89.9000015258789	89.9000015258789	89.9000015258789	89.9000015258789	1101	2021/09/14 
2021/09/15 	89.9000015258789	89.9000015258789	89.0	89.80000305175781	3081	2021/09/15 
2021/09/16 	89.80000305175781	89.80000305175781	89.0	89.0	7482	2021/09/16 
2021/09/17 	88.80000305175781	91.0	86.5	91.0	32328	2021/09/17 
2021/09/22 	88.0999984741211	92.30000305175781	88.0999984741211	92.30000305175781	1302	2021/09/22 
2021/09/23 	91.30000305175781	92.0	90.0	91.80000305175781	8221	2021/09/23 
2021/09/24 	91.80000305175781	92.30000305175781	90.0	92.0999984741211	8426	2021/09/24 
2021/09/27 	93.30000305175781	94.0	92.0	93.9000015258789	23547	2021/09/27 
2021/09/28 	93.9000015258789	93.9000015258789	91.5	93.9000015258789	8730	2021/09/28 
2021/09/29 	93.80000305175781	93.80000305175781	90.5999984741211	93.69999694824219	1168	2021/09/29 
2021/09/30 	93.69999694824219	99.0	90.5999984741211	98.0	57757	2021/09/30 
2021/10/01 	98.0	98.0	90.9000015258789	94.9000015258789	26690	2021/10/01 
2021/10/04 	94.9000015258789	94.9000015258789	89.4000015258789	93.19999694824219	23316	2021/10/04 
2021/10/05 	93.0	93.69999694824219	89.4000015258789	93.69999694824219	5291	2021/10/05 
2021/10/06 	93.69999694824219	93.69999694824219	89.4000015258789	93.5	1047	2021/10/06 
2021/10/07 	89.4000015258789	92.5999984741211	89.30000305175781	92.5	11058	2021/10/07 
2021/10/08 	92.19999694824219	93.0	89.30000305175781	93.0	15704	2021/10/08 
2021/10/12 	92.0	92.69999694824219	89.4000015258789	91.80000305175781	20319	2021/10/12 
2021/10/13 	91.69999694824219	91.80000305175781	89.0	91.69999694824219	6014	2021/10/13 
2021/10/14 	88.0	88.0	82.80000305175781	86.5999984741211	39225	2021/10/14 
2021/10/15 	86.69999694824219	86.69999694824219	82.0	85.69999694824219	20420	2021/10/15 
2021/10/18 	85.80000305175781	85.80000305175781	83.0	84.69999694824219	4973	2021/10/18 
2021/10/19 	84.69999694824219	85.19999694824219	81.80000305175781	85.19999694824219	3495	2021/10/19 
2021/10/20 	85.19999694824219	85.5	82.5	85.5	3403	2021/10/20 
2021/10/21 	85.5	85.5	82.5	85.5	302	2021/10/21 
2021/10/22 	85.5	85.5	82.5	85.19999694824219	4679	2021/10/22 
2021/10/25 	85.19999694824219	86.0	82.5	86.0	7310	2021/10/25 
2021/10/26 	86.0	86.0	82.0	85.9000015258789	3094	2021/10/26 
2021/10/27 	85.9000015258789	85.9000015258789	81.0	82.9000015258789	23884	2021/10/27 
2021/10/28 	82.9000015258789	82.9000015258789	80.0	82.69999694824219	7669	2021/10/28 
2021/10/29 	82.69999694824219	82.80000305175781	80.9000015258789	82.80000305175781	5272	2021/10/29 
2021/11/01 	82.5999984741211	84.0	81.30000305175781	84.0	14582	2021/11/01 
2021/11/02 	84.9000015258789	84.9000015258789	82.4000015258789	84.9000015258789	5002	2021/11/02 
2021/11/03 	84.9000015258789	86.0	83.5	85.9000015258789	10055	2021/11/03 
2021/11/04 	86.0	86.0	83.5999984741211	85.9000015258789	2119	2021/11/04 
2021/11/05 	85.9000015258789	86.0	83.5999984741211	85.9000015258789	3889	2021/11/05 
2021/11/08 	86.0	86.0	83.5999984741211	85.9000015258789	7054	2021/11/08 
2021/11/09 	85.9000015258789	85.9000015258789	83.5999984741211	85.9000015258789	3321	2021/11/09 
2021/11/10 	85.9000015258789	86.0	83.5	86.0	16289	2021/11/10 
2021/11/11 	83.5999984741211	87.0	83.5999984741211	86.0	25243	2021/11/11 
2021/11/12 	87.0	87.9000015258789	86.0	87.9000015258789	9763	2021/11/12 
2021/11/15 	87.9000015258789	97.5	87.80000305175781	96.0	96310	2021/11/15 
2021/11/16 	95.0	109.0	95.0	102.5	176941	2021/11/16 
2021/11/17 	103.5	103.5	95.5999984741211	97.9000015258789	108745	2021/11/17 
2021/11/18 	98.0	98.5	93.5999984741211	94.19999694824219	59497	2021/11/18 
2021/11/19 	98.5	103.5	98.0999984741211	101.5	205532	2021/11/19 
2021/11/22 	101.5	104.0	98.5999984741211	101.5	72563	2021/11/22 
2021/11/23 	102.0	102.5	96.5999984741211	99.30000305175781	59736	2021/11/23 
2021/11/24 	100.0	100.5	96.69999694824219	99.4000015258789	68291	2021/11/24 
2021/11/25 	99.4000015258789	101.0	97.69999694824219	99.19999694824219	86514	2021/11/25 
2021/11/26 	100.0	100.5	95.5999984741211	99.69999694824219	22397	2021/11/26 
2021/11/29 	99.69999694824219	99.69999694824219	93.0	96.9000015258789	73403	2021/11/29 
2021/11/30 	77.9000015258789	87.5999984741211	73.0	84.0	3305532	2021/11/30 
2021/12/01 	80.80000305175781	81.5	78.19999694824219	78.69999694824219	1578837	2021/12/01 
2021/12/02 	78.69999694824219	79.5	76.19999694824219	76.30000305175781	606272	2021/12/02 
2021/12/03 	76.5999984741211	77.9000015258789	76.0	77.0999984741211	508223	2021/12/03 
2021/12/06 	77.0	77.0999984741211	75.0	75.30000305175781	392279	2021/12/06 
2021/12/07 	75.30000305175781	75.30000305175781	72.4000015258789	73.0	436727	2021/12/07 
2021/12/08 	73.0999984741211	74.69999694824219	73.0999984741211	73.5	276084	2021/12/08 
2021/12/09 	73.5999984741211	73.69999694824219	71.5	71.5	315300	2021/12/09 
2021/12/10 	71.5	73.9000015258789	70.19999694824219	73.69999694824219	473256	2021/12/10 
2021/12/13 	73.5	73.5	72.0	72.5	220117	2021/12/13 
2021/12/14 	72.0999984741211	72.4000015258789	71.5	71.5	159000	2021/12/14 
2021/12/15 	71.30000305175781	71.9000015258789	71.19999694824219	71.5	88309	2021/12/15 
2021/12/16 	71.9000015258789	73.5	71.5999984741211	72.9000015258789	190222	2021/12/16 
2021/12/17 	72.69999694824219	74.0	72.4000015258789	72.69999694824219	153100	2021/12/17 
2021/12/20 	72.69999694824219	72.69999694824219	71.80000305175781	72.0999984741211	82000	2021/12/20 
2021/12/21 	72.0999984741211	72.5	71.5	72.30000305175781	127187	2021/12/21 
2021/12/22 	71.9000015258789	72.0	71.5	71.5999984741211	101007	2021/12/22 
2021/12/23 	72.5	72.5	71.80000305175781	72.0	64000	2021/12/23 
2021/12/24 	72.0	72.19999694824219	71.5	71.69999694824219	63150	2021/12/24 
2021/12/27 	71.80000305175781	71.80000305175781	71.30000305175781	71.4000015258789	91049	2021/12/27 
2021/12/28 	71.30000305175781	71.4000015258789	70.69999694824219	70.9000015258789	146200	2021/12/28 
2021/12/29 	70.80000305175781	71.4000015258789	70.4000015258789	70.80000305175781	80235	2021/12/29 
2021/12/30 	70.69999694824219	71.0999984741211	70.5999984741211	70.80000305175781	54250	2021/12/30 
2022/01/03 	71.0999984741211	71.0999984741211	70.5	70.5	73000	2022/01/03 
2022/01/04 	70.5	70.9000015258789	70.30000305175781	70.80000305175781	79000	2022/01/04 
2022/01/05 	70.80000305175781	71.19999694824219	70.80000305175781	70.9000015258789	56100	2022/01/05 
2022/01/06 	71.0	71.4000015258789	70.9000015258789	70.9000015258789	51050	2022/01/06 
2022/01/07 	70.80000305175781	70.80000305175781	70.0	70.5	107003	2022/01/07 
2022/01/10 	70.0	71.0	70.0	70.19999694824219	55107	2022/01/10 
2022/01/11 	70.19999694824219	70.19999694824219	69.30000305175781	69.5	156257	2022/01/11 
2022/01/12 	69.9000015258789	69.9000015258789	69.30000305175781	69.5	76410	2022/01/12 
2022/01/13 	69.4000015258789	69.9000015258789	69.30000305175781	69.4000015258789	52077	2022/01/13 
2022/01/14 	69.4000015258789	69.4000015258789	68.19999694824219	68.4000015258789	138118	2022/01/14 
2022/01/17 	68.5	68.80000305175781	68.30000305175781	68.80000305175781	100000	2022/01/17 
2022/01/18 	68.5	68.9000015258789	68.30000305175781	68.4000015258789	64007	2022/01/18 
2022/01/19 	68.4000015258789	69.30000305175781	68.0999984741211	69.30000305175781	67477	2022/01/19 
2022/01/20 	69.0999984741211	70.0	69.0999984741211	70.0	75000	2022/01/20 
2022/01/21 	70.0	70.30000305175781	69.5	69.69999694824219	98000	2022/01/21 
2022/01/24 	69.5	69.5	68.80000305175781	68.80000305175781	40049	2022/01/24 
2022/01/25 	69.30000305175781	69.30000305175781	68.0	68.0	86070	2022/01/25 
2022/01/26 	68.30000305175781	68.30000305175781	67.5999984741211	67.80000305175781	62000	2022/01/26 
2022/02/07 	67.80000305175781	68.5	67.69999694824219	68.30000305175781	44000	2022/02/07 
2022/02/08 	68.4000015258789	68.5999984741211	67.5999984741211	68.5999984741211	62000	2022/02/08 
2022/02/09 	68.5999984741211	69.30000305175781	68.5	68.80000305175781	65000	2022/02/09 
2022/02/10 	68.80000305175781	68.80000305175781	68.5999984741211	68.69999694824219	16200	2022/02/10 
2022/02/11 	68.5999984741211	68.5999984741211	68.4000015258789	68.4000015258789	29000	2022/02/11 
2022/02/14 	68.0	68.0	67.4000015258789	67.9000015258789	68050	2022/02/14 
2022/02/15 	67.5	67.5999984741211	67.30000305175781	67.30000305175781	46253	2022/02/15 
2022/02/16 	67.5	67.5999984741211	67.30000305175781	67.30000305175781	62170	2022/02/16 
2022/02/17 	67.30000305175781	67.30000305175781	66.80000305175781	66.80000305175781	69440	2022/02/17 
2022/02/18 	66.80000305175781	66.80000305175781	66.4000015258789	66.5	53000	2022/02/18 
2022/02/21 	66.4000015258789	66.69999694824219	66.0999984741211	66.19999694824219	44058	2022/02/21 
2022/02/22 	65.9000015258789	66.0	65.30000305175781	65.5999984741211	46041	2022/02/22 
2022/02/23 	65.69999694824219	65.69999694824219	65.19999694824219	65.5	32017	2022/02/23 
2022/02/24 	65.30000305175781	65.30000305175781	63.20000076293945	63.5	143235	2022/02/24 
2022/02/25 	63.79999923706055	63.79999923706055	62.0	62.5	93570	2022/02/25 
2022/03/01 	62.900001525878906	63.0	62.0	62.5	91030	2022/03/01 
2022/03/02 	62.5	62.5	62.20000076293945	62.400001525878906	36019	2022/03/02 
2022/03/03 	62.400001525878906	62.70000076293945	62.400001525878906	62.70000076293945	60235	2022/03/03 
2022/03/04 	62.70000076293945	62.70000076293945	61.70000076293945	61.79999923706055	92100	2022/03/04 
2022/03/07 	61.5	61.5	60.400001525878906	60.5	91008	2022/03/07 
2022/03/08 	60.29999923706055	60.29999923706055	59.0	59.5	109240	2022/03/08 
2022/03/09 	59.599998474121094	60.29999923706055	59.599998474121094	60.29999923706055	23000	2022/03/09 
2022/03/10 	60.400001525878906	61.0	60.400001525878906	60.400001525878906	39017	2022/03/10 
2022/03/11 	60.29999923706055	60.29999923706055	59.79999923706055	59.900001525878906	31000	2022/03/11 
2022/03/14 	60.0	60.20000076293945	59.20000076293945	59.400001525878906	22220	2022/03/14 
2022/03/15 	59.5	59.70000076293945	59.0	59.099998474121094	60221	2022/03/15 
2022/03/16 	59.20000076293945	59.70000076293945	59.099998474121094	59.70000076293945	42191	2022/03/16 
2022/03/17 	60.099998474121094	61.599998474121094	60.099998474121094	61.400001525878906	70129	2022/03/17 
2022/03/18 	61.20000076293945	62.29999923706055	61.0	62.099998474121094	61144	2022/03/18 
2022/03/21 	62.099998474121094	62.400001525878906	62.0	62.29999923706055	50070	2022/03/21 
2022/03/22 	62.0	62.79999923706055	62.0	62.400001525878906	50070	2022/03/22 
2022/03/23 	62.400001525878906	62.599998474121094	62.099998474121094	62.400001525878906	22000	2022/03/23 
2022/03/24 	62.5	62.900001525878906	62.400001525878906	62.79999923706055	57000	2022/03/24 
2022/03/25 	63.400001525878906	63.400001525878906	62.5	62.5	27000	2022/03/25 
2022/03/28 	62.5	62.5	61.400001525878906	61.599998474121094	19200	2022/03/28 
2022/03/29 	62.0	63.0	61.70000076293945	62.20000076293945	31807	2022/03/29 
2022/03/30 	62.20000076293945	62.20000076293945	61.5	62.099998474121094	24100	2022/03/30 
2022/03/31 	62.099998474121094	64.0	62.099998474121094	63.20000076293945	78100	2022/03/31 
2022/04/01 	63.20000076293945	63.20000076293945	62.20000076293945	62.20000076293945	22088	2022/04/01 
2022/04/06 	63.5	63.70000076293945	63.0	63.29999923706055	74000	2022/04/06 
2022/04/07 	64.0999984741211	64.0999984741211	62.400001525878906	63.0	42100	2022/04/07 
2022/04/08 	63.900001525878906	63.900001525878906	62.099998474121094	62.099998474121094	23100	2022/04/08 
2022/04/11 	61.900001525878906	61.900001525878906	61.400001525878906	61.400001525878906	12000	2022/04/11 
2022/04/12 	61.29999923706055	61.400001525878906	60.5	61.29999923706055	22000	2022/04/12 
2022/04/13 	61.20000076293945	62.5	61.20000076293945	61.70000076293945	19785	2022/04/13 
2022/04/14 	61.70000076293945	61.900001525878906	61.5	61.79999923706055	20000	2022/04/14 
2022/04/15 	61.70000076293945	61.70000076293945	61.0	61.5	11000	2022/04/15 
2022/04/18 	65.4000015258789	65.4000015258789	61.20000076293945	62.5	33150	2022/04/18 
2022/04/19 	62.20000076293945	62.5	61.5	61.5	15470	2022/04/19 
2022/04/20 	61.400001525878906	61.79999923706055	61.29999923706055	61.29999923706055	8235	2022/04/20 
2022/04/21 	62.099998474121094	62.099998474121094	61.20000076293945	61.20000076293945	15145	2022/04/21 
2022/04/22 	60.5	61.0	60.0	60.900001525878906	39000	2022/04/22 
2022/04/25 	60.70000076293945	62.0	59.79999923706055	60.0	58008	2022/04/25 
2022/04/26 	60.79999923706055	60.79999923706055	59.900001525878906	60.20000076293945	44000	2022/04/26 
2022/04/27 	60.0	61.5	59.400001525878906	60.400001525878906	64000	2022/04/27 
2022/04/28 	61.0	61.0	59.599998474121094	60.70000076293945	23050	2022/04/28 
2022/04/29 	60.0	60.20000076293945	60.0	60.20000076293945	22001	2022/04/29 
2022/05/03 	60.900001525878906	60.900001525878906	60.0	60.0	20000	2022/05/03 
2022/05/04 	60.20000076293945	60.29999923706055	59.599998474121094	60.0	14000	2022/05/04 
2022/05/05 	61.599998474121094	61.599998474121094	59.5	59.79999923706055	38100	2022/05/05 
2022/05/06 	59.20000076293945	59.20000076293945	57.900001525878906	59.0	85000	2022/05/06 
2022/05/09 	55.099998474121094	56.70000076293945	53.099998474121094	53.099998474121094	297100	2022/05/09 
2022/05/10 	53.0	53.0	49.79999923706055	50.20000076293945	238055	2022/05/10 
2022/05/11 	50.5	52.5	50.099998474121094	51.0	119500	2022/05/11 
2022/05/12 	50.5	50.70000076293945	49.95000076293945	49.95000076293945	58030	2022/05/12 
2022/05/13 	49.95000076293945	50.5	49.95000076293945	50.0	58341	2022/05/13 
2022/05/16 	50.0	50.29999923706055	49.95000076293945	50.20000076293945	46000	2022/05/16 
2022/05/17 	50.0	50.0	49.29999923706055	49.5	40028	2022/05/17 
2022/05/18 	49.29999923706055	50.70000076293945	49.29999923706055	50.099998474121094	58000	2022/05/18 
2022/05/19 	49.5	49.5	49.0	49.5	47000	2022/05/19 
2022/05/20 	49.599998474121094	50.099998474121094	49.0	49.29999923706055	32000	2022/05/20 
2022/05/23 	49.29999923706055	49.29999923706055	49.0	49.20000076293945	57122	2022/05/23 
2022/05/24 	49.150001525878906	49.29999923706055	49.0	49.20000076293945	50014	2022/05/24 
2022/05/25 	49.20000076293945	49.20000076293945	49.099998474121094	49.20000076293945	36000	2022/05/25 
2022/05/26 	49.349998474121094	49.599998474121094	49.25	49.349998474121094	36035	2022/05/26 
2022/05/27 	49.900001525878906	51.0	49.900001525878906	50.400001525878906	47000	2022/05/27 
2022/05/30 	50.5	52.79999923706055	50.0	52.5	70010	2022/05/30 
2022/05/31 	52.900001525878906	52.900001525878906	51.0	51.29999923706055	43000	2022/05/31 
2022/06/01 	52.0	54.900001525878906	51.099998474121094	54.900001525878906	131239	2022/06/01 
2022/06/02 	54.900001525878906	55.29999923706055	53.29999923706055	54.900001525878906	109050	2022/06/02 
2022/06/06 	54.29999923706055	54.5	53.0	53.5	81130	2022/06/06 
2022/06/07 	53.29999923706055	53.5	53.0	53.29999923706055	27156	2022/06/07 
2022/06/08 	52.70000076293945	53.70000076293945	52.70000076293945	53.400001525878906	23117	2022/06/08 
2022/06/09 	53.400001525878906	57.599998474121094	53.0	56.099998474121094	115100	2022/06/09 
2022/06/10 	55.900001525878906	56.70000076293945	55.29999923706055	56.400001525878906	66000	2022/06/10 
2022/06/13 	56.20000076293945	56.20000076293945	53.20000076293945	53.20000076293945	93100	2022/06/13 
2022/06/14 	53.0	53.599998474121094	52.0	53.599998474121094	48001	2022/06/14 
2022/06/15 	52.599998474121094	54.20000076293945	52.599998474121094	54.20000076293945	23637	2022/06/15 
2022/06/16 	54.5	54.70000076293945	51.5	52.0	29100	2022/06/16 
2022/06/17 	52.0	52.599998474121094	51.400001525878906	51.5	28000	2022/06/17 
2022/06/20 	52.20000076293945	52.900001525878906	51.5	51.5	28008	2022/06/20 
2022/06/21 	51.099998474121094	52.5	51.099998474121094	52.5	23000	2022/06/21 
2022/06/22 	52.70000076293945	52.70000076293945	50.79999923706055	51.0	24100	2022/06/22 
2022/06/23 	51.5	51.5	50.5	51.20000076293945	31000	2022/06/23 
2022/06/24 	51.5	51.79999923706055	51.0	51.0	20000	2022/06/24 
2022/06/27 	51.0	51.900001525878906	51.0	51.5	18000	2022/06/27 
2022/06/28 	51.20000076293945	51.20000076293945	51.0	51.20000076293945	8000	2022/06/28 
2022/06/29 	50.900001525878906	51.5	50.79999923706055	51.400001525878906	12204	2022/06/29 
2022/06/30 	51.0	51.0	50.29999923706055	50.29999923706055	18038	2022/06/30 
2022/07/01 	50.099998474121094	50.29999923706055	49.849998474121094	49.849998474121094	47062	2022/07/01 
2022/07/04 	49.900001525878906	50.5	49.900001525878906	50.0	18000	2022/07/04 
2022/07/05 	50.099998474121094	51.400001525878906	50.099998474121094	50.5	14001	2022/07/05 
2022/07/06 	51.0	51.0	49.849998474121094	49.849998474121094	24100	2022/07/06 
2022/07/07 	49.900001525878906	50.599998474121094	49.79999923706055	50.0	27000	2022/07/07 
2022/07/08 	51.0	51.400001525878906	50.900001525878906	50.900001525878906	11009	2022/07/08 
2022/07/11 	51.29999923706055	51.29999923706055	51.29999923706055	51.29999923706055	2000	2022/07/11 
2022/07/12 	50.599998474121094	50.599998474121094	49.650001525878906	49.70000076293945	13000	2022/07/12 
2022/07/13 	49.70000076293945	50.70000076293945	49.70000076293945	49.79999923706055	44000	2022/07/13 
2022/07/14 	49.79999923706055	50.0	49.70000076293945	50.0	23004	2022/07/14 
2022/07/15 	48.0	48.0	47.599998474121094	47.900001525878906	17000	2022/07/15 
2022/07/18 	47.400001525878906	48.400001525878906	47.400001525878906	48.20000076293945	14000	2022/07/18 
2022/07/19 	47.599998474121094	48.20000076293945	47.599998474121094	48.0	9005	2022/07/19 
2022/07/20 	48.0	48.349998474121094	47.650001525878906	48.04999923706055	13115	2022/07/20 
2022/07/21 	48.099998474121094	48.150001525878906	47.70000076293945	48.0	26050	2022/07/21 
2022/07/22 	48.0	48.0	47.79999923706055	48.0	9000	2022/07/22 
2022/07/25 	48.0	48.0	48.0	48.0	5000	2022/07/25 
2022/07/26 	47.79999923706055	47.79999923706055	47.650001525878906	47.79999923706055	5000	2022/07/26 
2022/07/27 	47.599998474121094	47.650001525878906	47.599998474121094	47.650001525878906	3000	2022/07/27 
2022/07/28 	47.650001525878906	47.650001525878906	47.5	47.5	18000	2022/07/28 
2022/07/29 	47.5	47.5	46.45000076293945	47.0	35006	2022/07/29 
2022/08/01 	46.5	46.79999923706055	46.5	46.70000076293945	10100	2022/08/01 
2022/08/02 	46.70000076293945	46.70000076293945	45.70000076293945	46.20000076293945	14018	2022/08/02 
2022/08/03 	46.29999923706055	46.400001525878906	45.900001525878906	46.29999923706055	23064	2022/08/03 
2022/08/04 	46.29999923706055	47.29999923706055	46.29999923706055	46.95000076293945	10063	2022/08/04 
2022/08/05 	47.150001525878906	47.20000076293945	46.599998474121094	46.599998474121094	15000	2022/08/05 
2022/08/08 	46.20000076293945	46.20000076293945	45.650001525878906	45.70000076293945	32000	2022/08/08 
2022/08/09 	45.5	45.70000076293945	45.29999923706055	45.70000076293945	53001	2022/08/09 
2022/08/10 	46.0	46.04999923706055	46.0	46.0	5075	2022/08/10 
2022/08/11 	46.04999923706055	46.349998474121094	46.04999923706055	46.29999923706055	5000	2022/08/11 
2022/08/12 	46.29999923706055	46.70000076293945	46.29999923706055	46.70000076293945	17121	2022/08/12 
2022/08/15 	46.70000076293945	46.70000076293945	46.400001525878906	46.70000076293945	13020	2022/08/15 
2022/08/16 	48.0	48.0	46.70000076293945	46.70000076293945	8001	2022/08/16 
2022/08/17 	46.79999923706055	46.79999923706055	46.70000076293945	46.75	5000	2022/08/17 
2022/08/18 	46.349998474121094	46.79999923706055	45.45000076293945	46.79999923706055	7000	2022/08/18 
2022/08/19 	46.5	46.5	46.400001525878906	46.5	12124	2022/08/19 
2022/08/22 	46.5	46.5	45.79999923706055	46.0	7000	2022/08/22 
2022/08/23 	46.04999923706055	46.099998474121094	46.04999923706055	46.04999923706055	15000	2022/08/23 
2022/08/24 	46.099998474121094	46.099998474121094	46.0	46.0	14000	2022/08/24 
2022/08/25 	46.0	46.099998474121094	45.599998474121094	45.70000076293945	27000	2022/08/25 
2022/08/26 	45.70000076293945	46.20000076293945	45.599998474121094	46.20000076293945	19000	2022/08/26 
2022/08/29 	46.150001525878906	46.150001525878906	45.650001525878906	45.70000076293945	9000	2022/08/29 
2022/08/30 	45.5	46.599998474121094	45.5	46.599998474121094	25000	2022/08/30 
2022/08/31 	47.45000076293945	49.0	47.45000076293945	48.29999923706055	51100	2022/08/31 
2022/09/01 	48.0	48.0	47.0	47.0	19000	2022/09/01 
2022/09/02 	47.04999923706055	47.04999923706055	46.400001525878906	46.70000076293945	12000	2022/09/02 
2022/09/05 	46.5	46.5	46.5	46.5	1000	2022/09/05 
2022/09/06 	46.5	46.5	45.849998474121094	45.849998474121094	16005	2022/09/06 
2022/09/07 	45.79999923706055	45.79999923706055	45.0	45.29999923706055	27000	2022/09/07 
2022/09/08 	45.70000076293945	46.099998474121094	45.45000076293945	45.45000076293945	5010	2022/09/08 
2022/09/12 	45.29999923706055	45.75	45.0	45.45000076293945	32010	2022/09/12 
2022/09/13 	45.45000076293945	45.45000076293945	45.0	45.20000076293945	28015	2022/09/13 
2022/09/14 	44.5	44.5	43.599998474121094	44.0	88115	2022/09/14 
2022/09/15 	44.0	44.04999923706055	43.599998474121094	43.650001525878906	38030	2022/09/15 
2022/09/16 	43.5	43.5	43.20000076293945	43.25	27015	2022/09/16 
2022/09/19 	43.25	43.25	42.0	42.25	59000	2022/09/19 
2022/09/20 	42.25	42.29999923706055	41.04999923706055	41.099998474121094	72029	2022/09/20 
2022/09/21 	41.0	41.5	40.75	40.79999923706055	43150	2022/09/21 
2022/09/22 	40.5	41.349998474121094	40.5	41.349998474121094	26030	2022/09/22 
2022/09/23 	41.5	41.70000076293945	41.0	41.0	28000	2022/09/23 
2022/09/26 	40.70000076293945	40.70000076293945	39.349998474121094	39.349998474121094	58140	2022/09/26 
2022/09/27 	39.349998474121094	39.5	39.0	39.04999923706055	29010	2022/09/27 
2022/09/28 	38.650001525878906	39.0	36.04999923706055	36.70000076293945	47190	2022/09/28 
2022/09/29 	36.75	37.0	36.400001525878906	36.5	37000	2022/09/29 
2022/09/30 	36.099998474121094	36.5	36.0	36.150001525878906	65000	2022/09/30 
2022/10/03 	36.0	36.599998474121094	36.0	36.599998474121094	11310	2022/10/03 
2022/10/04 	37.04999923706055	37.5	36.650001525878906	37.5	39000	2022/10/04 
2022/10/05 	37.70000076293945	38.29999923706055	37.54999923706055	37.650001525878906	31010	2022/10/05 
2022/10/06 	37.650001525878906	37.650001525878906	37.45000076293945	37.54999923706055	7000	2022/10/06 
2022/10/07 	37.54999923706055	37.70000076293945	37.349998474121094	37.54999923706055	16000	2022/10/07 
2022/10/11 	37.400001525878906	37.400001525878906	36.0	36.0	21000	2022/10/11 
2022/10/12 	36.5	36.5	36.29999923706055	36.5	5004	2022/10/12 
2022/10/13 	36.04999923706055	36.099998474121094	34.54999923706055	35.150001525878906	95010	2022/10/13 
2022/10/14 	36.0	36.0	35.0	35.70000076293945	20000	2022/10/14 
2022/10/17 	35.70000076293945	35.849998474121094	34.70000076293945	35.70000076293945	9000	2022/10/17 
2022/10/18 	35.70000076293945	35.70000076293945	35.5	35.5	3000	2022/10/18 
2022/10/19 	35.5	36.599998474121094	35.5	36.5	18142	2022/10/19 
2022/10/20 	36.150001525878906	36.150001525878906	35.54999923706055	35.54999923706055	5000	2022/10/20 
2022/10/21 	35.75	35.75	35.75	35.75	3000	2022/10/21 
2022/10/24 	35.75	35.75	35.5	35.75	21000	2022/10/24 
2022/10/25 	36.0	36.0	35.0	35.0	13000	2022/10/25 
2022/10/26 	35.0	35.0	34.5	34.5	25000	2022/10/26 
2022/10/27 	34.5	34.70000076293945	34.25	34.70000076293945	14010	2022/10/27 
2022/10/28 	34.70000076293945	35.0	34.70000076293945	34.900001525878906	4000	2022/10/28 
2022/10/31 	34.79999923706055	34.79999923706055	34.5	34.599998474121094	12000	2022/10/31 
2022/11/01 	34.599998474121094	34.599998474121094	34.29999923706055	34.45000076293945	8000	2022/11/01 
2022/11/02 	34.400001525878906	34.70000076293945	34.400001525878906	34.70000076293945	22038	2022/11/02 
2022/11/03 	34.95000076293945	34.95000076293945	34.650001525878906	34.900001525878906	9010	2022/11/03 
2022/11/04 	36.0	36.0	34.70000076293945	35.0	20022	2022/11/04 
2022/11/07 	35.099998474121094	35.29999923706055	35.0	35.29999923706055	14000	2022/11/07 
2022/11/08 	35.54999923706055	38.75	35.54999923706055	36.95000076293945	58024	2022/11/08 
2022/11/09 	36.150001525878906	36.54999923706055	36.150001525878906	36.54999923706055	8000	2022/11/09 
2022/11/10 	36.54999923706055	36.599998474121094	36.400001525878906	36.599998474121094	6000	2022/11/10 
2022/11/11 	37.5	37.75	37.45000076293945	37.54999923706055	7000	2022/11/11 
2022/11/14 	37.54999923706055	38.54999923706055	37.54999923706055	38.5	31023	2022/11/14 
2022/11/15 	38.5	38.75	38.0	38.70000076293945	52025	2022/11/15 
2022/11/16 	38.79999923706055	40.0	38.599998474121094	39.5	29000	2022/11/16 
2022/11/17 	39.900001525878906	43.25	39.900001525878906	42.0	75150	2022/11/17 
2022/11/18 	42.0	42.29999923706055	41.849998474121094	41.849998474121094	57000	2022/11/18 
2022/11/21 	41.849998474121094	41.849998474121094	40.54999923706055	40.54999923706055	13077	2022/11/21 
2022/11/22 	40.54999923706055	40.849998474121094	40.54999923706055	40.650001525878906	6000	2022/11/22 
2022/11/23 	41.599998474121094	42.400001525878906	41.599998474121094	41.79999923706055	20000	2022/11/23 
2022/11/24 	41.79999923706055	41.79999923706055	40.70000076293945	41.5	21174	2022/11/24 
2022/11/25 	41.5	41.5	41.0	41.5	17200	2022/11/25 
2022/11/28 	41.5	41.5	40.900001525878906	40.900001525878906	26000	2022/11/28 
2022/11/29 	40.70000076293945	40.75	40.70000076293945	40.75	9000	2022/11/29 
2022/11/30 	40.849998474121094	42.75	40.849998474121094	42.75	28000	2022/11/30 
2022/12/01 	43.5	43.5	42.599998474121094	42.900001525878906	30000	2022/12/01 
2022/12/02 	42.5	43.5	42.5	43.20000076293945	40000	2022/12/02 
2022/12/05 	42.900001525878906	43.349998474121094	42.900001525878906	43.349998474121094	22000	2022/12/05 
2022/12/06 	42.70000076293945	43.349998474121094	42.70000076293945	43.099998474121094	15058	2022/12/06 
2022/12/07 	43.79999923706055	46.5	43.79999923706055	46.04999923706055	108313	2022/12/07 
2022/12/08 	46.099998474121094	46.20000076293945	44.04999923706055	44.29999923706055	36150	2022/12/08 
2022/12/09 	47.45000076293945	47.45000076293945	45.79999923706055	45.79999923706055	32015	2022/12/09 
2022/12/12 	45.599998474121094	45.650001525878906	45.400001525878906	45.400001525878906	13000	2022/12/12 
2022/12/13 	45.20000076293945	45.20000076293945	44.5	44.599998474121094	11050	2022/12/13 
2022/12/14 	44.599998474121094	45.95000076293945	44.54999923706055	44.75	10150	2022/12/14 
2022/12/15 	44.75	44.75	44.150001525878906	44.20000076293945	16000	2022/12/15 
2022/12/16 	44.0	44.0	43.5	43.54999923706055	7000	2022/12/16 
2022/12/19 	43.54999923706055	43.54999923706055	43.20000076293945	43.20000076293945	11000	2022/12/19 
2022/12/20 	43.20000076293945	43.20000076293945	42.650001525878906	42.650001525878906	13017	2022/12/20 
2022/12/21 	42.650001525878906	43.0	42.5	42.5	8010	2022/12/21 
2022/12/22 	42.5	42.5	42.20000076293945	42.25	8080	2022/12/22 
2022/12/23 	42.25	42.25	42.25	42.25	0	2022/12/23 
2022/12/26 	42.25	42.25	42.20000076293945	42.20000076293945	5000	2022/12/26 
2022/12/27 	42.29999923706055	42.29999923706055	42.29999923706055	42.29999923706055	1000	2022/12/27 
2022/12/28 	42.400001525878906	42.400001525878906	42.099998474121094	42.150001525878906	11019	2022/12/28 
2022/12/29 	42.0	42.0	42.0	42.0	3000	2022/12/29 
2022/12/30 	42.5	43.79999923706055	42.5	43.79999923706055	18000	2022/12/30 
2023/01/03 	43.70000076293945	43.70000076293945	43.650001525878906	43.70000076293945	5000	2023/01/03 
2023/01/04 	43.70000076293945	44.79999923706055	43.400001525878906	44.099998474121094	26010	2023/01/04 
2023/01/05 	43.599998474121094	44.349998474121094	43.099998474121094	43.25	11000	2023/01/05 
2023/01/06 	43.04999923706055	43.79999923706055	43.04999923706055	43.650001525878906	11000	2023/01/06 
2023/01/09 	43.650001525878906	43.95000076293945	43.650001525878906	43.70000076293945	4000	2023/01/09 
2023/01/10 	43.599998474121094	43.599998474121094	43.599998474121094	43.599998474121094	1000	2023/01/10 
2023/01/11 	43.70000076293945	43.70000076293945	43.599998474121094	43.599998474121094	2000	2023/01/11 
2023/01/12 	43.599998474121094	43.599998474121094	43.599998474121094	43.599998474121094	1012	2023/01/12 
2023/01/13 	43.650001525878906	43.650001525878906	43.54999923706055	43.54999923706055	4000	2023/01/13 
2023/01/16 	42.25	42.400001525878906	42.25	42.400001525878906	5000	2023/01/16 
2023/01/17 	42.5	42.599998474121094	42.5	42.599998474121094	4000	2023/01/17 
2023/01/30 	42.349998474121094	42.5	42.349998474121094	42.5	2300	2023/01/30 
2023/01/31 	43.0	43.0	42.79999923706055	42.79999923706055	6000	2023/01/31 
2023/02/01 	43.20000076293945	43.20000076293945	42.75	42.79999923706055	12001	2023/02/01 
2023/02/02 	43.0	43.0	42.54999923706055	42.54999923706055	40000	2023/02/02 
2023/02/03 	43.0	43.75	43.0	43.25	20000	2023/02/03 
2023/02/06 	43.5	45.0	43.20000076293945	43.20000076293945	27071	2023/02/06 
2023/02/07 	43.599998474121094	43.599998474121094	43.20000076293945	43.29999923706055	18000	2023/02/07 
2023/02/08 	43.5	44.25	43.5	44.099998474121094	26000	2023/02/08 
2023/02/09 	44.099998474121094	46.29999923706055	44.099998474121094	46.29999923706055	39411	2023/02/09 
2023/02/10 	46.5	47.5	46.5	47.25	92012	2023/02/10 
2023/02/13 	47.29999923706055	47.29999923706055	45.599998474121094	46.0	47150	2023/02/13 
2023/02/14 	46.5	46.5	45.5	45.75	29055	2023/02/14 
2023/02/15 	46.0	46.45000076293945	45.599998474121094	45.599998474121094	46011	2023/02/15 
2023/02/16 	46.5	46.650001525878906	46.0	46.0	23003	2023/02/16 
2023/02/17 	46.20000076293945	46.349998474121094	45.599998474121094	46.349998474121094	16000	2023/02/17 
2023/02/20 	46.0	46.5	46.0	46.099998474121094	31050	2023/02/20 
2023/02/21 	46.099998474121094	46.25	46.099998474121094	46.099998474121094	21200	2023/02/21 
2023/02/22 	45.650001525878906	45.75	45.650001525878906	45.75	6165	2023/02/22 
2023/02/23 	46.0	46.5	46.0	46.0	23160	2023/02/23 
2023/02/24 	46.099998474121094	46.099998474121094	45.79999923706055	45.79999923706055	16000	2023/02/24 
2023/03/01 	45.79999923706055	45.79999923706055	45.5	45.599998474121094	21212	2023/03/01 
2023/03/02 	45.599998474121094	46.0	45.599998474121094	46.0	15000	2023/03/02 
2023/03/03 	46.099998474121094	46.20000076293945	46.0	46.0	26000	2023/03/03 
2023/03/06 	46.0	46.70000076293945	46.0	46.400001525878906	33000	2023/03/06 
2023/03/07 	46.20000076293945	46.20000076293945	46.0	46.0	22062	2023/03/07 
2023/03/08 	46.0	46.0	45.54999923706055	45.54999923706055	18537	2023/03/08 
