Date	Open	High	Low	Close	Volume	Date
2021/09/29 	28.0	43.0	28.0	38.95000076293945	222765	2021/09/29 
2021/09/30 	38.0	40.0	33.349998474121094	34.45000076293945	157682	2021/09/30 
2021/10/01 	33.54999923706055	33.54999923706055	30.0	31.399999618530273	75760	2021/10/01 
2021/10/04 	31.25	31.25	30.450000762939453	30.600000381469727	12456	2021/10/04 
2021/10/05 	30.600000381469727	30.649999618530273	30.149999618530273	30.649999618530273	55264	2021/10/05 
2021/10/06 	30.549999237060547	31.649999618530273	30.549999237060547	31.0	26578	2021/10/06 
2021/10/07 	31.200000762939453	33.400001525878906	31.200000762939453	32.29999923706055	72368	2021/10/07 
2021/10/08 	32.29999923706055	32.29999923706055	30.899999618530273	31.149999618530273	48588	2021/10/08 
2021/10/12 	30.899999618530273	32.29999923706055	30.799999237060547	32.25	38108	2021/10/12 
2021/10/13 	31.399999618530273	31.399999618530273	29.700000762939453	30.700000762939453	20200	2021/10/13 
2021/10/14 	30.75	31.450000762939453	30.600000381469727	31.450000762939453	1003	2021/10/14 
2021/10/15 	30.600000381469727	31.399999618530273	30.549999237060547	31.149999618530273	13668	2021/10/15 
2021/10/18 	31.25	31.25	31.0	31.0	2001	2021/10/18 
2021/10/19 	30.5	30.5	30.049999237060547	30.299999237060547	36302	2021/10/19 
2021/10/20 	30.299999237060547	30.299999237060547	30.299999237060547	30.299999237060547	0	2021/10/20 
2021/10/21 	30.149999618530273	30.950000762939453	30.0	30.25	29002	2021/10/21 
2021/10/22 	30.600000381469727	30.600000381469727	30.200000762939453	30.200000762939453	2006	2021/10/22 
2021/10/25 	30.100000381469727	30.549999237060547	30.100000381469727	30.5	4002	2021/10/25 
2021/10/26 	30.299999237060547	30.299999237060547	30.299999237060547	30.299999237060547	2251	2021/10/26 
2021/10/27 	30.299999237060547	30.450000762939453	30.0	30.100000381469727	32611	2021/10/27 
2021/10/28 	29.450000762939453	30.5	29.399999618530273	30.0	57923	2021/10/28 
2021/10/29 	30.0	30.25	28.5	29.100000381469727	39721	2021/10/29 
2021/11/01 	28.399999618530273	29.049999237060547	28.399999618530273	29.049999237060547	28528	2021/11/01 
2021/11/02 	29.100000381469727	29.200000762939453	27.899999618530273	29.200000762939453	35196	2021/11/02 
2021/11/03 	29.200000762939453	29.200000762939453	28.5	29.200000762939453	7112	2021/11/03 
2021/11/04 	29.200000762939453	29.200000762939453	29.100000381469727	29.100000381469727	4101	2021/11/04 
2021/11/05 	29.100000381469727	30.299999237060547	29.0	30.0	57042	2021/11/05 
2021/11/08 	30.25	30.25	29.149999618530273	30.049999237060547	32104	2021/11/08 
2021/11/09 	30.100000381469727	32.45000076293945	29.850000381469727	32.0	238112	2021/11/09 
2021/11/10 	32.45000076293945	34.45000076293945	32.0	32.04999923706055	174098	2021/11/10 
2021/11/11 	32.04999923706055	33.400001525878906	31.049999237060547	31.5	112138	2021/11/11 
2021/11/12 	31.950000762939453	32.29999923706055	31.350000381469727	31.600000381469727	28876	2021/11/12 
2021/11/15 	31.950000762939453	32.29999923706055	31.5	31.950000762939453	106203	2021/11/15 
2021/11/16 	32.150001525878906	37.400001525878906	32.150001525878906	37.400001525878906	184997	2021/11/16 
2021/11/17 	37.20000076293945	38.0	34.400001525878906	35.95000076293945	181373	2021/11/17 
2021/11/18 	35.95000076293945	35.95000076293945	33.54999923706055	34.349998474121094	145671	2021/11/18 
2021/11/19 	34.400001525878906	34.400001525878906	33.20000076293945	33.349998474121094	59706	2021/11/19 
2021/11/22 	33.099998474121094	33.099998474121094	31.649999618530273	32.5	42463	2021/11/22 
2021/11/23 	32.95000076293945	32.95000076293945	31.850000381469727	31.899999618530273	21300	2021/11/23 
2021/11/24 	32.849998474121094	34.5	32.5	33.95000076293945	50462	2021/11/24 
2021/11/25 	33.04999923706055	33.04999923706055	32.54999923706055	32.54999923706055	35200	2021/11/25 
2021/11/26 	32.5	32.5	31.049999237060547	31.049999237060547	54000	2021/11/26 
2021/11/29 	32.150001525878906	32.150001525878906	31.799999237060547	31.799999237060547	2700	2021/11/29 
2021/11/30 	31.049999237060547	31.399999618530273	31.0	31.049999237060547	13000	2021/11/30 
2021/12/01 	32.099998474121094	32.099998474121094	32.099998474121094	32.099998474121094	139	2021/12/01 
2021/12/02 	32.099998474121094	32.400001525878906	31.5	31.700000762939453	9150	2021/12/02 
2021/12/03 	32.099998474121094	32.900001525878906	31.850000381469727	31.850000381469727	6110	2021/12/03 
2021/12/06 	31.850000381469727	32.0	31.299999237060547	32.0	26100	2021/12/06 
2021/12/07 	31.350000381469727	32.04999923706055	31.350000381469727	31.600000381469727	24020	2021/12/07 
2021/12/08 	32.25	36.25	32.25	35.0	179763	2021/12/08 
2021/12/09 	35.0	35.0	32.95000076293945	33.25	131360	2021/12/09 
2021/12/10 	33.650001525878906	34.650001525878906	33.650001525878906	34.0	61540	2021/12/10 
2021/12/13 	34.29999923706055	35.45000076293945	34.150001525878906	35.0	85020	2021/12/13 
2021/12/14 	35.95000076293945	36.95000076293945	35.79999923706055	36.95000076293945	127685	2021/12/14 
2021/12/15 	36.150001525878906	36.150001525878906	34.849998474121094	35.25	57615	2021/12/15 
2021/12/16 	36.5	43.29999923706055	36.5	43.29999923706055	611175	2021/12/16 
2021/12/17 	42.599998474121094	42.599998474121094	37.650001525878906	39.099998474121094	201724	2021/12/17 
2021/12/20 	42.150001525878906	43.400001525878906	39.5	41.099998474121094	102601	2021/12/20 
2021/12/21 	41.45000076293945	41.45000076293945	39.5	40.349998474121094	58274	2021/12/21 
2021/12/22 	44.70000076293945	45.79999923706055	43.04999923706055	45.099998474121094	340687	2021/12/22 
2021/12/23 	45.099998474121094	45.25	42.349998474121094	43.150001525878906	157659	2021/12/23 
2021/12/24 	43.150001525878906	43.150001525878906	40.0	40.54999923706055	126813	2021/12/24 
2021/12/27 	41.650001525878906	42.54999923706055	41.650001525878906	41.650001525878906	90714	2021/12/27 
2021/12/28 	41.650001525878906	42.0	40.54999923706055	41.099998474121094	87830	2021/12/28 
2021/12/29 	41.25	41.400001525878906	40.849998474121094	41.20000076293945	29976	2021/12/29 
2021/12/30 	40.849998474121094	41.79999923706055	40.650001525878906	41.5	15676	2021/12/30 
2022/01/03 	42.150001525878906	42.150001525878906	40.95000076293945	40.95000076293945	3500	2022/01/03 
2022/01/04 	42.150001525878906	42.150001525878906	42.0	42.150001525878906	2681	2022/01/04 
2022/01/05 	41.0	41.5	40.599998474121094	40.599998474121094	8000	2022/01/05 
2022/01/06 	40.54999923706055	41.20000076293945	40.54999923706055	40.54999923706055	9000	2022/01/06 
2022/01/07 	41.150001525878906	41.20000076293945	41.0	41.0	8100	2022/01/07 
2022/01/10 	40.54999923706055	40.650001525878906	36.0	38.349998474121094	127778	2022/01/10 
2022/01/11 	37.650001525878906	39.150001525878906	37.599998474121094	37.75	40067	2022/01/11 
2022/01/12 	38.95000076293945	39.099998474121094	38.0	39.099998474121094	4003	2022/01/12 
2022/01/13 	39.099998474121094	39.099998474121094	37.849998474121094	39.099998474121094	4012	2022/01/13 
2022/01/14 	39.099998474121094	39.099998474121094	37.849998474121094	39.099998474121094	6011	2022/01/14 
2022/01/17 	37.95000076293945	39.099998474121094	37.95000076293945	39.099998474121094	1659	2022/01/17 
2022/01/18 	39.150001525878906	39.29999923706055	38.75	38.900001525878906	28947	2022/01/18 
2022/01/19 	38.95000076293945	39.0	38.349998474121094	39.0	14711	2022/01/19 
2022/01/20 	39.0	39.099998474121094	38.650001525878906	39.099998474121094	20111	2022/01/20 
2022/01/21 	39.0	39.04999923706055	38.0	39.0	15012	2022/01/21 
2022/01/24 	38.95000076293945	39.0	37.5	38.95000076293945	11195	2022/01/24 
2022/01/25 	37.29999923706055	38.95000076293945	37.29999923706055	38.95000076293945	17001	2022/01/25 
2022/01/26 	38.5	38.900001525878906	38.0	38.900001525878906	14324	2022/01/26 
2022/02/07 	38.900001525878906	38.95000076293945	38.0	38.79999923706055	17136	2022/02/07 
2022/02/08 	37.849998474121094	38.650001525878906	37.849998474121094	38.650001525878906	4506	2022/02/08 
2022/02/09 	38.650001525878906	39.150001525878906	38.5	38.95000076293945	50944	2022/02/09 
2022/02/10 	38.5	39.20000076293945	38.45000076293945	39.20000076293945	20000	2022/02/10 
2022/02/11 	39.150001525878906	39.29999923706055	38.349998474121094	39.099998474121094	33323	2022/02/11 
2022/02/14 	39.099998474121094	39.099998474121094	38.5	39.099998474121094	6211	2022/02/14 
2022/02/15 	38.400001525878906	39.099998474121094	38.20000076293945	38.599998474121094	52714	2022/02/15 
2022/02/16 	38.04999923706055	39.0	38.04999923706055	39.0	52962	2022/02/16 
2022/02/17 	39.0	39.0	37.099998474121094	38.599998474121094	58230	2022/02/17 
2022/02/18 	38.70000076293945	38.70000076293945	38.0	38.70000076293945	23712	2022/02/18 
2022/02/21 	38.150001525878906	38.75	37.54999923706055	38.75	33133	2022/02/21 
2022/02/22 	38.75	38.75	38.150001525878906	38.599998474121094	33860	2022/02/22 
2022/02/23 	38.04999923706055	38.650001525878906	37.849998474121094	38.650001525878906	34224	2022/02/23 
2022/02/24 	38.70000076293945	39.0	37.04999923706055	37.04999923706055	63489	2022/02/24 
2022/02/25 	37.45000076293945	37.75	37.0	37.70000076293945	30750	2022/02/25 
2022/03/01 	37.70000076293945	38.70000076293945	36.79999923706055	37.849998474121094	19116	2022/03/01 
2022/03/02 	37.79999923706055	37.79999923706055	36.849998474121094	37.0	16551	2022/03/02 
2022/03/03 	37.650001525878906	37.650001525878906	36.099998474121094	37.45000076293945	45905	2022/03/03 
2022/03/04 	36.0	37.400001525878906	36.0	37.099998474121094	19036	2022/03/04 
2022/03/07 	35.900001525878906	36.099998474121094	34.099998474121094	35.599998474121094	68494	2022/03/07 
2022/03/08 	35.599998474121094	36.29999923706055	34.75	35.0	24830	2022/03/08 
2022/03/09 	34.79999923706055	34.79999923706055	34.349998474121094	34.5	44940	2022/03/09 
2022/03/10 	33.849998474121094	34.650001525878906	33.29999923706055	33.29999923706055	49475	2022/03/10 
2022/03/11 	34.599998474121094	34.599998474121094	33.29999923706055	34.599998474121094	6630	2022/03/11 
2022/03/14 	34.599998474121094	34.599998474121094	33.849998474121094	34.29999923706055	36370	2022/03/14 
2022/03/15 	33.79999923706055	34.099998474121094	31.299999237060547	32.150001525878906	149553	2022/03/15 
2022/03/16 	32.20000076293945	32.20000076293945	30.850000381469727	31.25	108371	2022/03/16 
2022/03/17 	32.54999923706055	32.599998474121094	31.5	31.899999618530273	52021	2022/03/17 
2022/03/18 	32.5	32.54999923706055	32.45000076293945	32.45000076293945	10110	2022/03/18 
2022/03/21 	32.79999923706055	32.79999923706055	32.75	32.75	210	2022/03/21 
2022/03/22 	32.75	34.0	31.899999618530273	34.0	19050	2022/03/22 
2022/03/23 	34.650001525878906	34.70000076293945	34.5	34.650001525878906	2340	2022/03/23 
2022/03/24 	34.650001525878906	34.849998474121094	34.0	34.849998474121094	26221	2022/03/24 
2022/03/25 	34.849998474121094	34.849998474121094	33.849998474121094	34.099998474121094	20632	2022/03/25 
2022/03/28 	34.150001525878906	34.45000076293945	34.0	34.45000076293945	5110	2022/03/28 
2022/03/29 	34.45000076293945	34.45000076293945	33.849998474121094	34.0	28240	2022/03/29 
2022/03/30 	33.95000076293945	33.95000076293945	33.0	33.95000076293945	16120	2022/03/30 
2022/03/31 	33.95000076293945	33.95000076293945	32.400001525878906	33.95000076293945	5630	2022/03/31 
2022/04/01 	33.95000076293945	33.95000076293945	32.349998474121094	32.599998474121094	10541	2022/04/01 
2022/04/06 	33.099998474121094	33.150001525878906	32.349998474121094	33.0	24040	2022/04/06 
2022/04/07 	33.0	33.54999923706055	32.849998474121094	33.099998474121094	9130	2022/04/07 
2022/04/08 	33.04999923706055	33.849998474121094	32.20000076293945	33.849998474121094	11561	2022/04/08 
2022/04/11 	33.849998474121094	34.0	32.650001525878906	33.099998474121094	14070	2022/04/11 
2022/04/12 	33.099998474121094	33.5	33.099998474121094	33.5	4021	2022/04/12 
2022/04/13 	33.599998474121094	33.650001525878906	32.79999923706055	33.0	4210	2022/04/13 
2022/04/14 	33.0	34.5	33.0	34.150001525878906	22050	2022/04/14 
2022/04/15 	34.150001525878906	34.150001525878906	33.04999923706055	33.95000076293945	14170	2022/04/15 
2022/04/18 	33.95000076293945	34.0	33.349998474121094	33.45000076293945	23021	2022/04/18 
2022/04/19 	33.150001525878906	33.150001525878906	32.75	32.900001525878906	25001	2022/04/19 
2022/04/20 	33.95000076293945	33.95000076293945	33.95000076293945	33.95000076293945	1	2022/04/20 
2022/04/21 	33.95000076293945	33.95000076293945	33.0	33.900001525878906	2702	2022/04/21 
2022/04/22 	33.0	33.900001525878906	32.45000076293945	33.0	37606	2022/04/22 
2022/04/25 	32.04999923706055	32.650001525878906	31.049999237060547	32.099998474121094	68014	2022/04/25 
2022/04/26 	32.099998474121094	32.150001525878906	31.350000381469727	31.350000381469727	18981	2022/04/26 
2022/04/27 	31.350000381469727	31.5	30.649999618530273	30.75	44000	2022/04/27 
2022/04/28 	31.149999618530273	31.149999618530273	31.0	31.0	10000	2022/04/28 
2022/04/29 	30.600000381469727	31.0	29.899999618530273	30.5	73190	2022/04/29 
2022/05/03 	30.5	30.549999237060547	30.100000381469727	30.100000381469727	11101	2022/05/03 
2022/05/04 	30.149999618530273	30.25	29.75	30.0	28515	2022/05/04 
2022/05/05 	30.399999618530273	30.399999618530273	29.649999618530273	29.700000762939453	19170	2022/05/05 
2022/05/06 	29.600000381469727	29.700000762939453	29.600000381469727	29.700000762939453	5143	2022/05/06 
2022/05/09 	29.600000381469727	29.700000762939453	29.5	29.600000381469727	16350	2022/05/09 
2022/05/10 	29.5	29.5	29.5	29.5	500	2022/05/10 
2022/05/11 	30.0	30.0	30.0	30.0	5000	2022/05/11 
2022/05/12 	30.0	30.0	30.0	30.0	9000	2022/05/12 
2022/05/13 	30.0	30.100000381469727	30.0	30.0	22000	2022/05/13 
2022/05/16 	30.0	30.0	30.0	30.0	0	2022/05/16 
2022/05/17 	30.0	30.100000381469727	30.0	30.100000381469727	13000	2022/05/17 
2022/05/18 	30.100000381469727	30.100000381469727	30.100000381469727	30.100000381469727	0	2022/05/18 
2022/05/19 	29.950000762939453	30.049999237060547	29.899999618530273	29.950000762939453	18000	2022/05/19 
2022/05/20 	30.049999237060547	30.049999237060547	30.049999237060547	30.049999237060547	2000	2022/05/20 
2022/05/23 	30.049999237060547	30.149999618530273	30.049999237060547	30.149999618530273	6000	2022/05/23 
2022/05/24 	30.0	30.100000381469727	29.5	29.5	20400	2022/05/24 
2022/05/25 	30.0	30.0	30.0	30.0	2000	2022/05/25 
2022/05/26 	28.950000762939453	28.950000762939453	28.950000762939453	28.950000762939453	1000	2022/05/26 
2022/05/27 	28.950000762939453	30.0	28.950000762939453	29.5	3100	2022/05/27 
2022/05/30 	29.100000381469727	30.149999618530273	29.100000381469727	30.0	2700	2022/05/30 
2022/05/31 	30.0	30.0	30.0	30.0	0	2022/05/31 
2022/06/01 	30.200000762939453	31.5	30.200000762939453	31.450000762939453	45000	2022/06/01 
2022/06/02 	32.04999923706055	32.04999923706055	31.25	31.600000381469727	38000	2022/06/02 
2022/06/06 	32.5	38.400001525878906	32.5	37.5	244427	2022/06/06 
2022/06/07 	36.599998474121094	38.0	35.20000076293945	35.79999923706055	63394	2022/06/07 
2022/06/08 	36.0	36.29999923706055	34.849998474121094	35.0	81915	2022/06/08 
2022/06/09 	35.70000076293945	35.900001525878906	34.849998474121094	35.0	40450	2022/06/09 
2022/06/10 	34.79999923706055	36.0	34.70000076293945	35.099998474121094	33053	2022/06/10 
2022/06/13 	35.04999923706055	36.400001525878906	34.849998474121094	36.400001525878906	54180	2022/06/13 
2022/06/14 	35.29999923706055	35.5	34.849998474121094	35.04999923706055	63000	2022/06/14 
2022/06/15 	35.5	35.5	35.04999923706055	35.400001525878906	23250	2022/06/15 
2022/06/16 	35.95000076293945	36.75	35.0	35.0	49408	2022/06/16 
2022/06/17 	35.04999923706055	35.400001525878906	34.20000076293945	35.20000076293945	21700	2022/06/17 
2022/06/20 	34.29999923706055	35.0	34.29999923706055	35.0	2600	2022/06/20 
2022/06/21 	34.099998474121094	35.099998474121094	34.04999923706055	35.0	9560	2022/06/21 
2022/06/22 	35.0	35.0	34.95000076293945	34.95000076293945	5050	2022/06/22 
2022/06/23 	35.150001525878906	35.150001525878906	34.650001525878906	34.849998474121094	26330	2022/06/23 
2022/06/24 	34.79999923706055	34.79999923706055	34.20000076293945	34.79999923706055	1080	2022/06/24 
2022/06/27 	34.79999923706055	35.04999923706055	34.79999923706055	35.04999923706055	2430	2022/06/27 
2022/06/28 	35.0	35.0	35.0	35.0	120	2022/06/28 
2022/06/29 	35.0	35.0	34.900001525878906	34.900001525878906	730	2022/06/29 
2022/06/30 	35.0	35.0	34.400001525878906	34.70000076293945	3540	2022/06/30 
2022/07/01 	35.0	35.0	33.5	33.5	33361	2022/07/01 
2022/07/04 	33.0	33.70000076293945	32.349998474121094	33.20000076293945	9653	2022/07/04 
2022/07/05 	33.75	33.75	33.5	33.75	7550	2022/07/05 
2022/07/06 	33.75	33.75	32.349998474121094	32.599998474121094	2850	2022/07/06 
2022/07/07 	33.5	33.75	32.349998474121094	33.400001525878906	3709	2022/07/07 
2022/07/08 	33.20000076293945	33.20000076293945	32.79999923706055	33.20000076293945	7699	2022/07/08 
2022/07/11 	33.54999923706055	34.650001525878906	33.150001525878906	33.849998474121094	37509	2022/07/11 
2022/07/12 	33.20000076293945	33.20000076293945	30.899999618530273	31.5	68101	2022/07/12 
2022/07/13 	31.5	33.5	31.5	32.0	54900	2022/07/13 
2022/07/14 	31.399999618530273	32.0	30.799999237060547	31.950000762939453	70689	2022/07/14 
2022/07/15 	30.950000762939453	32.599998474121094	30.950000762939453	32.599998474121094	48820	2022/07/15 
2022/07/18 	33.79999923706055	35.25	33.70000076293945	34.5	159710	2022/07/18 
2022/07/19 	34.849998474121094	34.849998474121094	33.349998474121094	33.349998474121094	47810	2022/07/19 
2022/07/20 	34.0	36.20000076293945	33.95000076293945	35.20000076293945	162882	2022/07/20 
2022/07/21 	35.20000076293945	36.20000076293945	34.650001525878906	34.95000076293945	74323	2022/07/21 
2022/07/22 	35.20000076293945	36.400001525878906	35.20000076293945	36.099998474121094	182855	2022/07/22 
2022/07/25 	36.099998474121094	36.150001525878906	34.099998474121094	35.0	124267	2022/07/25 
2022/07/26 	35.75	39.900001525878906	35.650001525878906	37.0	422257	2022/07/26 
2022/07/27 	37.29999923706055	37.29999923706055	35.75	37.0	152422	2022/07/27 
2022/07/28 	36.349998474121094	37.79999923706055	36.04999923706055	37.0	41388	2022/07/28 
2022/07/29 	36.5	37.54999923706055	36.45000076293945	37.150001525878906	86692	2022/07/29 
2022/08/01 	38.849998474121094	38.849998474121094	37.150001525878906	38.54999923706055	62524	2022/08/01 
2022/08/02 	38.04999923706055	38.5	36.79999923706055	37.900001525878906	117534	2022/08/02 
2022/08/03 	37.400001525878906	38.25	37.29999923706055	37.75	101692	2022/08/03 
2022/08/04 	38.099998474121094	38.150001525878906	37.75	37.849998474121094	40105	2022/08/04 
2022/08/05 	38.099998474121094	38.349998474121094	37.95000076293945	38.25	139548	2022/08/05 
2022/08/08 	38.0	38.79999923706055	32.0	34.900001525878906	446320	2022/08/08 
2022/08/09 	34.849998474121094	36.54999923706055	34.599998474121094	34.849998474121094	118360	2022/08/09 
2022/08/10 	36.400001525878906	36.400001525878906	34.849998474121094	36.400001525878906	6903	2022/08/10 
2022/08/11 	36.400001525878906	36.400001525878906	34.900001525878906	35.04999923706055	38558	2022/08/11 
2022/08/12 	36.0	36.0	34.900001525878906	35.0	38402	2022/08/12 
2022/08/15 	35.70000076293945	35.75	34.95000076293945	35.45000076293945	97750	2022/08/15 
2022/08/16 	35.45000076293945	35.45000076293945	34.95000076293945	35.45000076293945	80036	2022/08/16 
2022/08/17 	35.400001525878906	35.400001525878906	35.04999923706055	35.20000076293945	36270	2022/08/17 
2022/08/18 	35.5	35.54999923706055	35.099998474121094	35.099998474121094	112051	2022/08/18 
2022/08/19 	35.04999923706055	35.75	35.04999923706055	35.75	12351	2022/08/19 
2022/08/22 	35.75	35.79999923706055	34.79999923706055	35.79999923706055	13111	2022/08/22 
2022/08/23 	34.900001525878906	35.20000076293945	34.54999923706055	34.95000076293945	93601	2022/08/23 
2022/08/24 	34.75	35.150001525878906	34.70000076293945	35.0	45255	2022/08/24 
2022/08/25 	35.099998474121094	36.5	35.0	35.25	114710	2022/08/25 
2022/08/26 	35.29999923706055	35.599998474121094	35.0	35.599998474121094	17506	2022/08/26 
2022/08/29 	34.95000076293945	35.45000076293945	34.0	35.0	32505	2022/08/29 
2022/08/30 	35.349998474121094	35.349998474121094	34.75	35.20000076293945	36001	2022/08/30 
2022/08/31 	35.29999923706055	37.0	35.29999923706055	37.0	105654	2022/08/31 
2022/09/01 	36.95000076293945	37.5	36.04999923706055	36.900001525878906	126079	2022/09/01 
2022/09/02 	37.150001525878906	37.150001525878906	36.400001525878906	37.0	135620	2022/09/02 
2022/09/05 	37.79999923706055	37.79999923706055	36.599998474121094	36.650001525878906	48813	2022/09/05 
2022/09/06 	36.70000076293945	37.95000076293945	36.150001525878906	37.25	71304	2022/09/06 
2022/09/07 	36.849998474121094	37.75	36.849998474121094	37.04999923706055	32563	2022/09/07 
2022/09/08 	37.29999923706055	37.95000076293945	37.150001525878906	37.849998474121094	50295	2022/09/08 
2022/09/12 	37.849998474121094	38.45000076293945	37.75	37.849998474121094	89294	2022/09/12 
2022/09/13 	39.79999923706055	39.79999923706055	38.20000076293945	38.29999923706055	15101	2022/09/13 
2022/09/14 	38.20000076293945	39.25	38.20000076293945	38.5	25802	2022/09/14 
2022/09/15 	39.150001525878906	39.25	38.20000076293945	38.5	29941	2022/09/15 
2022/09/16 	38.29999923706055	38.5	38.25	38.5	25021	2022/09/16 
2022/09/19 	38.5	38.5	38.5	38.5	0	2022/09/19 
2022/09/20 	38.5	38.5	38.5	38.5	0	2022/09/20 
2022/09/21 	38.5	38.5	38.5	38.5	0	2022/09/21 
2022/09/22 	38.5	38.5	38.5	38.5	0	2022/09/22 
2022/09/23 	38.5	38.5	38.5	38.5	0	2022/09/23 
2022/09/26 	36.04999923706055	36.150001525878906	35.04999923706055	35.95000076293945	156961	2022/09/26 
2022/09/27 	34.900001525878906	35.95000076293945	34.04999923706055	34.79999923706055	103103	2022/09/27 
2022/09/28 	35.099998474121094	35.20000076293945	34.0	34.25	75201	2022/09/28 
2022/09/29 	34.150001525878906	34.95000076293945	33.849998474121094	34.95000076293945	69101	2022/09/29 
2022/09/30 	33.29999923706055	34.20000076293945	33.25	33.25	116103	2022/09/30 
2022/10/03 	34.95000076293945	34.95000076293945	32.900001525878906	33.25	55101	2022/10/03 
2022/10/04 	34.099998474121094	34.099998474121094	33.25	33.599998474121094	28001	2022/10/04 
2022/10/05 	33.650001525878906	34.150001525878906	33.5	33.95000076293945	25301	2022/10/05 
2022/10/06 	34.099998474121094	34.650001525878906	33.900001525878906	34.45000076293945	33603	2022/10/06 
2022/10/07 	34.650001525878906	35.099998474121094	34.599998474121094	34.599998474121094	23202	2022/10/07 
2022/10/11 	34.04999923706055	34.04999923706055	32.79999923706055	33.849998474121094	35302	2022/10/11 
2022/10/12 	34.0	34.45000076293945	33.0	34.25	48096	2022/10/12 
2022/10/13 	34.29999923706055	35.20000076293945	33.54999923706055	34.650001525878906	48609	2022/10/13 
2022/10/14 	34.70000076293945	34.900001525878906	33.400001525878906	34.849998474121094	4253	2022/10/14 
2022/10/17 	34.900001525878906	34.900001525878906	31.799999237060547	33.400001525878906	54006	2022/10/17 
2022/10/18 	34.29999923706055	34.29999923706055	33.0	33.599998474121094	25152	2022/10/18 
2022/10/19 	33.54999923706055	33.849998474121094	32.900001525878906	32.900001525878906	2004	2022/10/19 
2022/10/20 	33.79999923706055	33.79999923706055	32.849998474121094	33.20000076293945	25001	2022/10/20 
2022/10/21 	33.79999923706055	33.79999923706055	32.79999923706055	32.95000076293945	12051	2022/10/21 
2022/10/24 	33.70000076293945	33.95000076293945	32.150001525878906	33.650001525878906	51123	2022/10/24 
2022/10/25 	32.95000076293945	33.849998474121094	32.849998474121094	33.0	27003	2022/10/25 
2022/10/26 	32.25	34.099998474121094	32.25	33.0	26011	2022/10/26 
2022/10/27 	33.150001525878906	33.20000076293945	33.0	33.0	26611	2022/10/27 
2022/10/28 	33.150001525878906	33.5	33.0	33.45000076293945	24011	2022/10/28 
2022/10/31 	33.5	34.70000076293945	33.349998474121094	34.54999923706055	18011	2022/10/31 
2022/11/01 	34.5	34.5	33.349998474121094	34.20000076293945	6011	2022/11/01 
2022/11/02 	34.150001525878906	38.54999923706055	34.150001525878906	37.599998474121094	158930	2022/11/02 
2022/11/03 	36.04999923706055	37.599998474121094	34.849998474121094	37.150001525878906	80191	2022/11/03 
2022/11/04 	37.20000076293945	37.20000076293945	35.75	36.849998474121094	115008	2022/11/04 
2022/11/07 	37.25	37.599998474121094	36.150001525878906	37.400001525878906	160923	2022/11/07 
2022/11/08 	37.29999923706055	37.599998474121094	36.849998474121094	37.25	113067	2022/11/08 
2022/11/09 	37.20000076293945	38.150001525878906	36.900001525878906	38.099998474121094	70713	2022/11/09 
2022/11/10 	38.099998474121094	39.599998474121094	37.70000076293945	38.95000076293945	176663	2022/11/10 
2022/11/11 	39.0	40.150001525878906	38.650001525878906	40.099998474121094	164297	2022/11/11 
2022/11/14 	40.25	40.25	39.29999923706055	40.20000076293945	45304	2022/11/14 
2022/11/15 	40.20000076293945	40.25	39.349998474121094	40.150001525878906	90508	2022/11/15 
2022/11/16 	40.150001525878906	40.150001525878906	39.150001525878906	39.650001525878906	116087	2022/11/16 
2022/11/17 	39.95000076293945	39.95000076293945	39.04999923706055	39.599998474121094	56616	2022/11/17 
2022/11/18 	39.650001525878906	39.75	38.45000076293945	39.04999923706055	80212	2022/11/18 
2022/11/21 	39.0	40.0	38.5	39.29999923706055	41906	2022/11/21 
2022/11/22 	39.45000076293945	39.70000076293945	38.0	38.349998474121094	95074	2022/11/22 
2022/11/23 	38.349998474121094	39.650001525878906	37.849998474121094	38.45000076293945	96914	2022/11/23 
2022/11/24 	38.599998474121094	38.599998474121094	36.79999923706055	37.650001525878906	111779	2022/11/24 
2022/11/25 	37.70000076293945	38.150001525878906	35.849998474121094	38.04999923706055	78582	2022/11/25 
2022/11/28 	38.04999923706055	38.04999923706055	37.0	37.849998474121094	45252	2022/11/28 
2022/11/29 	37.79999923706055	38.5	37.599998474121094	38.5	72564	2022/11/29 
2022/11/30 	38.95000076293945	44.04999923706055	38.5	41.849998474121094	497363	2022/11/30 
2022/12/01 	42.5	43.099998474121094	40.0	40.099998474121094	341484	2022/12/01 
2022/12/02 	41.0	41.650001525878906	40.150001525878906	41.650001525878906	190718	2022/12/02 
2022/12/05 	42.0	42.099998474121094	40.5	41.0	272478	2022/12/05 
2022/12/06 	41.54999923706055	42.099998474121094	41.0	41.70000076293945	461187	2022/12/06 
2022/12/07 	41.79999923706055	41.79999923706055	41.0	41.150001525878906	263676	2022/12/07 
2022/12/08 	41.45000076293945	41.599998474121094	40.75	41.599998474121094	155707	2022/12/08 
2022/12/09 	41.349998474121094	41.54999923706055	40.849998474121094	41.20000076293945	229978	2022/12/09 
2022/12/12 	41.5	41.5	40.54999923706055	40.75	212811	2022/12/12 
2022/12/13 	40.900001525878906	41.349998474121094	40.75	41.20000076293945	179592	2022/12/13 
2022/12/14 	40.900001525878906	41.599998474121094	40.900001525878906	41.099998474121094	136291	2022/12/14 
2022/12/15 	39.400001525878906	48.0	38.349998474121094	48.0	6631706	2022/12/15 
2022/12/16 	43.400001525878906	45.150001525878906	42.0	44.5	4849822	2022/12/16 
2022/12/19 	44.0	44.0	39.54999923706055	41.45000076293945	3041300	2022/12/19 
2022/12/20 	41.400001525878906	43.599998474121094	40.79999923706055	41.349998474121094	1172552	2022/12/20 
2022/12/21 	41.75	42.79999923706055	40.79999923706055	42.099998474121094	1001652	2022/12/21 
2022/12/22 	42.099998474121094	42.29999923706055	40.95000076293945	41.349998474121094	669006	2022/12/22 
2022/12/23 	41.0	41.400001525878906	40.5	40.75	465020	2022/12/23 
2022/12/26 	40.79999923706055	40.79999923706055	39.150001525878906	40.04999923706055	554000	2022/12/26 
2022/12/27 	40.04999923706055	40.349998474121094	39.5	40.0	335000	2022/12/27 
2022/12/28 	39.20000076293945	40.5	39.20000076293945	39.45000076293945	328000	2022/12/28 
2022/12/29 	39.5	39.79999923706055	39.29999923706055	39.45000076293945	178194	2022/12/29 
2022/12/30 	40.349998474121094	40.349998474121094	39.29999923706055	39.5	185001	2022/12/30 
2023/01/03 	39.5	41.150001525878906	39.400001525878906	40.900001525878906	469040	2023/01/03 
2023/01/04 	40.900001525878906	44.20000076293945	40.900001525878906	43.0	1698600	2023/01/04 
2023/01/05 	42.900001525878906	43.29999923706055	42.0	42.400001525878906	833109	2023/01/05 
2023/01/06 	42.400001525878906	42.54999923706055	40.900001525878906	41.20000076293945	524214	2023/01/06 
2023/01/09 	41.04999923706055	41.45000076293945	40.0	40.95000076293945	720171	2023/01/09 
2023/01/10 	39.75	42.0	39.75	41.25	452100	2023/01/10 
2023/01/11 	41.0	41.400001525878906	40.95000076293945	41.400001525878906	125120	2023/01/11 
2023/01/12 	41.099998474121094	41.45000076293945	41.099998474121094	41.25	85000	2023/01/12 
2023/01/13 	41.900001525878906	41.95000076293945	41.29999923706055	41.349998474121094	185000	2023/01/13 
2023/01/16 	41.400001525878906	44.0	41.400001525878906	43.04999923706055	1084000	2023/01/16 
2023/01/17 	42.599998474121094	43.5	42.29999923706055	42.900001525878906	580000	2023/01/17 
2023/01/30 	44.400001525878906	47.150001525878906	43.0	47.150001525878906	3300258	2023/01/30 
2023/01/31 	46.900001525878906	51.0	46.0	49.349998474121094	2245350	2023/01/31 
2023/02/01 	48.95000076293945	49.599998474121094	48.0	49.29999923706055	985680	2023/02/01 
2023/02/02 	49.099998474121094	49.099998474121094	47.599998474121094	48.599998474121094	924000	2023/02/02 
2023/02/03 	48.29999923706055	49.150001525878906	47.599998474121094	48.0	833300	2023/02/03 
2023/02/06 	47.25	48.400001525878906	47.0	48.20000076293945	512524	2023/02/06 
2023/02/07 	47.150001525878906	48.150001525878906	46.25	47.599998474121094	1458300	2023/02/07 
2023/02/08 	47.5	47.75	46.54999923706055	47.70000076293945	1528001	2023/02/08 
2023/02/09 	47.400001525878906	49.849998474121094	47.099998474121094	49.849998474121094	1228092	2023/02/09 
2023/02/10 	49.95000076293945	49.95000076293945	47.349998474121094	47.349998474121094	1098250	2023/02/10 
2023/02/13 	47.599998474121094	47.599998474121094	46.54999923706055	46.95000076293945	459500	2023/02/13 
2023/02/14 	47.5	47.5	45.29999923706055	45.400001525878906	910200	2023/02/14 
2023/02/15 	45.400001525878906	46.349998474121094	44.54999923706055	45.650001525878906	502000	2023/02/15 
2023/02/16 	45.650001525878906	47.0	45.650001525878906	46.79999923706055	398000	2023/02/16 
2023/02/17 	46.5	47.70000076293945	46.099998474121094	47.04999923706055	411000	2023/02/17 
2023/02/20 	47.150001525878906	47.400001525878906	46.20000076293945	46.5	490000	2023/02/20 
2023/02/21 	46.5	46.599998474121094	45.0	45.79999923706055	730000	2023/02/21 
2023/02/22 	45.79999923706055	45.79999923706055	45.0	45.650001525878906	390000	2023/02/22 
2023/02/23 	46.0	47.349998474121094	45.79999923706055	46.900001525878906	433106	2023/02/23 
2023/02/24 	47.29999923706055	47.29999923706055	45.650001525878906	46.0	399500	2023/02/24 
2023/03/01 	46.0	46.5	45.20000076293945	45.5	207000	2023/03/01 
2023/03/02 	45.900001525878906	45.900001525878906	45.04999923706055	45.349998474121094	406006	2023/03/02 
2023/03/03 	45.54999923706055	46.5	45.25	46.20000076293945	429001	2023/03/03 
2023/03/06 	46.599998474121094	49.5	46.599998474121094	49.5	1289044	2023/03/06 
2023/03/07 	49.5	50.0	48.349998474121094	48.79999923706055	1068211	2023/03/07 
2023/03/08 	48.150001525878906	48.150001525878906	46.5	47.150001525878906	1096050	2023/03/08 
2023/03/09 	47.349998474121094	47.75	46.70000076293945	46.70000076293945	431022	2023/03/09 
2023/03/10 	45.75	46.5	45.20000076293945	45.29999923706055	729273	2023/03/10 
2023/03/13 	45.0	45.0	43.5	43.95000076293945	766025	2023/03/13 
2023/03/14 	44.0	44.25	43.29999923706055	43.45000076293945	391000	2023/03/14 
2023/03/15 	43.900001525878906	44.45000076293945	43.79999923706055	44.0	244000	2023/03/15 
2023/03/16 	43.29999923706055	43.29999923706055	41.79999923706055	41.900001525878906	657001	2023/03/16 
2023/03/17 	43.0	43.45000076293945	42.5	43.45000076293945	178000	2023/03/17 
2023/03/20 	43.5	43.5	42.900001525878906	43.099998474121094	111000	2023/03/20 
2023/03/21 	43.29999923706055	43.400001525878906	42.75	42.95000076293945	253000	2023/03/21 
2023/03/22 	43.20000076293945	43.75	43.150001525878906	43.54999923706055	191100	2023/03/22 
2023/03/23 	43.04999923706055	46.45000076293945	42.900001525878906	46.20000076293945	663110	2023/03/23 
2023/03/24 	46.29999923706055	47.400001525878906	45.70000076293945	46.400001525878906	761100	2023/03/24 
2023/03/27 	47.0	47.75	46.79999923706055	47.75	962123	2023/03/27 
2023/03/28 	48.45000076293945	52.5	47.54999923706055	52.5	4700967	2023/03/28 
2023/03/29 	53.0	57.70000076293945	53.0	57.70000076293945	6319025	2023/03/29 
2023/03/30 	59.20000076293945	60.900001525878906	55.599998474121094	59.400001525878906	5030700	2023/03/30 
2023/03/31 	60.099998474121094	65.0	59.70000076293945	62.29999923706055	4585130	2023/03/31 
2023/04/06 	59.599998474121094	63.599998474121094	58.70000076293945	62.79999923706055	3515228	2023/04/06 
2023/04/07 	63.0	69.0	61.20000076293945	69.0	3723078	2023/04/07 
2023/04/10 	68.19999694824219	68.19999694824219	62.20000076293945	64.19999694824219	5173121	2023/04/10 
2023/04/11 	63.400001525878906	65.5	62.20000076293945	64.0999984741211	2207000	2023/04/11 
2023/04/12 	64.30000305175781	64.5	62.70000076293945	63.400001525878906	1372020	2023/04/12 
2023/04/13 	63.29999923706055	64.4000015258789	62.20000076293945	62.599998474121094	1459000	2023/04/13 
2023/04/14 	62.20000076293945	65.30000305175781	62.20000076293945	64.30000305175781	1750119	2023/04/14 
2023/04/17 	63.5	63.599998474121094	61.79999923706055	61.79999923706055	1634312	2023/04/17 
2023/04/18 	61.400001525878906	62.0	57.79999923706055	58.5	2078120	2023/04/18 
2023/04/19 	58.5	60.29999923706055	58.20000076293945	59.599998474121094	973535	2023/04/19 
2023/04/20 	59.099998474121094	59.29999923706055	54.5	55.099998474121094	1704646	2023/04/20 
2023/04/21 	55.29999923706055	55.400001525878906	51.400001525878906	52.0	1152100	2023/04/21 
2023/04/24 	51.900001525878906	54.79999923706055	51.900001525878906	51.900001525878906	593020	2023/04/24 
2023/04/25 	52.099998474121094	52.29999923706055	50.0	50.29999923706055	790056	2023/04/25 
2023/04/26 	49.79999923706055	49.900001525878906	48.5	49.25	687200	2023/04/26 
2023/04/27 	49.25	49.79999923706055	48.150001525878906	49.70000076293945	437005	2023/04/27 
2023/04/28 	50.099998474121094	51.79999923706055	49.5	51.0	706000	2023/04/28 
2023/05/02 	50.79999923706055	50.79999923706055	49.349998474121094	49.70000076293945	516300	2023/05/02 
2023/05/03 	49.29999923706055	49.29999923706055	48.5	48.5	474008	2023/05/03 
2023/05/04 	48.650001525878906	50.0	48.650001525878906	50.0	323100	2023/05/04 
2023/05/05 	50.0	52.599998474121094	50.0	51.0	813000	2023/05/05 
2023/05/08 	51.79999923706055	52.0	50.099998474121094	50.099998474121094	538100	2023/05/08 
2023/05/09 	50.099998474121094	50.29999923706055	48.599998474121094	48.70000076293945	391081	2023/05/09 
2023/05/10 	49.599998474121094	49.75	48.599998474121094	49.099998474121094	260000	2023/05/10 
2023/05/11 	49.400001525878906	49.400001525878906	46.29999923706055	46.400001525878906	589000	2023/05/11 
2023/05/12 	46.29999923706055	47.099998474121094	46.099998474121094	47.0	238000	2023/05/12 
2023/05/15 	47.0	47.900001525878906	46.650001525878906	47.20000076293945	201010	2023/05/15 
2023/05/16 	47.79999923706055	48.29999923706055	47.25	47.54999923706055	240000	2023/05/16 
2023/05/17 	47.599998474121094	48.29999923706055	47.599998474121094	48.0	225006	2023/05/17 
2023/05/18 	48.599998474121094	48.599998474121094	47.650001525878906	48.25	268000	2023/05/18 
2023/05/19 	48.79999923706055	48.79999923706055	47.54999923706055	47.849998474121094	289034	2023/05/19 
2023/05/22 	47.95000076293945	48.599998474121094	47.70000076293945	48.599998474121094	184000	2023/05/22 
2023/05/23 	48.70000076293945	49.25	48.349998474121094	49.0	275060	2023/05/23 
2023/05/24 	49.099998474121094	49.70000076293945	48.900001525878906	49.099998474121094	351000	2023/05/24 
2023/05/25 	49.20000076293945	49.20000076293945	48.099998474121094	48.45000076293945	224000	2023/05/25 
2023/05/26 	49.0	49.0	47.0	47.0	368300	2023/05/26 
2023/05/29 	47.0	48.650001525878906	46.849998474121094	48.20000076293945	316000	2023/05/29 
2023/05/30 	48.45000076293945	49.20000076293945	48.400001525878906	48.5	222445	2023/05/30 
2023/05/31 	48.79999923706055	48.79999923706055	47.70000076293945	48.0	234017	2023/05/31 
2023/06/01 	48.099998474121094	48.599998474121094	47.70000076293945	48.20000076293945	245000	2023/06/01 
2023/06/02 	48.900001525878906	48.900001525878906	47.900001525878906	47.900001525878906	302000	2023/06/02 
2023/06/05 	48.400001525878906	48.400001525878906	47.70000076293945	48.0	225000	2023/06/05 
2023/06/06 	47.70000076293945	47.75	46.45000076293945	46.5	641000	2023/06/06 
2023/06/07 	46.54999923706055	47.20000076293945	46.54999923706055	46.650001525878906	194000	2023/06/07 
2023/06/08 	46.650001525878906	46.650001525878906	45.650001525878906	45.650001525878906	341020	2023/06/08 
2023/06/09 	45.650001525878906	45.70000076293945	45.099998474121094	45.150001525878906	238050	2023/06/09 
2023/06/12 	45.599998474121094	45.599998474121094	44.20000076293945	44.20000076293945	282000	2023/06/12 
2023/06/13 	44.45000076293945	47.150001525878906	44.150001525878906	45.900001525878906	508010	2023/06/13 
2023/06/14 	45.900001525878906	45.900001525878906	44.75	45.099998474121094	362000	2023/06/14 
2023/06/15 	44.900001525878906	45.150001525878906	44.54999923706055	44.70000076293945	208005	2023/06/15 
2023/06/16 	44.79999923706055	46.099998474121094	44.54999923706055	46.099998474121094	331170	2023/06/16 
2023/06/19 	46.150001525878906	46.150001525878906	45.5	45.54999923706055	176000	2023/06/19 
2023/06/20 	46.04999923706055	46.04999923706055	45.0	45.20000076293945	122000	2023/06/20 
2023/06/21 	46.29999923706055	48.70000076293945	46.0	46.70000076293945	1326213	2023/06/21 
