Date	Open	High	Low	Close	Volume	Date
2021/01/06 	91.0	91.0	91.0	91.0	20349157	2021/01/06 
2021/01/07 	91.19999694824219	91.19999694824219	83.0	83.80000305175781	53098016	2021/01/07 
2021/01/08 	84.5	85.80000305175781	83.4000015258789	84.5	15210052	2021/01/08 
2021/01/11 	84.9000015258789	85.0	82.0999984741211	82.80000305175781	11149368	2021/01/11 
2021/01/12 	83.19999694824219	83.30000305175781	77.0	77.4000015258789	20177357	2021/01/12 
2021/01/13 	77.80000305175781	81.69999694824219	77.80000305175781	80.5	11703193	2021/01/13 
2021/01/14 	80.80000305175781	82.69999694824219	80.0999984741211	82.30000305175781	7661125	2021/01/14 
2021/01/15 	82.80000305175781	82.80000305175781	79.4000015258789	79.9000015258789	8550904	2021/01/15 
2021/01/18 	79.80000305175781	83.5	77.69999694824219	82.30000305175781	11713632	2021/01/18 
2021/01/19 	82.4000015258789	84.19999694824219	82.30000305175781	84.0	12181030	2021/01/19 
2021/01/20 	85.5	90.19999694824219	84.5	85.0	36974759	2021/01/20 
2021/01/21 	86.5	87.4000015258789	85.0999984741211	85.19999694824219	11657676	2021/01/21 
2021/01/22 	86.4000015258789	88.5999984741211	86.0999984741211	88.30000305175781	19058500	2021/01/22 
2021/01/25 	88.4000015258789	88.4000015258789	85.19999694824219	86.19999694824219	11281977	2021/01/25 
2021/01/26 	86.5	87.0999984741211	83.69999694824219	83.80000305175781	9105895	2021/01/26 
2021/01/27 	84.80000305175781	84.9000015258789	83.0999984741211	84.9000015258789	5452108	2021/01/27 
2021/01/28 	83.0	83.9000015258789	82.30000305175781	83.0999984741211	11173073	2021/01/28 
2021/01/29 	83.9000015258789	84.4000015258789	82.5	82.5	8665978	2021/01/29 
2021/02/01 	82.80000305175781	82.80000305175781	80.19999694824219	80.80000305175781	8172147	2021/02/01 
2021/02/02 	81.5	82.19999694824219	80.5999984741211	81.19999694824219	7310400	2021/02/02 
2021/02/03 	81.5999984741211	81.69999694824219	80.19999694824219	80.4000015258789	5628206	2021/02/03 
2021/02/04 	80.4000015258789	80.9000015258789	79.9000015258789	80.0	4169360	2021/02/04 
2021/02/05 	80.9000015258789	81.5	80.30000305175781	80.5999984741211	4642105	2021/02/05 
2021/02/17 	81.5999984741211	84.19999694824219	81.0999984741211	84.19999694824219	10580862	2021/02/17 
2021/02/18 	83.80000305175781	85.0	83.4000015258789	83.80000305175781	7244306	2021/02/18 
2021/02/19 	84.30000305175781	85.4000015258789	84.0	84.0	7662568	2021/02/19 
2021/02/22 	85.0999984741211	86.5999984741211	84.5999984741211	85.19999694824219	10040533	2021/02/22 
2021/02/23 	85.30000305175781	86.19999694824219	84.5999984741211	85.5	8243038	2021/02/23 
2021/02/24 	85.9000015258789	86.5999984741211	85.30000305175781	85.5	8796651	2021/02/24 
2021/02/25 	86.9000015258789	87.30000305175781	85.30000305175781	86.0999984741211	11477436	2021/02/25 
2021/02/26 	85.0	85.80000305175781	84.5	85.80000305175781	8079543	2021/02/26 
2021/03/02 	86.9000015258789	87.19999694824219	84.5	84.69999694824219	9114173	2021/03/02 
2021/03/03 	85.80000305175781	89.5	85.19999694824219	86.9000015258789	34591863	2021/03/03 
2021/03/04 	87.5	89.69999694824219	87.0999984741211	88.0	21222859	2021/03/04 
2021/03/05 	86.9000015258789	87.69999694824219	85.9000015258789	86.0	12264833	2021/03/05 
2021/03/08 	86.5	86.9000015258789	83.0	83.0999984741211	15564062	2021/03/08 
2021/03/09 	83.0	83.5	81.0999984741211	82.30000305175781	7925843	2021/03/09 
2021/03/10 	83.4000015258789	83.4000015258789	82.30000305175781	82.5	4929483	2021/03/10 
2021/03/11 	83.19999694824219	83.80000305175781	82.9000015258789	83.80000305175781	3926859	2021/03/11 
2021/03/12 	84.0999984741211	84.5	83.19999694824219	83.69999694824219	4145572	2021/03/12 
2021/03/15 	83.80000305175781	85.5999984741211	83.69999694824219	84.69999694824219	7039967	2021/03/15 
2021/03/16 	85.0	85.19999694824219	84.0999984741211	85.0	5466809	2021/03/16 
2021/03/17 	85.4000015258789	86.4000015258789	84.69999694824219	84.80000305175781	7014326	2021/03/17 
2021/03/18 	85.80000305175781	86.30000305175781	85.0999984741211	85.69999694824219	7525609	2021/03/18 
2021/03/19 	84.0	84.69999694824219	83.5	83.69999694824219	13466266	2021/03/19 
2021/03/22 	83.9000015258789	84.5	82.9000015258789	84.5	6479864	2021/03/22 
2021/03/23 	85.30000305175781	86.5	84.0	84.0999984741211	10961327	2021/03/23 
2021/03/24 	84.19999694824219	84.80000305175781	82.80000305175781	83.0999984741211	8930337	2021/03/24 
2021/03/25 	83.0	83.9000015258789	82.5999984741211	83.0	4089130	2021/03/25 
2021/03/26 	83.30000305175781	84.30000305175781	83.0999984741211	84.30000305175781	3397772	2021/03/26 
2021/03/29 	84.5	84.5999984741211	83.5	83.5	4811776	2021/03/29 
2021/03/30 	83.80000305175781	84.0	83.0	83.0	5251443	2021/03/30 
2021/03/31 	83.30000305175781	83.5	82.0	82.0999984741211	6344063	2021/03/31 
2021/04/01 	82.4000015258789	82.5999984741211	81.5	81.69999694824219	7885343	2021/04/01 
2021/04/07 	83.30000305175781	83.5	82.19999694824219	82.69999694824219	7071921	2021/04/07 
2021/04/08 	83.30000305175781	83.5999984741211	82.9000015258789	82.9000015258789	7404671	2021/04/08 
2021/04/09 	84.0	85.19999694824219	83.5	83.5999984741211	16619995	2021/04/09 
2021/04/12 	84.5	84.80000305175781	81.80000305175781	82.30000305175781	11981088	2021/04/12 
2021/04/13 	82.0999984741211	82.5	81.5999984741211	81.5999984741211	7690183	2021/04/13 
2021/04/14 	83.0	83.69999694824219	80.0999984741211	81.19999694824219	10505044	2021/04/14 
2021/04/15 	81.69999694824219	82.19999694824219	80.80000305175781	82.19999694824219	3633614	2021/04/15 
2021/04/16 	82.69999694824219	83.19999694824219	81.80000305175781	81.9000015258789	5681692	2021/04/16 
2021/04/19 	83.19999694824219	84.5	82.5	84.0	11173665	2021/04/19 
2021/04/20 	85.0	87.0	84.5999984741211	86.0	20971688	2021/04/20 
2021/04/21 	86.80000305175781	87.0	83.30000305175781	83.4000015258789	19569701	2021/04/21 
2021/04/22 	84.5999984741211	85.19999694824219	82.0	82.30000305175781	12482360	2021/04/22 
2021/04/23 	83.0999984741211	84.0	82.0999984741211	82.69999694824219	6593436	2021/04/23 
2021/04/26 	83.30000305175781	83.4000015258789	82.0999984741211	82.0999984741211	6024102	2021/04/26 
2021/04/27 	82.0999984741211	82.80000305175781	81.5999984741211	81.69999694824219	6318304	2021/04/27 
2021/04/28 	82.0	82.19999694824219	81.0	81.30000305175781	6159695	2021/04/28 
2021/04/29 	81.30000305175781	81.9000015258789	80.5999984741211	80.80000305175781	5372148	2021/04/29 
2021/05/03 	81.0	81.0999984741211	77.5	77.9000015258789	11658205	2021/05/03 
2021/05/04 	78.0999984741211	78.30000305175781	70.9000015258789	73.0	14164395	2021/05/04 
2021/05/05 	73.0	74.19999694824219	72.0	72.0	5496898	2021/05/05 
2021/05/06 	72.5999984741211	74.0	72.0999984741211	72.9000015258789	4728375	2021/05/06 
2021/05/07 	73.80000305175781	75.4000015258789	73.5	74.9000015258789	3874917	2021/05/07 
2021/05/10 	75.0999984741211	77.30000305175781	74.0	76.30000305175781	5663447	2021/05/10 
2021/05/11 	75.19999694824219	75.19999694824219	70.69999694824219	71.19999694824219	8227135	2021/05/11 
2021/05/12 	71.19999694824219	71.19999694824219	64.0999984741211	64.19999694824219	16241665	2021/05/12 
2021/05/13 	60.5	64.4000015258789	58.400001525878906	61.79999923706055	11347718	2021/05/13 
2021/05/14 	64.0	64.69999694824219	60.79999923706055	61.79999923706055	7396867	2021/05/14 
2021/05/17 	57.400001525878906	67.80000305175781	57.400001525878906	64.80000305175781	18993292	2021/05/17 
2021/05/18 	66.19999694824219	68.69999694824219	64.0	68.19999694824219	12774743	2021/05/18 
2021/05/19 	68.19999694824219	68.80000305175781	66.19999694824219	66.80000305175781	6504645	2021/05/19 
2021/05/20 	67.5999984741211	69.80000305175781	66.4000015258789	69.0999984741211	9363847	2021/05/20 
2021/05/21 	70.9000015258789	71.5	68.5999984741211	69.30000305175781	6110660	2021/05/21 
2021/05/24 	68.0999984741211	71.0	68.0999984741211	70.9000015258789	3749578	2021/05/24 
2021/05/25 	71.0	71.5999984741211	70.5	70.80000305175781	5567197	2021/05/25 
2021/05/26 	71.4000015258789	73.5	71.19999694824219	73.0999984741211	5455902	2021/05/26 
2021/05/27 	73.19999694824219	73.9000015258789	72.0999984741211	73.0999984741211	3868763	2021/05/27 
2021/05/28 	73.9000015258789	76.19999694824219	73.5999984741211	76.0	6481857	2021/05/28 
2021/05/31 	77.4000015258789	77.4000015258789	74.69999694824219	75.5	5285976	2021/05/31 
2021/06/01 	75.80000305175781	77.5	75.5	75.9000015258789	4438478	2021/06/01 
2021/06/02 	76.5	76.80000305175781	74.80000305175781	76.30000305175781	4777014	2021/06/02 
2021/06/03 	76.5	77.9000015258789	76.19999694824219	76.5	4834767	2021/06/03 
2021/06/04 	76.0999984741211	76.30000305175781	75.0	75.0999984741211	3095798	2021/06/04 
2021/06/07 	76.19999694824219	77.0	73.5999984741211	77.0	4460790	2021/06/07 
2021/06/08 	77.5	78.0	76.0	76.0999984741211	3487122	2021/06/08 
2021/06/09 	75.80000305175781	76.5999984741211	74.5	74.5999984741211	3540210	2021/06/09 
2021/06/10 	74.80000305175781	75.5999984741211	74.4000015258789	75.19999694824219	1958362	2021/06/10 
2021/06/11 	75.4000015258789	76.4000015258789	75.4000015258789	76.30000305175781	2376432	2021/06/11 
2021/06/15 	77.0	77.5	76.30000305175781	77.5	3156703	2021/06/15 
2021/06/16 	77.19999694824219	77.80000305175781	76.5999984741211	76.5999984741211	3007070	2021/06/16 
2021/06/17 	76.0999984741211	80.0	75.9000015258789	80.0	8220950	2021/06/17 
2021/06/18 	81.69999694824219	82.4000015258789	78.19999694824219	78.19999694824219	12966262	2021/06/18 
2021/06/21 	78.30000305175781	81.0	78.30000305175781	79.69999694824219	9751646	2021/06/21 
2021/06/22 	80.30000305175781	81.19999694824219	78.80000305175781	79.4000015258789	4948475	2021/06/22 
2021/06/23 	79.80000305175781	80.4000015258789	79.30000305175781	79.4000015258789	3714251	2021/06/23 
2021/06/24 	80.5999984741211	80.69999694824219	79.4000015258789	79.69999694824219	3896292	2021/06/24 
2021/06/25 	80.5	81.4000015258789	79.30000305175781	79.5999984741211	4833217	2021/06/25 
2021/06/28 	79.19999694824219	79.5999984741211	78.0999984741211	78.19999694824219	4516459	2021/06/28 
2021/06/29 	78.19999694824219	78.30000305175781	77.19999694824219	77.5	4353677	2021/06/29 
2021/06/30 	78.4000015258789	79.0999984741211	78.0999984741211	78.5	2748272	2021/06/30 
2021/07/01 	78.69999694824219	79.19999694824219	76.5	76.69999694824219	3841200	2021/07/01 
2021/07/02 	77.0	78.69999694824219	76.5999984741211	77.80000305175781	2883140	2021/07/02 
2021/07/05 	78.69999694824219	79.5999984741211	78.19999694824219	79.0999984741211	3072124	2021/07/05 
2021/07/06 	79.0999984741211	79.30000305175781	78.0	78.0	2526315	2021/07/06 
2021/07/07 	78.4000015258789	78.4000015258789	76.9000015258789	77.0	3338833	2021/07/07 
2021/07/08 	77.4000015258789	78.19999694824219	77.0999984741211	77.0999984741211	1788393	2021/07/08 
2021/07/09 	77.0	77.69999694824219	76.30000305175781	76.30000305175781	2818065	2021/07/09 
2021/07/12 	77.69999694824219	78.80000305175781	77.0999984741211	78.30000305175781	4316472	2021/07/12 
2021/07/13 	78.69999694824219	79.19999694824219	77.19999694824219	77.5	3768115	2021/07/13 
2021/07/14 	78.0	78.0	75.5	75.9000015258789	4782626	2021/07/14 
2021/07/15 	76.0999984741211	76.5	75.5999984741211	76.0	2114625	2021/07/15 
2021/07/16 	75.19999694824219	77.0999984741211	75.19999694824219	76.0	1847720	2021/07/16 
2021/07/19 	75.5	76.0999984741211	74.69999694824219	74.80000305175781	3553075	2021/07/19 
2021/07/20 	73.5999984741211	74.0999984741211	71.4000015258789	72.0999984741211	5028740	2021/07/20 
2021/07/21 	73.9000015258789	73.9000015258789	71.0	71.19999694824219	3656073	2021/07/21 
2021/07/22 	72.4000015258789	76.4000015258789	72.4000015258789	75.19999694824219	5891952	2021/07/22 
2021/07/23 	76.69999694824219	82.69999694824219	76.0	80.19999694824219	36612642	2021/07/23 
2021/07/26 	81.5	82.5	79.5	82.30000305175781	16954951	2021/07/26 
2021/07/27 	83.69999694824219	85.0	81.0	81.69999694824219	23495727	2021/07/27 
2021/07/28 	82.0	82.30000305175781	76.5999984741211	79.4000015258789	11116411	2021/07/28 
2021/07/29 	80.80000305175781	84.0	80.80000305175781	83.80000305175781	19167818	2021/07/29 
2021/07/30 	84.4000015258789	86.5	81.5	82.0	27365731	2021/07/30 
2021/08/02 	83.4000015258789	84.5999984741211	82.4000015258789	84.30000305175781	13787557	2021/08/02 
2021/08/03 	84.9000015258789	85.4000015258789	83.0999984741211	83.5	7636673	2021/08/03 
2021/08/04 	84.4000015258789	84.69999694824219	83.19999694824219	84.4000015258789	9013983	2021/08/04 
2021/08/05 	85.0999984741211	86.0999984741211	83.80000305175781	84.0	13053299	2021/08/05 
2021/08/06 	83.0	83.30000305175781	80.5	80.80000305175781	12119621	2021/08/06 
2021/08/09 	79.80000305175781	80.80000305175781	77.30000305175781	77.4000015258789	11567906	2021/08/09 
2021/08/10 	77.4000015258789	78.0	74.0	74.9000015258789	9915121	2021/08/10 
2021/08/11 	75.9000015258789	76.19999694824219	73.0999984741211	73.9000015258789	7860975	2021/08/11 
2021/08/12 	75.0999984741211	76.0	74.30000305175781	76.0	4473524	2021/08/12 
2021/08/13 	83.5999984741211	83.5999984741211	80.5	81.4000015258789	44322839	2021/08/13 
2021/08/16 	81.30000305175781	84.0	80.69999694824219	83.9000015258789	29375595	2021/08/16 
2021/08/17 	84.30000305175781	85.5999984741211	83.0	84.0	31570310	2021/08/17 
2021/08/18 	83.0	83.5	78.0	81.19999694824219	29259368	2021/08/18 
2021/08/19 	80.0	80.0	74.9000015258789	74.9000015258789	23070749	2021/08/19 
2021/08/20 	75.30000305175781	76.4000015258789	73.0999984741211	73.30000305175781	12555005	2021/08/20 
2021/08/23 	74.5	75.69999694824219	73.80000305175781	75.69999694824219	8046021	2021/08/23 
2021/08/24 	76.5	76.5	73.5999984741211	73.9000015258789	9613929	2021/08/24 
2021/08/25 	74.4000015258789	77.0999984741211	74.30000305175781	76.5	11134948	2021/08/25 
2021/08/26 	76.9000015258789	77.4000015258789	74.80000305175781	75.19999694824219	6817341	2021/08/26 
2021/08/27 	75.19999694824219	76.30000305175781	74.5999984741211	76.0999984741211	5037042	2021/08/27 
2021/08/30 	76.5999984741211	76.9000015258789	75.80000305175781	76.30000305175781	3022324	2021/08/30 
2021/08/31 	77.0999984741211	78.19999694824219	76.5	77.30000305175781	9384004	2021/08/31 
2021/09/01 	76.69999694824219	78.4000015258789	76.19999694824219	78.30000305175781	6626700	2021/09/01 
2021/09/02 	78.80000305175781	79.0999984741211	76.80000305175781	76.80000305175781	7136499	2021/09/02 
2021/09/03 	77.5	77.5999984741211	75.9000015258789	76.5999984741211	5935436	2021/09/03 
2021/09/06 	76.9000015258789	76.9000015258789	74.19999694824219	74.19999694824219	6322123	2021/09/06 
2021/09/07 	74.9000015258789	75.5999984741211	73.80000305175781	74.30000305175781	4936136	2021/09/07 
2021/09/08 	74.0999984741211	74.30000305175781	71.4000015258789	72.0	7625144	2021/09/08 
2021/09/09 	71.5	72.9000015258789	71.4000015258789	72.80000305175781	2998111	2021/09/09 
2021/09/10 	73.0999984741211	73.9000015258789	72.5999984741211	73.80000305175781	2306151	2021/09/10 
2021/09/13 	73.9000015258789	74.19999694824219	73.0	73.0999984741211	2126962	2021/09/13 
2021/09/14 	73.5	74.0	72.9000015258789	73.80000305175781	2164902	2021/09/14 
2021/09/15 	73.80000305175781	74.0999984741211	71.5999984741211	71.80000305175781	6596543	2021/09/15 
2021/09/16 	72.0999984741211	72.30000305175781	70.80000305175781	71.0999984741211	3891075	2021/09/16 
2021/09/17 	71.19999694824219	72.19999694824219	70.0	71.80000305175781	5146471	2021/09/17 
2021/09/22 	70.4000015258789	70.5	69.5999984741211	69.80000305175781	4897638	2021/09/22 
2021/09/23 	70.80000305175781	71.5	69.0	69.5999984741211	5354314	2021/09/23 
2021/09/24 	70.4000015258789	72.80000305175781	70.4000015258789	72.4000015258789	5407957	2021/09/24 
2021/09/27 	72.5999984741211	73.4000015258789	72.19999694824219	72.30000305175781	3457053	2021/09/27 
2021/09/28 	72.0	72.0	71.0999984741211	71.19999694824219	2112962	2021/09/28 
2021/09/29 	70.0	70.5	69.5	70.0	3770106	2021/09/29 
2021/09/30 	70.30000305175781	71.0999984741211	69.4000015258789	71.0	2594628	2021/09/30 
2021/10/01 	70.4000015258789	70.4000015258789	68.0	68.0999984741211	4826963	2021/10/01 
2021/10/04 	68.69999694824219	69.5999984741211	67.0	67.0999984741211	4503444	2021/10/04 
2021/10/05 	65.5999984741211	68.9000015258789	65.5	68.9000015258789	3698768	2021/10/05 
2021/10/06 	68.9000015258789	69.0	65.9000015258789	67.0	5342306	2021/10/06 
2021/10/07 	67.80000305175781	69.19999694824219	67.0999984741211	69.0	3451078	2021/10/07 
2021/10/08 	68.80000305175781	70.19999694824219	68.69999694824219	69.4000015258789	3041056	2021/10/08 
2021/10/12 	68.5999984741211	69.19999694824219	67.80000305175781	67.9000015258789	2138223	2021/10/12 
2021/10/13 	68.5	69.0	66.9000015258789	66.9000015258789	2120295	2021/10/13 
2021/10/14 	67.0999984741211	67.80000305175781	66.4000015258789	67.5	2065739	2021/10/14 
2021/10/15 	68.0999984741211	70.5	68.0999984741211	70.4000015258789	4167084	2021/10/15 
2021/10/18 	71.5	71.69999694824219	69.80000305175781	70.19999694824219	3111783	2021/10/18 
2021/10/19 	71.19999694824219	73.0	70.80000305175781	72.5	6529942	2021/10/19 
2021/10/20 	73.30000305175781	73.5	71.9000015258789	72.5999984741211	3288557	2021/10/20 
2021/10/21 	72.5	73.0	70.9000015258789	71.80000305175781	3762868	2021/10/21 
2021/10/22 	72.0	73.30000305175781	71.30000305175781	72.5999984741211	2993287	2021/10/22 
2021/10/25 	72.5	73.0999984741211	71.9000015258789	72.80000305175781	1771371	2021/10/25 
2021/10/26 	73.30000305175781	73.5	71.5999984741211	71.5999984741211	2957377	2021/10/26 
2021/10/27 	71.9000015258789	73.30000305175781	71.9000015258789	72.9000015258789	3347391	2021/10/27 
2021/10/28 	73.0	74.0999984741211	72.9000015258789	73.0999984741211	4561888	2021/10/28 
2021/10/29 	74.0	74.0	72.5	73.0	2920575	2021/10/29 
2021/11/01 	74.0	76.80000305175781	73.5999984741211	76.80000305175781	9681705	2021/11/01 
2021/11/02 	77.0	77.5999984741211	74.5	74.80000305175781	9747135	2021/11/02 
2021/11/03 	75.0	76.5999984741211	74.69999694824219	76.0999984741211	4232586	2021/11/03 
2021/11/04 	77.80000305175781	77.80000305175781	76.5	76.5	6776645	2021/11/04 
2021/11/05 	77.5	77.5	76.0999984741211	76.9000015258789	5343746	2021/11/05 
2021/11/08 	76.5	76.80000305175781	74.30000305175781	76.5999984741211	6771041	2021/11/08 
2021/11/09 	76.30000305175781	76.9000015258789	75.5999984741211	75.9000015258789	2795262	2021/11/09 
2021/11/10 	76.30000305175781	80.9000015258789	75.9000015258789	80.9000015258789	27352320	2021/11/10 
2021/11/11 	80.0	81.9000015258789	79.0	80.9000015258789	28461818	2021/11/11 
2021/11/12 	80.5	81.80000305175781	77.0	77.0	25053314	2021/11/12 
2021/11/15 	77.69999694824219	78.80000305175781	77.4000015258789	77.5	6411615	2021/11/15 
2021/11/16 	78.0999984741211	79.19999694824219	77.30000305175781	77.30000305175781	7017222	2021/11/16 
2021/11/17 	78.19999694824219	79.30000305175781	77.80000305175781	78.69999694824219	7405306	2021/11/17 
2021/11/18 	79.30000305175781	80.0	78.9000015258789	79.0999984741211	7292343	2021/11/18 
2021/11/19 	79.9000015258789	80.0	78.5999984741211	79.0	5374200	2021/11/19 
2021/11/22 	79.69999694824219	81.69999694824219	79.5999984741211	80.4000015258789	12221808	2021/11/22 
2021/11/23 	80.0	83.5	79.5999984741211	80.19999694824219	16095271	2021/11/23 
2021/11/24 	80.0999984741211	80.80000305175781	78.30000305175781	78.69999694824219	7244847	2021/11/24 
2021/11/25 	79.0	79.19999694824219	77.5999984741211	78.0	4531433	2021/11/25 
2021/11/26 	78.69999694824219	78.69999694824219	75.80000305175781	76.0	8041817	2021/11/26 
2021/11/29 	74.69999694824219	76.0999984741211	73.80000305175781	75.30000305175781	6142325	2021/11/29 
2021/11/30 	76.0	78.80000305175781	75.9000015258789	77.4000015258789	6037794	2021/11/30 
2021/12/01 	76.5999984741211	79.80000305175781	76.5999984741211	79.5999984741211	5891826	2021/12/01 
2021/12/02 	79.69999694824219	82.5	78.9000015258789	79.0999984741211	15472401	2021/12/02 
2021/12/03 	80.5999984741211	81.30000305175781	79.19999694824219	79.4000015258789	5835061	2021/12/03 
2021/12/06 	79.80000305175781	81.0	79.0	80.19999694824219	4018104	2021/12/06 
2021/12/07 	80.5	80.80000305175781	79.0999984741211	79.30000305175781	3657143	2021/12/07 
2021/12/08 	80.0999984741211	80.4000015258789	78.30000305175781	78.30000305175781	5609190	2021/12/08 
2021/12/09 	78.9000015258789	79.69999694824219	78.30000305175781	78.5	4814542	2021/12/09 
2021/12/10 	79.0	79.0	77.0	77.30000305175781	6011288	2021/12/10 
2021/12/13 	78.0	79.5999984741211	77.80000305175781	79.5	5182187	2021/12/13 
2021/12/14 	78.80000305175781	78.80000305175781	76.69999694824219	76.80000305175781	6305803	2021/12/14 
2021/12/15 	76.80000305175781	77.5	76.5	76.9000015258789	2488117	2021/12/15 
2021/12/16 	77.5	78.30000305175781	77.19999694824219	78.0999984741211	4471841	2021/12/16 
2021/12/17 	77.80000305175781	77.9000015258789	76.19999694824219	76.5	4163242	2021/12/17 
2021/12/20 	76.5	76.80000305175781	75.5999984741211	75.80000305175781	2601463	2021/12/20 
2021/12/21 	76.0	76.5	75.80000305175781	76.0	1854620	2021/12/21 
2021/12/22 	76.5	76.69999694824219	75.80000305175781	75.9000015258789	2033975	2021/12/22 
2021/12/23 	76.4000015258789	77.0	76.19999694824219	76.80000305175781	2465289	2021/12/23 
2021/12/24 	77.0	77.4000015258789	76.0999984741211	76.19999694824219	2009154	2021/12/24 
2021/12/27 	77.0	77.80000305175781	76.5	77.5	3048744	2021/12/27 
2021/12/28 	78.0	78.4000015258789	76.5999984741211	76.69999694824219	2964632	2021/12/28 
2021/12/29 	77.0	77.5999984741211	76.80000305175781	77.0999984741211	1636529	2021/12/29 
2021/12/30 	77.0999984741211	77.30000305175781	76.30000305175781	76.69999694824219	1659160	2021/12/30 
2022/01/03 	77.30000305175781	79.0	77.0999984741211	79.0	6601804	2022/01/03 
2022/01/04 	79.0	79.5	77.9000015258789	79.4000015258789	5202058	2022/01/04 
2022/01/05 	79.9000015258789	84.9000015258789	79.5999984741211	84.0999984741211	43200916	2022/01/05 
2022/01/06 	83.0	86.0	82.0	85.19999694824219	34156028	2022/01/06 
2022/01/07 	85.19999694824219	90.0	85.19999694824219	89.0999984741211	70880708	2022/01/07 
2022/01/10 	88.5999984741211	95.30000305175781	87.5	94.19999694824219	72347147	2022/01/10 
2022/01/11 	94.0	96.5	91.19999694824219	92.69999694824219	72474413	2022/01/11 
2022/01/12 	95.0999984741211	97.5	91.5999984741211	92.69999694824219	60688154	2022/01/12 
2022/01/13 	93.0	94.30000305175781	88.30000305175781	88.5999984741211	49420028	2022/01/13 
2022/01/14 	89.4000015258789	90.0	86.5999984741211	88.0	48058208	2022/01/14 
2022/01/17 	89.0	94.19999694824219	88.80000305175781	94.19999694824219	56939688	2022/01/17 
2022/01/18 	94.0999984741211	97.5	91.5999984741211	91.5999984741211	67291822	2022/01/18 
2022/01/19 	90.69999694824219	96.5	90.19999694824219	95.9000015258789	84120546	2022/01/19 
2022/01/20 	96.80000305175781	97.69999694824219	93.4000015258789	96.5	77516734	2022/01/20 
2022/01/21 	94.5999984741211	95.5999984741211	91.5	91.80000305175781	48377726	2022/01/21 
2022/01/24 	92.19999694824219	93.30000305175781	89.19999694824219	90.80000305175781	55930108	2022/01/24 
2022/01/25 	90.69999694824219	91.5999984741211	86.5999984741211	86.5999984741211	43545417	2022/01/25 
2022/01/26 	87.30000305175781	91.80000305175781	86.30000305175781	90.0	52107669	2022/01/26 
2022/02/07 	94.0	95.30000305175781	91.5	93.4000015258789	52398267	2022/02/07 
2022/02/08 	93.4000015258789	96.30000305175781	92.30000305175781	94.80000305175781	41619982	2022/02/08 
2022/02/09 	95.5999984741211	104.0	94.5999984741211	103.5	90597682	2022/02/09 
2022/02/10 	103.5	104.0	99.9000015258789	101.0	51784542	2022/02/10 
2022/02/11 	101.0	103.5	99.69999694824219	100.0	36963533	2022/02/11 
2022/02/14 	97.30000305175781	101.0	96.0	100.0	44681271	2022/02/14 
2022/02/15 	100.5	102.0	95.30000305175781	95.30000305175781	55919921	2022/02/15 
2022/02/16 	96.9000015258789	97.30000305175781	91.5	91.80000305175781	79610982	2022/02/16 
2022/02/17 	93.0	93.80000305175781	91.0	92.0	40586064	2022/02/17 
2022/02/18 	91.0	91.0	88.5	90.30000305175781	45027386	2022/02/18 
2022/02/21 	89.5	89.80000305175781	88.0999984741211	88.4000015258789	23985899	2022/02/21 
2022/02/22 	88.5	91.0999984741211	86.69999694824219	86.9000015258789	57234980	2022/02/22 
2022/02/23 	88.0	90.30000305175781	87.19999694824219	90.30000305175781	34003728	2022/02/23 
2022/02/24 	88.80000305175781	89.19999694824219	85.19999694824219	85.80000305175781	35675099	2022/02/24 
2022/02/25 	86.0	87.5	78.19999694824219	79.0	94158641	2022/02/25 
2022/03/01 	78.80000305175781	80.80000305175781	77.5	80.0999984741211	41640660	2022/03/01 
2022/03/02 	79.19999694824219	79.5999984741211	77.0999984741211	78.5	31219411	2022/03/02 
2022/03/03 	79.5	79.9000015258789	78.5999984741211	78.69999694824219	19292226	2022/03/03 
2022/03/04 	77.69999694824219	77.69999694824219	74.19999694824219	74.30000305175781	46630646	2022/03/04 
2022/03/07 	72.0999984741211	73.30000305175781	70.69999694824219	71.30000305175781	32886055	2022/03/07 
2022/03/08 	71.19999694824219	72.5999984741211	68.5999984741211	68.5999984741211	37029558	2022/03/08 
2022/03/09 	70.5	70.5	69.0	69.9000015258789	16454773	2022/03/09 
2022/03/10 	71.30000305175781	72.5	70.30000305175781	71.0	24393349	2022/03/10 
2022/03/11 	71.0	72.0	70.0999984741211	71.0999984741211	11120017	2022/03/11 
2022/03/14 	71.5	72.69999694824219	71.0	71.19999694824219	11487810	2022/03/14 
2022/03/15 	70.5999984741211	71.0	67.5999984741211	69.4000015258789	20175319	2022/03/15 
2022/03/16 	70.69999694824219	70.69999694824219	68.0	68.5	13988355	2022/03/16 
2022/03/17 	70.19999694824219	72.0	69.9000015258789	71.5999984741211	16240600	2022/03/17 
2022/03/18 	71.0999984741211	72.0	69.9000015258789	71.80000305175781	13347678	2022/03/18 
2022/03/21 	72.0999984741211	72.9000015258789	71.4000015258789	72.30000305175781	9966855	2022/03/21 
2022/03/22 	71.9000015258789	72.5	71.4000015258789	71.80000305175781	7339595	2022/03/22 
2022/03/23 	72.30000305175781	72.69999694824219	71.5	71.5999984741211	9546518	2022/03/23 
2022/03/24 	71.5	72.30000305175781	70.5999984741211	72.0999984741211	6836414	2022/03/24 
2022/03/25 	72.5	72.5	70.4000015258789	70.69999694824219	7833516	2022/03/25 
2022/03/28 	70.0	70.19999694824219	69.0999984741211	69.80000305175781	6332956	2022/03/28 
2022/03/29 	71.80000305175781	75.0	71.69999694824219	73.9000015258789	29324862	2022/03/29 
2022/03/30 	74.0	74.0999984741211	72.0999984741211	72.19999694824219	13918881	2022/03/30 
2022/03/31 	72.5999984741211	72.69999694824219	71.19999694824219	71.5	6089211	2022/03/31 
2022/04/01 	71.0	71.19999694824219	70.5	71.19999694824219	5065848	2022/04/01 
2022/04/06 	70.5999984741211	70.69999694824219	69.80000305175781	70.4000015258789	5488534	2022/04/06 
2022/04/07 	70.5	71.19999694824219	68.30000305175781	68.4000015258789	9407920	2022/04/07 
2022/04/08 	68.80000305175781	69.0	68.19999694824219	68.5999984741211	4688341	2022/04/08 
2022/04/11 	68.30000305175781	68.30000305175781	65.0	65.5	18920747	2022/04/11 
2022/04/12 	65.0	66.4000015258789	64.5999984741211	64.80000305175781	8299447	2022/04/12 
2022/04/13 	65.5999984741211	66.0	65.0	65.80000305175781	3848158	2022/04/13 
2022/04/14 	66.5999984741211	66.5999984741211	64.80000305175781	65.5	4775125	2022/04/14 
2022/04/15 	64.9000015258789	65.0	62.900001525878906	62.900001525878906	9694101	2022/04/15 
2022/04/18 	62.20000076293945	63.599998474121094	61.599998474121094	62.29999923706055	7553300	2022/04/18 
2022/04/19 	63.0	63.70000076293945	62.400001525878906	62.400001525878906	3493491	2022/04/19 
2022/04/20 	63.0	63.20000076293945	61.79999923706055	62.099998474121094	5556834	2022/04/20 
2022/04/21 	62.29999923706055	62.599998474121094	61.79999923706055	62.099998474121094	4764085	2022/04/21 
2022/04/22 	61.70000076293945	63.400001525878906	61.5	62.099998474121094	9502092	2022/04/22 
2022/04/25 	60.900001525878906	61.0	58.900001525878906	59.099998474121094	10693990	2022/04/25 
2022/04/26 	59.900001525878906	60.20000076293945	59.099998474121094	59.20000076293945	5924619	2022/04/26 
2022/04/27 	57.599998474121094	58.400001525878906	56.20000076293945	57.900001525878906	12546990	2022/04/27 
2022/04/28 	58.599998474121094	59.900001525878906	57.70000076293945	58.900001525878906	6743441	2022/04/28 
2022/04/29 	60.20000076293945	60.5	58.5	58.70000076293945	4979340	2022/04/29 
2022/05/03 	59.0	60.79999923706055	59.0	60.5	6465684	2022/05/03 
2022/05/04 	61.0	61.0	59.5	59.599998474121094	5174245	2022/05/04 
2022/05/05 	60.5	61.5	60.20000076293945	60.599998474121094	5933617	2022/05/05 
2022/05/06 	59.400001525878906	60.900001525878906	59.099998474121094	60.79999923706055	5111109	2022/05/06 
2022/05/09 	60.400001525878906	60.400001525878906	57.099998474121094	57.099998474121094	10446150	2022/05/09 
2022/05/10 	55.79999923706055	58.900001525878906	55.599998474121094	58.900001525878906	6394942	2022/05/10 
2022/05/11 	58.5	58.5	57.5	58.0	4061412	2022/05/11 
2022/05/12 	57.5	59.0	57.5	57.5	5457113	2022/05/12 
2022/05/13 	58.599998474121094	59.29999923706055	58.20000076293945	59.099998474121094	4228613	2022/05/13 
2022/05/16 	60.0	60.5	59.099998474121094	59.599998474121094	5495785	2022/05/16 
2022/05/17 	59.900001525878906	62.79999923706055	59.70000076293945	62.5	15044926	2022/05/17 
2022/05/18 	62.599998474121094	62.900001525878906	61.5	61.79999923706055	12555117	2022/05/18 
2022/05/19 	60.79999923706055	63.79999923706055	60.5	63.79999923706055	15681575	2022/05/19 
2022/05/20 	63.79999923706055	63.79999923706055	62.400001525878906	63.0	11704534	2022/05/20 
2022/05/23 	63.0	63.79999923706055	62.29999923706055	62.5	5934909	2022/05/23 
2022/05/24 	62.79999923706055	63.099998474121094	61.20000076293945	61.400001525878906	6061292	2022/05/24 
2022/05/25 	61.70000076293945	62.900001525878906	61.599998474121094	62.599998474121094	4711847	2022/05/25 
2022/05/26 	63.0	63.70000076293945	62.20000076293945	62.5	9212260	2022/05/26 
2022/05/27 	63.29999923706055	63.599998474121094	62.79999923706055	63.0	5436364	2022/05/27 
2022/05/30 	64.30000305175781	64.5999984741211	63.5	64.0999984741211	6529633	2022/05/30 
2022/05/31 	64.30000305175781	64.5999984741211	63.5	63.5	6739292	2022/05/31 
2022/06/01 	63.099998474121094	63.400001525878906	62.599998474121094	62.900001525878906	6859753	2022/06/01 
2022/06/02 	63.29999923706055	63.70000076293945	62.20000076293945	62.29999923706055	6246133	2022/06/02 
2022/06/06 	62.29999923706055	62.900001525878906	61.5	62.599998474121094	3965528	2022/06/06 
2022/06/07 	61.79999923706055	62.0	61.5	61.900001525878906	3494501	2022/06/07 
2022/06/08 	62.20000076293945	62.29999923706055	60.29999923706055	60.400001525878906	6456830	2022/06/08 
2022/06/09 	60.29999923706055	60.79999923706055	60.20000076293945	60.70000076293945	2410692	2022/06/09 
2022/06/10 	60.29999923706055	60.29999923706055	59.400001525878906	59.599998474121094	4416193	2022/06/10 
2022/06/13 	58.400001525878906	58.599998474121094	57.5	57.5	4973664	2022/06/13 
2022/06/14 	57.0	57.70000076293945	56.400001525878906	57.400001525878906	3971061	2022/06/14 
2022/06/15 	57.5	57.900001525878906	56.5	56.5	5319212	2022/06/15 
2022/06/16 	55.599998474121094	56.0	53.900001525878906	53.900001525878906	5630377	2022/06/16 
2022/06/17 	53.0	53.29999923706055	51.900001525878906	52.099998474121094	8082689	2022/06/17 
2022/06/20 	52.099998474121094	52.29999923706055	49.29999923706055	49.29999923706055	11607418	2022/06/20 
2022/06/21 	50.099998474121094	52.29999923706055	49.900001525878906	52.0	6980230	2022/06/21 
2022/06/22 	52.400001525878906	52.400001525878906	49.5	49.70000076293945	8226093	2022/06/22 
2022/06/23 	49.79999923706055	50.79999923706055	48.79999923706055	49.45000076293945	7372239	2022/06/23 
2022/06/24 	50.29999923706055	52.29999923706055	50.29999923706055	51.0	7009719	2022/06/24 
2022/06/27 	52.099998474121094	52.5	51.5	52.099998474121094	4487566	2022/06/27 
2022/06/28 	52.29999923706055	52.79999923706055	52.0	52.400001525878906	3950502	2022/06/28 
2022/06/29 	52.20000076293945	53.099998474121094	51.599998474121094	52.599998474121094	4428350	2022/06/29 
2022/06/30 	52.400001525878906	52.400001525878906	50.29999923706055	50.70000076293945	5760233	2022/06/30 
2022/07/01 	50.70000076293945	51.29999923706055	47.20000076293945	47.54999923706055	8572645	2022/07/01 
2022/07/04 	47.900001525878906	48.900001525878906	47.54999923706055	47.75	5026378	2022/07/04 
2022/07/05 	48.95000076293945	49.400001525878906	47.20000076293945	48.599998474121094	4590398	2022/07/05 
2022/07/06 	47.54999923706055	48.20000076293945	45.5	45.650001525878906	7148992	2022/07/06 
2022/07/07 	45.900001525878906	47.900001525878906	45.45000076293945	47.849998474121094	5432540	2022/07/07 
2022/07/08 	48.20000076293945	49.099998474121094	47.900001525878906	48.5	3560525	2022/07/08 
2022/07/11 	48.79999923706055	49.099998474121094	48.04999923706055	48.54999923706055	1754870	2022/07/11 
2022/07/12 	48.0	48.0	46.0	46.099998474121094	3509720	2022/07/12 
2022/07/13 	47.400001525878906	48.0	47.349998474121094	47.349998474121094	2737809	2022/07/13 
2022/07/14 	47.099998474121094	48.54999923706055	46.79999923706055	48.54999923706055	2520747	2022/07/14 
2022/07/15 	48.29999923706055	49.5	47.79999923706055	49.29999923706055	2743998	2022/07/15 
2022/07/18 	49.5	50.5	49.20000076293945	50.400001525878906	3209504	2022/07/18 
2022/07/19 	49.900001525878906	50.900001525878906	49.54999923706055	50.5	2784132	2022/07/19 
2022/07/20 	51.20000076293945	51.29999923706055	50.400001525878906	50.599998474121094	3428389	2022/07/20 
2022/07/21 	51.0	51.900001525878906	50.79999923706055	51.70000076293945	4424996	2022/07/21 
2022/07/22 	51.79999923706055	52.0	50.900001525878906	51.20000076293945	2650072	2022/07/22 
2022/07/25 	50.900001525878906	51.599998474121094	50.20000076293945	51.599998474121094	2341455	2022/07/25 
2022/07/26 	53.79999923706055	55.099998474121094	51.400001525878906	51.599998474121094	23947625	2022/07/26 
2022/07/27 	51.29999923706055	51.400001525878906	49.099998474121094	49.650001525878906	11417126	2022/07/27 
2022/07/28 	50.099998474121094	50.20000076293945	48.70000076293945	48.70000076293945	5950027	2022/07/28 
2022/07/29 	49.20000076293945	49.79999923706055	49.099998474121094	49.45000076293945	3071861	2022/07/29 
2022/08/01 	49.349998474121094	49.599998474121094	48.900001525878906	49.45000076293945	3134291	2022/08/01 
2022/08/02 	49.20000076293945	49.20000076293945	47.20000076293945	47.5	6262860	2022/08/02 
2022/08/03 	47.5	47.70000076293945	46.79999923706055	46.95000076293945	2855100	2022/08/03 
2022/08/04 	47.04999923706055	47.54999923706055	46.54999923706055	47.5	2937859	2022/08/04 
2022/08/05 	47.599998474121094	48.349998474121094	47.599998474121094	48.349998474121094	4270072	2022/08/05 
2022/08/08 	47.599998474121094	47.900001525878906	47.20000076293945	47.650001525878906	3773539	2022/08/08 
2022/08/09 	47.54999923706055	47.650001525878906	46.79999923706055	47.349998474121094	2973133	2022/08/09 
2022/08/10 	47.0	48.04999923706055	46.75	47.599998474121094	2584375	2022/08/10 
2022/08/11 	48.29999923706055	49.20000076293945	48.099998474121094	49.099998474121094	4563451	2022/08/11 
2022/08/12 	49.099998474121094	50.599998474121094	49.099998474121094	50.400001525878906	6169182	2022/08/12 
2022/08/15 	50.70000076293945	51.5	50.099998474121094	51.29999923706055	4124936	2022/08/15 
2022/08/16 	51.400001525878906	51.79999923706055	50.900001525878906	51.400001525878906	3781954	2022/08/16 
2022/08/17 	51.79999923706055	52.5	51.599998474121094	52.29999923706055	6598659	2022/08/17 
2022/08/18 	52.599998474121094	52.599998474121094	51.20000076293945	51.29999923706055	4276649	2022/08/18 
2022/08/19 	52.20000076293945	53.20000076293945	51.900001525878906	52.70000076293945	8560699	2022/08/19 
2022/08/22 	52.599998474121094	52.599998474121094	51.400001525878906	51.70000076293945	2841000	2022/08/22 
2022/08/23 	50.79999923706055	51.400001525878906	50.29999923706055	50.900001525878906	2225968	2022/08/23 
2022/08/24 	51.20000076293945	51.400001525878906	50.5	50.599998474121094	1445223	2022/08/24 
2022/08/25 	51.0	52.0	51.0	51.79999923706055	2122426	2022/08/25 
2022/08/26 	52.20000076293945	52.400001525878906	51.5	51.599998474121094	1994157	2022/08/26 
2022/08/29 	50.0	50.20000076293945	49.5	49.900001525878906	3293051	2022/08/29 
2022/08/30 	50.0	51.599998474121094	49.849998474121094	51.400001525878906	4060251	2022/08/30 
2022/08/31 	51.0	52.0	50.900001525878906	51.599998474121094	3152496	2022/08/31 
2022/09/01 	51.5	52.29999923706055	51.0	51.599998474121094	3467586	2022/09/01 
2022/09/02 	52.0	52.20000076293945	50.79999923706055	50.79999923706055	2659806	2022/09/02 
2022/09/05 	51.29999923706055	51.400001525878906	49.900001525878906	50.099998474121094	1971932	2022/09/05 
2022/09/06 	50.099998474121094	50.70000076293945	48.400001525878906	48.5	4076514	2022/09/06 
2022/09/07 	47.849998474121094	48.75	47.70000076293945	48.150001525878906	1759407	2022/09/07 
2022/09/08 	48.650001525878906	48.849998474121094	48.150001525878906	48.849998474121094	1244796	2022/09/08 
2022/09/12 	49.70000076293945	49.70000076293945	49.150001525878906	49.349998474121094	1392432	2022/09/12 
2022/09/13 	49.400001525878906	49.900001525878906	48.75	48.75	2105296	2022/09/13 
2022/09/14 	47.75	48.20000076293945	47.599998474121094	48.150001525878906	2419721	2022/09/14 
2022/09/15 	48.150001525878906	48.349998474121094	47.79999923706055	47.79999923706055	1897474	2022/09/15 
2022/09/16 	47.54999923706055	47.599998474121094	46.849998474121094	46.849998474121094	4335297	2022/09/16 
2022/09/19 	46.849998474121094	47.20000076293945	46.20000076293945	46.25	2161870	2022/09/19 
2022/09/20 	46.70000076293945	46.79999923706055	46.29999923706055	46.29999923706055	1238025	2022/09/20 
2022/09/21 	46.04999923706055	46.29999923706055	45.650001525878906	45.650001525878906	2733854	2022/09/21 
2022/09/22 	45.599998474121094	45.599998474121094	44.349998474121094	45.45000076293945	3242712	2022/09/22 
2022/09/23 	45.0	45.25	43.79999923706055	43.900001525878906	6010290	2022/09/23 
2022/09/26 	43.0	43.099998474121094	40.04999923706055	40.20000076293945	9738141	2022/09/26 
2022/09/27 	40.0	41.900001525878906	39.900001525878906	41.70000076293945	4632895	2022/09/27 
2022/09/28 	41.099998474121094	41.650001525878906	40.04999923706055	40.04999923706055	4410505	2022/09/28 
2022/09/29 	40.79999923706055	41.20000076293945	40.150001525878906	40.900001525878906	2863289	2022/09/29 
2022/09/30 	39.900001525878906	41.45000076293945	39.70000076293945	41.45000076293945	2991585	2022/09/30 
2022/10/03 	40.75	41.900001525878906	40.45000076293945	41.650001525878906	1802978	2022/10/03 
2022/10/04 	42.5	43.150001525878906	42.400001525878906	43.099998474121094	2077716	2022/10/04 
2022/10/05 	43.599998474121094	44.25	43.04999923706055	43.25	3202669	2022/10/05 
2022/10/06 	43.400001525878906	44.04999923706055	43.400001525878906	43.5	2284260	2022/10/06 
2022/10/07 	43.099998474121094	43.599998474121094	42.70000076293945	43.04999923706055	1878445	2022/10/07 
2022/10/11 	42.0	42.650001525878906	41.400001525878906	41.900001525878906	2809100	2022/10/11 
2022/10/12 	42.099998474121094	42.400001525878906	41.29999923706055	42.25	2099417	2022/10/12 
2022/10/13 	42.400001525878906	43.150001525878906	40.54999923706055	40.54999923706055	3417145	2022/10/13 
2022/10/14 	41.900001525878906	43.20000076293945	41.900001525878906	43.0	2832796	2022/10/14 
2022/10/17 	42.20000076293945	43.0	41.650001525878906	43.0	2149600	2022/10/17 
2022/10/18 	43.70000076293945	43.95000076293945	43.0	43.650001525878906	1975722	2022/10/18 
2022/10/19 	43.650001525878906	43.95000076293945	43.150001525878906	43.20000076293945	3013690	2022/10/19 
2022/10/20 	42.849998474121094	43.29999923706055	41.849998474121094	43.29999923706055	4349859	2022/10/20 
2022/10/21 	43.0	43.0	42.150001525878906	42.150001525878906	1164753	2022/10/21 
2022/10/24 	43.04999923706055	43.400001525878906	42.29999923706055	42.349998474121094	1395640	2022/10/24 
2022/10/25 	42.5	43.099998474121094	41.650001525878906	41.79999923706055	1636510	2022/10/25 
2022/10/26 	42.0	42.04999923706055	40.900001525878906	41.25	2168563	2022/10/26 
2022/10/27 	41.5	42.599998474121094	41.45000076293945	42.599998474121094	2482439	2022/10/27 
2022/10/28 	42.349998474121094	42.650001525878906	40.54999923706055	40.54999923706055	2926130	2022/10/28 
2022/10/31 	41.150001525878906	41.29999923706055	40.70000076293945	41.099998474121094	1191903	2022/10/31 
2022/11/01 	41.099998474121094	41.5	40.79999923706055	41.349998474121094	1111415	2022/11/01 
2022/11/02 	41.650001525878906	43.25	41.400001525878906	42.45000076293945	3878426	2022/11/02 
2022/11/03 	41.849998474121094	42.75	41.70000076293945	42.29999923706055	1739981	2022/11/03 
2022/11/04 	41.79999923706055	41.79999923706055	40.95000076293945	41.54999923706055	4093727	2022/11/04 
2022/11/07 	41.20000076293945	41.900001525878906	40.599998474121094	41.650001525878906	3562626	2022/11/07 
2022/11/08 	41.79999923706055	44.04999923706055	41.79999923706055	42.95000076293945	6940931	2022/11/08 
2022/11/09 	43.400001525878906	44.650001525878906	43.29999923706055	44.25	8548675	2022/11/09 
2022/11/10 	44.099998474121094	44.75	43.79999923706055	44.45000076293945	4461110	2022/11/10 
2022/11/11 	45.70000076293945	46.0	44.599998474121094	44.95000076293945	7920268	2022/11/11 
2022/11/14 	45.45000076293945	46.5	45.29999923706055	46.0	6409782	2022/11/14 
2022/11/15 	45.75	46.400001525878906	45.25	46.20000076293945	5300668	2022/11/15 
2022/11/16 	46.20000076293945	46.79999923706055	45.95000076293945	46.5	4871369	2022/11/16 
2022/11/17 	46.20000076293945	46.650001525878906	45.75	46.5	3097826	2022/11/17 
2022/11/18 	46.599998474121094	46.79999923706055	45.599998474121094	45.75	2557034	2022/11/18 
2022/11/21 	45.849998474121094	46.099998474121094	45.400001525878906	45.54999923706055	1701620	2022/11/21 
2022/11/22 	45.70000076293945	45.900001525878906	45.150001525878906	45.75	1456135	2022/11/22 
2022/11/23 	46.0	46.400001525878906	45.79999923706055	46.0	1644451	2022/11/23 
2022/11/24 	46.400001525878906	46.650001525878906	46.04999923706055	46.5	1871354	2022/11/24 
2022/11/25 	46.5	46.95000076293945	45.900001525878906	45.95000076293945	2721701	2022/11/25 
2022/11/28 	45.400001525878906	45.79999923706055	45.20000076293945	45.70000076293945	1796991	2022/11/28 
2022/11/29 	45.70000076293945	45.95000076293945	45.04999923706055	45.900001525878906	1631078	2022/11/29 
2022/11/30 	46.099998474121094	47.20000076293945	46.0	47.0	3198163	2022/11/30 
2022/12/01 	47.70000076293945	47.95000076293945	47.099998474121094	47.29999923706055	3410889	2022/12/01 
2022/12/02 	47.5	48.0	47.400001525878906	47.70000076293945	1986806	2022/12/02 
2022/12/05 	47.900001525878906	48.650001525878906	47.79999923706055	48.25	2201648	2022/12/05 
2022/12/06 	48.0	48.0	46.75	47.099998474121094	2879480	2022/12/06 
2022/12/07 	46.900001525878906	47.20000076293945	45.849998474121094	46.099998474121094	2636031	2022/12/07 
2022/12/08 	46.0	47.0	45.95000076293945	46.599998474121094	1692905	2022/12/08 
2022/12/09 	47.29999923706055	47.95000076293945	46.400001525878906	46.45000076293945	3367080	2022/12/09 
2022/12/12 	46.0	46.150001525878906	45.20000076293945	46.099998474121094	2069875	2022/12/12 
2022/12/13 	46.70000076293945	48.400001525878906	46.45000076293945	48.25	6360498	2022/12/13 
2022/12/14 	48.25	49.25	47.70000076293945	49.20000076293945	5787490	2022/12/14 
2022/12/15 	49.20000076293945	49.5	48.54999923706055	48.849998474121094	3326671	2022/12/15 
2022/12/16 	48.400001525878906	49.04999923706055	48.099998474121094	48.70000076293945	5065495	2022/12/16 
2022/12/19 	48.29999923706055	48.95000076293945	47.20000076293945	48.45000076293945	3573876	2022/12/19 
2022/12/20 	48.25	48.70000076293945	46.599998474121094	46.75	3209640	2022/12/20 
2022/12/21 	48.0	48.0	46.650001525878906	47.0	2578035	2022/12/21 
2022/12/22 	47.20000076293945	47.54999923706055	46.650001525878906	47.04999923706055	1916485	2022/12/22 
2022/12/23 	46.45000076293945	46.79999923706055	45.900001525878906	46.599998474121094	1142952	2022/12/23 
2022/12/26 	46.599998474121094	46.79999923706055	46.099998474121094	46.400001525878906	775805	2022/12/26 
2022/12/27 	46.5	47.04999923706055	46.349998474121094	46.599998474121094	856058	2022/12/27 
2022/12/28 	46.400001525878906	46.400001525878906	45.5	45.599998474121094	2259097	2022/12/28 
2022/12/29 	45.25	45.349998474121094	44.650001525878906	44.900001525878906	1917292	2022/12/29 
2022/12/30 	45.5	45.5	44.650001525878906	44.75	1412083	2022/12/30 
2023/01/03 	44.650001525878906	45.29999923706055	44.5	45.099998474121094	1003184	2023/01/03 
2023/01/04 	45.349998474121094	46.599998474121094	45.099998474121094	46.599998474121094	1816772	2023/01/04 
2023/01/05 	46.599998474121094	48.150001525878906	46.599998474121094	48.04999923706055	5858759	2023/01/05 
2023/01/06 	47.0	47.25	46.20000076293945	46.25	4464964	2023/01/06 
2023/01/09 	46.599998474121094	48.45000076293945	46.54999923706055	48.349998474121094	5709423	2023/01/09 
2023/01/10 	48.0	50.29999923706055	47.599998474121094	50.099998474121094	12007357	2023/01/10 
2023/01/11 	50.5	51.0	49.70000076293945	50.20000076293945	7793554	2023/01/11 
2023/01/12 	50.20000076293945	50.70000076293945	49.20000076293945	49.29999923706055	4643823	2023/01/12 
2023/01/13 	49.54999923706055	49.70000076293945	48.79999923706055	48.849998474121094	2777460	2023/01/13 
2023/01/16 	49.0	49.099998474121094	48.29999923706055	48.75	1858661	2023/01/16 
2023/01/17 	48.75	49.099998474121094	48.650001525878906	48.75	1355419	2023/01/17 
2023/01/30 	49.79999923706055	49.849998474121094	48.75	49.150001525878906	3727814	2023/01/30 
2023/01/31 	49.79999923706055	50.599998474121094	49.400001525878906	50.0	4659200	2023/01/31 
2023/02/01 	50.5	51.5	50.0	51.20000076293945	5371581	2023/02/01 
2023/02/02 	51.70000076293945	52.099998474121094	50.599998474121094	51.0	7265377	2023/02/02 
2023/02/03 	51.400001525878906	51.400001525878906	50.20000076293945	50.5	3234073	2023/02/03 
2023/02/06 	50.79999923706055	51.20000076293945	50.0	50.20000076293945	3946541	2023/02/06 
2023/02/07 	50.0	50.5	49.20000076293945	50.400001525878906	3299035	2023/02/07 
2023/02/08 	50.70000076293945	50.70000076293945	50.099998474121094	50.29999923706055	1758654	2023/02/08 
2023/02/09 	50.5	50.5	49.5	49.5	2498146	2023/02/09 
2023/02/10 	49.95000076293945	49.95000076293945	48.599998474121094	48.599998474121094	3064897	2023/02/10 
2023/02/13 	48.79999923706055	49.0	48.400001525878906	48.599998474121094	1572074	2023/02/13 
2023/02/14 	49.0	49.04999923706055	48.650001525878906	48.70000076293945	981549	2023/02/14 
2023/02/15 	48.849998474121094	48.900001525878906	48.349998474121094	48.349998474121094	1425504	2023/02/15 
2023/02/16 	48.849998474121094	49.45000076293945	48.70000076293945	49.400001525878906	1518982	2023/02/16 
2023/02/17 	49.29999923706055	50.20000076293945	49.20000076293945	49.79999923706055	2382121	2023/02/17 
2023/02/20 	50.0	50.400001525878906	49.79999923706055	50.400001525878906	1696068	2023/02/20 
2023/02/21 	50.5	50.5	50.0	50.099998474121094	1080100	2023/02/21 
2023/02/22 	49.5	49.54999923706055	49.0	49.150001525878906	1824416	2023/02/22 
2023/02/23 	49.20000076293945	51.20000076293945	49.20000076293945	50.099998474121094	3867298	2023/02/23 
2023/02/24 	49.95000076293945	50.0	49.099998474121094	49.150001525878906	3348832	2023/02/24 
2023/03/01 	48.849998474121094	48.849998474121094	46.349998474121094	47.150001525878906	7200808	2023/03/01 
2023/03/02 	46.650001525878906	46.79999923706055	46.099998474121094	46.45000076293945	5724873	2023/03/02 
2023/03/03 	46.599998474121094	49.150001525878906	46.29999923706055	48.650001525878906	8162180	2023/03/03 
2023/03/06 	49.0	50.900001525878906	48.900001525878906	50.099998474121094	7300724	2023/03/06 
2023/03/07 	50.0	50.70000076293945	49.95000076293945	50.5	3145965	2023/03/07 
2023/03/08 	50.400001525878906	51.400001525878906	50.20000076293945	51.099998474121094	4208880	2023/03/08 
2023/03/09 	51.400001525878906	51.400001525878906	50.0	50.0	2671232	2023/03/09 
2023/03/10 	49.400001525878906	49.79999923706055	48.400001525878906	48.5	3902239	2023/03/10 
2023/03/13 	48.29999923706055	48.900001525878906	47.75	48.849998474121094	2190711	2023/03/13 
2023/03/14 	48.599998474121094	48.599998474121094	47.79999923706055	48.150001525878906	1734281	2023/03/14 
2023/03/15 	48.650001525878906	48.79999923706055	47.900001525878906	48.0	1626094	2023/03/15 
2023/03/16 	47.79999923706055	48.150001525878906	47.5	47.75	1542272	2023/03/16 
2023/03/17 	48.099998474121094	48.45000076293945	47.95000076293945	48.25	1489136	2023/03/17 
2023/03/20 	48.25	48.79999923706055	48.04999923706055	48.79999923706055	1289518	2023/03/20 
2023/03/21 	49.25	49.849998474121094	49.150001525878906	49.25	2103597	2023/03/21 
2023/03/22 	49.400001525878906	51.29999923706055	49.150001525878906	51.0	6833186	2023/03/22 
2023/03/23 	50.900001525878906	51.79999923706055	50.599998474121094	50.70000076293945	5741751	2023/03/23 
2023/03/24 	51.0	55.70000076293945	51.0	55.70000076293945	31240513	2023/03/24 
2023/03/27 	56.5	57.20000076293945	53.900001525878906	54.0	24184870	2023/03/27 
2023/03/28 	54.099998474121094	54.70000076293945	52.79999923706055	53.29999923706055	7854829	2023/03/28 
2023/03/29 	53.599998474121094	55.400001525878906	53.099998474121094	53.099998474121094	8329658	2023/03/29 
2023/03/30 	53.70000076293945	53.79999923706055	53.099998474121094	53.099998474121094	3410709	2023/03/30 
2023/03/31 	53.70000076293945	54.599998474121094	53.20000076293945	53.20000076293945	4584402	2023/03/31 
2023/04/06 	53.79999923706055	53.79999923706055	52.20000076293945	52.29999923706055	3459088	2023/04/06 
2023/04/07 	52.20000076293945	53.20000076293945	52.20000076293945	52.400001525878906	2344265	2023/04/07 
