Date	Open	High	Low	Close	Volume	Date
2022/08/26 	20.600000381469727	20.700000762939453	20.200000762939453	20.25	2129079	2022/08/26 
2022/08/29 	19.75	19.75	19.100000381469727	19.100000381469727	3312570	2022/08/29 
2022/08/30 	19.25	20.950000762939453	19.25	20.649999618530273	5822736	2022/08/30 
2022/08/31 	20.350000381469727	20.600000381469727	20.0	20.149999618530273	2823711	2022/08/31 
2022/09/01 	20.100000381469727	20.100000381469727	19.600000381469727	19.700000762939453	2241533	2022/09/01 
2022/09/02 	19.950000762939453	20.049999237060547	19.700000762939453	19.850000381469727	1401777	2022/09/02 
2022/09/05 	20.25	20.25	19.600000381469727	19.600000381469727	1076786	2022/09/05 
2022/09/06 	19.799999237060547	19.799999237060547	19.25	19.299999237060547	1335100	2022/09/06 
2022/09/07 	19.399999618530273	19.399999618530273	18.950000762939453	19.049999237060547	1106028	2022/09/07 
2022/09/08 	19.299999237060547	19.549999237060547	19.149999618530273	19.549999237060547	1242921	2022/09/08 
2022/09/12 	19.799999237060547	19.950000762939453	19.5	19.649999618530273	1202433	2022/09/12 
2022/09/13 	19.850000381469727	19.899999618530273	19.649999618530273	19.700000762939453	677908	2022/09/13 
2022/09/14 	19.049999237060547	19.450000762939453	19.049999237060547	19.299999237060547	1370747	2022/09/14 
2022/09/15 	19.450000762939453	19.600000381469727	19.299999237060547	19.350000381469727	1012081	2022/09/15 
2022/09/16 	19.25	19.350000381469727	19.100000381469727	19.149999618530273	1196314	2022/09/16 
2022/09/19 	19.149999618530273	19.200000762939453	18.899999618530273	18.899999618530273	1235015	2022/09/19 
2022/09/20 	19.049999237060547	19.149999618530273	18.700000762939453	18.850000381469727	1058676	2022/09/20 
2022/09/21 	18.700000762939453	19.0	18.5	18.600000381469727	1385676	2022/09/21 
2022/09/22 	18.350000381469727	18.649999618530273	18.25	18.649999618530273	727922	2022/09/22 
2022/09/23 	18.600000381469727	18.700000762939453	18.299999237060547	18.299999237060547	940097	2022/09/23 
2022/09/26 	18.0	18.0	17.200000762939453	17.299999237060547	1964255	2022/09/26 
2022/09/27 	17.299999237060547	17.549999237060547	16.950000762939453	17.549999237060547	1172784	2022/09/27 
2022/09/28 	17.600000381469727	18.25	17.399999618530273	17.450000762939453	2285611	2022/09/28 
2022/09/29 	17.649999618530273	17.850000381469727	17.200000762939453	17.200000762939453	1046765	2022/09/29 
2022/09/30 	16.75	17.149999618530273	16.600000381469727	17.149999618530273	1029000	2022/09/30 
2022/10/03 	16.899999618530273	17.299999237060547	16.850000381469727	17.149999618530273	503110	2022/10/03 
2022/10/04 	17.549999237060547	17.75	17.350000381469727	17.75	529002	2022/10/04 
2022/10/05 	17.850000381469727	18.049999237060547	17.549999237060547	17.600000381469727	1231912	2022/10/05 
2022/10/06 	17.700000762939453	17.950000762939453	17.549999237060547	17.950000762939453	588943	2022/10/06 
2022/10/07 	17.850000381469727	18.200000762939453	17.850000381469727	18.0	759677	2022/10/07 
2022/10/11 	17.600000381469727	17.600000381469727	16.950000762939453	16.950000762939453	1120000	2022/10/11 
2022/10/12 	17.0	17.299999237060547	16.799999237060547	17.100000381469727	801331	2022/10/12 
2022/10/13 	17.25	17.25	15.949999809265137	16.0	2274244	2022/10/13 
2022/10/14 	16.600000381469727	17.149999618530273	16.450000762939453	17.049999237060547	923301	2022/10/14 
2022/10/17 	16.649999618530273	16.950000762939453	16.200000762939453	16.950000762939453	1040432	2022/10/17 
2022/10/18 	17.200000762939453	17.299999237060547	16.899999618530273	17.149999618530273	512873	2022/10/18 
2022/10/19 	17.049999237060547	17.450000762939453	17.049999237060547	17.25	739548	2022/10/19 
2022/10/20 	17.100000381469727	17.25	16.299999237060547	16.600000381469727	1278041	2022/10/20 
2022/10/21 	16.600000381469727	16.649999618530273	16.299999237060547	16.299999237060547	471460	2022/10/21 
2022/10/24 	16.549999237060547	16.899999618530273	16.549999237060547	16.75	429784	2022/10/24 
2022/10/25 	16.850000381469727	16.850000381469727	16.350000381469727	16.399999618530273	534554	2022/10/25 
2022/10/26 	16.450000762939453	16.450000762939453	16.049999237060547	16.049999237060547	889001	2022/10/26 
2022/10/27 	16.149999618530273	16.700000762939453	16.149999618530273	16.649999618530273	816300	2022/10/27 
2022/10/28 	16.450000762939453	16.600000381469727	16.049999237060547	16.049999237060547	918008	2022/10/28 
2022/10/31 	16.299999237060547	16.350000381469727	16.049999237060547	16.200000762939453	789200	2022/10/31 
2022/11/01 	16.25	16.649999618530273	16.149999618530273	16.5	1125010	2022/11/01 
2022/11/02 	16.5	17.100000381469727	16.5	16.850000381469727	1086090	2022/11/02 
2022/11/03 	16.549999237060547	17.100000381469727	16.549999237060547	17.049999237060547	607468	2022/11/03 
2022/11/04 	17.149999618530273	17.299999237060547	17.049999237060547	17.299999237060547	840000	2022/11/04 
2022/11/07 	17.350000381469727	17.5	17.200000762939453	17.25	504921	2022/11/07 
2022/11/08 	17.450000762939453	17.549999237060547	17.299999237060547	17.299999237060547	685302	2022/11/08 
2022/11/09 	17.399999618530273	17.899999618530273	17.399999618530273	17.700000762939453	1032313	2022/11/09 
2022/11/10 	17.399999618530273	17.649999618530273	17.399999618530273	17.549999237060547	475000	2022/11/10 
2022/11/11 	17.899999618530273	18.0	17.299999237060547	17.450000762939453	856028	2022/11/11 
2022/11/14 	17.450000762939453	17.799999237060547	17.399999618530273	17.75	975970	2022/11/14 
2022/11/15 	17.899999618530273	17.899999618530273	17.549999237060547	17.799999237060547	629753	2022/11/15 
2022/11/16 	17.899999618530273	17.899999618530273	17.549999237060547	17.549999237060547	466175	2022/11/16 
2022/11/17 	17.549999237060547	17.950000762939453	17.549999237060547	17.850000381469727	868305	2022/11/17 
2022/11/18 	17.950000762939453	17.950000762939453	17.549999237060547	17.549999237060547	613150	2022/11/18 
2022/11/21 	17.600000381469727	17.600000381469727	17.25	17.25	633534	2022/11/21 
2022/11/22 	17.25	17.25	16.950000762939453	17.049999237060547	966318	2022/11/22 
2022/11/23 	17.350000381469727	17.350000381469727	17.100000381469727	17.149999618530273	294077	2022/11/23 
2022/11/24 	17.299999237060547	17.399999618530273	17.049999237060547	17.200000762939453	501835	2022/11/24 
2022/11/25 	17.25	17.299999237060547	17.0	17.0	403550	2022/11/25 
2022/11/28 	16.899999618530273	17.25	16.75	17.200000762939453	413001	2022/11/28 
2022/11/29 	17.100000381469727	17.350000381469727	17.0	17.299999237060547	416219	2022/11/29 
2022/11/30 	17.350000381469727	17.399999618530273	17.149999618530273	17.200000762939453	1922166	2022/11/30 
2022/12/01 	17.450000762939453	17.799999237060547	17.399999618530273	17.75	1512217	2022/12/01 
2022/12/02 	17.75	17.899999618530273	17.700000762939453	17.850000381469727	847870	2022/12/02 
2022/12/05 	17.950000762939453	18.299999237060547	17.899999618530273	18.149999618530273	1096333	2022/12/05 
2022/12/06 	18.149999618530273	18.149999618530273	17.549999237060547	17.549999237060547	1238085	2022/12/06 
2022/12/07 	17.549999237060547	17.700000762939453	17.149999618530273	17.350000381469727	1133084	2022/12/07 
2022/12/08 	17.450000762939453	17.649999618530273	17.299999237060547	17.549999237060547	875600	2022/12/08 
2022/12/09 	17.700000762939453	17.700000762939453	17.399999618530273	17.399999618530273	516501	2022/12/09 
2022/12/12 	17.399999618530273	17.450000762939453	17.200000762939453	17.450000762939453	595913	2022/12/12 
2022/12/13 	17.549999237060547	17.549999237060547	17.299999237060547	17.299999237060547	350632	2022/12/13 
2022/12/14 	17.5	17.549999237060547	17.399999618530273	17.5	356670	2022/12/14 
2022/12/15 	17.5	17.649999618530273	17.450000762939453	17.600000381469727	387772	2022/12/15 
2022/12/16 	17.399999618530273	17.399999618530273	17.200000762939453	17.25	760352	2022/12/16 
2022/12/19 	17.25	17.25	17.0	17.049999237060547	611967	2022/12/19 
2022/12/20 	17.049999237060547	17.149999618530273	16.549999237060547	16.600000381469727	1410101	2022/12/20 
2022/12/21 	16.75	16.799999237060547	16.5	16.600000381469727	710892	2022/12/21 
2022/12/22 	16.799999237060547	16.850000381469727	16.600000381469727	16.649999618530273	600514	2022/12/22 
2022/12/23 	16.549999237060547	16.549999237060547	16.200000762939453	16.549999237060547	571000	2022/12/23 
2022/12/26 	16.549999237060547	16.649999618530273	16.450000762939453	16.5	391240	2022/12/26 
2022/12/27 	16.600000381469727	16.899999618530273	16.600000381469727	16.600000381469727	553408	2022/12/27 
2022/12/28 	16.600000381469727	16.600000381469727	16.25	16.25	684162	2022/12/28 
2022/12/29 	16.200000762939453	16.350000381469727	16.049999237060547	16.299999237060547	524377	2022/12/29 
2022/12/30 	16.5	16.5	16.200000762939453	16.200000762939453	465427	2022/12/30 
2023/01/03 	16.25	16.299999237060547	16.0	16.299999237060547	312050	2023/01/03 
2023/01/04 	16.299999237060547	16.399999618530273	16.149999618530273	16.299999237060547	361288	2023/01/04 
2023/01/05 	16.399999618530273	16.450000762939453	16.200000762939453	16.25	399005	2023/01/05 
2023/01/06 	16.25	16.450000762939453	16.200000762939453	16.450000762939453	332845	2023/01/06 
2023/01/09 	16.5	17.75	16.5	17.0	4334663	2023/01/09 
2023/01/10 	17.100000381469727	17.25	16.899999618530273	17.0	766010	2023/01/10 
2023/01/11 	17.0	17.049999237060547	16.850000381469727	16.899999618530273	438008	2023/01/11 
2023/01/12 	17.0	17.200000762939453	16.899999618530273	16.899999618530273	508362	2023/01/12 
2023/01/13 	17.049999237060547	17.049999237060547	16.700000762939453	16.700000762939453	401960	2023/01/13 
2023/01/16 	16.649999618530273	16.799999237060547	16.549999237060547	16.700000762939453	327030	2023/01/16 
2023/01/17 	16.799999237060547	16.850000381469727	16.549999237060547	16.649999618530273	612437	2023/01/17 
2023/01/30 	16.899999618530273	17.049999237060547	16.799999237060547	16.950000762939453	485990	2023/01/30 
2023/01/31 	17.049999237060547	17.299999237060547	17.049999237060547	17.25	569347	2023/01/31 
2023/02/01 	17.350000381469727	17.450000762939453	17.25	17.450000762939453	683460	2023/02/01 
2023/02/02 	17.5	17.649999618530273	17.399999618530273	17.600000381469727	702747	2023/02/02 
2023/02/03 	17.600000381469727	17.649999618530273	17.450000762939453	17.5	572817	2023/02/03 
2023/02/06 	17.450000762939453	17.549999237060547	17.399999618530273	17.399999618530273	394005	2023/02/06 
2023/02/07 	17.5	17.549999237060547	17.350000381469727	17.5	540973	2023/02/07 
2023/02/08 	17.5	17.600000381469727	17.299999237060547	17.600000381469727	1116756	2023/02/08 
2023/02/09 	17.549999237060547	17.899999618530273	17.5	17.850000381469727	1342749	2023/02/09 
2023/02/10 	17.850000381469727	17.899999618530273	17.5	17.5	816998	2023/02/10 
2023/02/13 	17.600000381469727	17.700000762939453	17.5	17.600000381469727	540970	2023/02/13 
2023/02/14 	17.600000381469727	17.700000762939453	17.549999237060547	17.549999237060547	349989	2023/02/14 
2023/02/15 	17.600000381469727	17.649999618530273	17.5	17.549999237060547	360808	2023/02/15 
