Date	Open	High	Low	Close	Volume	Date
2019/12/05 	166.6666717529297	171.25	162.9166717529297	169.1666717529297	1794000	2019/12/05 
2019/12/06 	166.6666717529297	180.8333282470703	164.1666717529297	175.4166717529297	1308000	2019/12/06 
2019/12/09 	175.0	179.1666717529297	173.3333282470703	173.3333282470703	864602	2019/12/09 
2019/12/10 	170.8333282470703	171.6666717529297	166.6666717529297	167.5	506760	2019/12/10 
2019/12/11 	165.0	166.25	159.5833282470703	162.5	473037	2019/12/11 
2019/12/12 	161.6666717529297	170.8333282470703	161.6666717529297	163.75	276000	2019/12/12 
2019/12/13 	163.75	164.1666717529297	151.6666717529297	155.8333282470703	553207	2019/12/13 
2019/12/16 	154.1666717529297	157.5	154.1666717529297	156.6666717529297	1210	2019/12/16 
2019/12/17 	156.6666717529297	162.5	156.6666717529297	160.0	182452	2019/12/17 
2019/12/18 	160.0	161.6666717529297	157.9166717529297	159.1666717529297	79272	2019/12/18 
2019/12/19 	158.3333282470703	158.3333282470703	155.4166717529297	156.6666717529297	69600	2019/12/19 
2019/12/20 	156.6666717529297	157.9166717529297	155.8333282470703	156.25	45636	2019/12/20 
2019/12/23 	156.25	157.5	155.8333282470703	156.6666717529297	86431	2019/12/23 
2019/12/24 	156.25	156.25	154.1666717529297	155.0	66000	2019/12/24 
2019/12/25 	155.0	155.8333282470703	155.0	155.8333282470703	30018	2019/12/25 
2019/12/26 	155.4166717529297	155.4166717529297	154.1666717529297	154.1666717529297	75813	2019/12/26 
2019/12/27 	154.5833282470703	154.5833282470703	152.5	153.3333282470703	81606	2019/12/27 
2019/12/30 	152.9166717529297	154.5833282470703	152.9166717529297	154.5833282470703	21685	2019/12/30 
2019/12/31 	153.3333282470703	153.3333282470703	152.9166717529297	152.9166717529297	40800	2019/12/31 
2020/01/02 	153.3333282470703	153.3333282470703	151.6666717529297	152.5	60006	2020/01/02 
2020/01/03 	152.5	152.5	148.3333282470703	150.0	109207	2020/01/03 
2020/01/06 	148.3333282470703	148.3333282470703	140.4166717529297	141.6666717529297	279610	2020/01/06 
2020/01/07 	141.6666717529297	146.6666717529297	141.6666717529297	146.25	132159	2020/01/07 
2020/01/08 	144.1666717529297	145.4166717529297	142.9166717529297	143.75	49440	2020/01/08 
2020/01/09 	145.0	148.3333282470703	145.0	148.3333282470703	74400	2020/01/09 
2020/01/10 	147.5	147.5	145.8333282470703	145.8333282470703	36000	2020/01/10 
2020/01/13 	146.6666717529297	146.6666717529297	145.0	145.4166717529297	38553	2020/01/13 
2020/01/14 	145.4166717529297	146.6666717529297	143.3333282470703	143.3333282470703	58824	2020/01/14 
2020/01/15 	142.9166717529297	146.6666717529297	142.9166717529297	145.4166717529297	55200	2020/01/15 
2020/01/16 	145.8333282470703	148.3333282470703	145.8333282470703	147.5	30000	2020/01/16 
2020/01/17 	147.5	147.5	145.8333282470703	145.8333282470703	20406	2020/01/17 
2020/01/20 	147.5	150.8333282470703	147.5	150.8333282470703	70824	2020/01/20 
2020/01/30 	145.8333282470703	145.8333282470703	140.0	143.3333282470703	98520	2020/01/30 
2020/01/31 	143.3333282470703	150.0	143.3333282470703	150.0	45618	2020/01/31 
2020/02/03 	146.6666717529297	146.6666717529297	141.6666717529297	146.6666717529297	111600	2020/02/03 
2020/02/04 	154.1666717529297	155.0	145.8333282470703	145.8333282470703	24012	2020/02/04 
2020/02/05 	146.25	146.25	144.1666717529297	144.5833282470703	25200	2020/02/05 
2020/02/06 	144.5833282470703	144.5833282470703	143.75	144.5833282470703	48000	2020/02/06 
2020/02/07 	142.9166717529297	142.9166717529297	140.4166717529297	141.25	63726	2020/02/07 
2020/02/10 	138.3333282470703	139.1666717529297	132.5	136.6666717529297	160800	2020/02/10 
2020/02/11 	136.6666717529297	137.5	135.8333282470703	136.25	36000	2020/02/11 
2020/02/12 	137.0833282470703	138.3333282470703	137.0833282470703	137.5	43200	2020/02/12 
2020/02/13 	137.5	138.3333282470703	136.6666717529297	137.0833282470703	62400	2020/02/13 
2020/02/14 	136.6666717529297	137.0833282470703	136.6666717529297	137.0833282470703	28800	2020/02/14 
2020/02/17 	136.6666717529297	138.3333282470703	134.1666717529297	135.0	70800	2020/02/17 
2020/02/18 	135.8333282470703	135.8333282470703	134.5833282470703	135.0	22836	2020/02/18 
2020/02/19 	135.4166717529297	136.25	135.0	135.4166717529297	32400	2020/02/19 
2020/02/20 	135.4166717529297	135.8333282470703	134.5833282470703	135.8333282470703	69600	2020/02/20 
2020/02/21 	135.8333282470703	135.8333282470703	133.75	134.1666717529297	44400	2020/02/21 
2020/02/24 	132.5	132.5	130.8333282470703	130.8333282470703	70800	2020/02/24 
2020/02/25 	129.1666717529297	130.0	127.08333587646484	128.75	49200	2020/02/25 
2020/02/26 	127.5	133.3333282470703	127.5	129.1666717529297	20407	2020/02/26 
2020/02/27 	127.5	127.91666412353516	125.0	125.0	72000	2020/02/27 
2020/03/02 	123.33333587646484	126.66666412353516	121.25	125.83333587646484	63600	2020/03/02 
2020/03/03 	127.08333587646484	134.1666717529297	127.08333587646484	134.1666717529297	127212	2020/03/03 
2020/03/04 	137.5	137.5	133.75	137.5	163260	2020/03/04 
2020/03/05 	137.5	144.5833282470703	137.5	143.3333282470703	142904	2020/03/05 
2020/03/06 	141.6666717529297	142.0833282470703	139.5833282470703	140.8333282470703	88800	2020/03/06 
2020/03/09 	139.5833282470703	139.5833282470703	133.3333282470703	133.75	93670	2020/03/09 
2020/03/10 	129.1666717529297	137.5	129.1666717529297	137.5	40800	2020/03/10 
2020/03/11 	138.3333282470703	138.75	134.1666717529297	134.1666717529297	20400	2020/03/11 
2020/03/12 	131.25	131.25	126.66666412353516	129.1666717529297	49212	2020/03/12 
2020/03/13 	121.66666412353516	121.66666412353516	116.25	121.66666412353516	166900	2020/03/13 
2020/03/16 	116.66666412353516	118.33333587646484	110.83333587646484	110.83333587646484	62400	2020/03/16 
2020/03/17 	105.0	105.0	100.0	100.0	147600	2020/03/17 
2020/03/18 	100.0	100.0	93.33333587646484	97.5	38400	2020/03/18 
2020/03/19 	93.33333587646484	93.33333587646484	87.91666412353516	87.91666412353516	85226	2020/03/19 
2020/03/20 	89.16666412353516	93.33333587646484	87.91666412353516	88.75	81600	2020/03/20 
2020/03/23 	85.83333587646484	85.83333587646484	79.91666412353516	79.91666412353516	106800	2020/03/23 
2020/03/24 	78.41666412353516	85.41666412353516	78.41666412353516	85.41666412353516	188400	2020/03/24 
2020/03/25 	90.0	93.75	90.0	93.75	205200	2020/03/25 
2020/03/26 	102.91666412353516	102.91666412353516	100.41666412353516	102.91666412353516	312074	2020/03/26 
2020/03/27 	105.83333587646484	105.83333587646484	98.75	102.91666412353516	252120	2020/03/27 
2020/03/30 	98.75	101.66666412353516	98.33333587646484	101.66666412353516	99600	2020/03/30 
2020/03/31 	107.5	107.5	100.83333587646484	107.5	163200	2020/03/31 
2020/04/01 	105.83333587646484	105.83333587646484	104.16666412353516	104.58333587646484	67200	2020/04/01 
2020/04/06 	104.16666412353516	104.16666412353516	101.66666412353516	102.08333587646484	51612	2020/04/06 
2020/04/07 	103.75	104.16666412353516	101.66666412353516	101.66666412353516	115203	2020/04/07 
2020/04/08 	102.08333587646484	106.25	101.25	104.58333587646484	139200	2020/04/08 
2020/04/09 	106.66666412353516	106.66666412353516	102.08333587646484	102.08333587646484	106800	2020/04/09 
2020/04/10 	103.75	103.75	101.66666412353516	102.91666412353516	40800	2020/04/10 
2020/04/13 	100.83333587646484	102.5	100.41666412353516	100.41666412353516	86564	2020/04/13 
2020/04/14 	100.83333587646484	102.5	100.83333587646484	102.5	45633	2020/04/14 
2020/04/15 	103.75	105.0	102.91666412353516	103.33333587646484	74434	2020/04/15 
2020/04/16 	101.66666412353516	102.5	101.25	102.08333587646484	28800	2020/04/16 
2020/04/17 	103.33333587646484	104.16666412353516	100.41666412353516	100.41666412353516	58831	2020/04/17 
2020/04/20 	101.66666412353516	103.75	101.66666412353516	103.75	52800	2020/04/20 
2020/04/21 	103.75	103.75	100.0	100.41666412353516	56407	2020/04/21 
2020/04/22 	100.0	102.5	100.0	101.25	10803	2020/04/22 
2020/04/23 	102.5	102.5	100.41666412353516	100.83333587646484	25200	2020/04/23 
2020/04/24 	100.0	101.66666412353516	100.0	100.83333587646484	24000	2020/04/24 
2020/04/27 	100.83333587646484	102.5	100.41666412353516	102.5	98424	2020/04/27 
2020/04/28 	104.16666412353516	104.58333587646484	102.5	102.5	85200	2020/04/28 
2020/04/29 	102.5	103.75	100.0	103.75	92408	2020/04/29 
2020/04/30 	105.0	113.75	104.58333587646484	113.75	248400	2020/04/30 
2020/05/04 	110.41666412353516	112.08333587646484	108.33333587646484	109.16666412353516	195600	2020/05/04 
2020/05/05 	110.83333587646484	111.25	109.58333587646484	110.41666412353516	61200	2020/05/05 
2020/05/06 	110.0	110.83333587646484	110.0	110.83333587646484	45733	2020/05/06 
2020/05/07 	110.83333587646484	111.25	109.16666412353516	109.58333587646484	61200	2020/05/07 
2020/05/08 	110.0	110.41666412353516	109.58333587646484	109.58333587646484	27600	2020/05/08 
2020/05/11 	107.91666412353516	109.58333587646484	102.5	109.58333587646484	111600	2020/05/11 
2020/05/12 	110.0	110.0	106.66666412353516	107.08333587646484	52800	2020/05/12 
2020/05/13 	107.5	109.16666412353516	107.08333587646484	109.16666412353516	88800	2020/05/13 
2020/05/14 	109.16666412353516	117.5	109.16666412353516	112.91666412353516	236409	2020/05/14 
2020/05/15 	111.66666412353516	116.25	111.66666412353516	115.83333587646484	115224	2020/05/15 
2020/05/18 	115.83333587646484	117.5	114.16666412353516	116.25	106824	2020/05/18 
2020/05/19 	117.5	117.5	113.75	115.83333587646484	164400	2020/05/19 
2020/05/20 	114.58333587646484	115.83333587646484	112.91666412353516	114.58333587646484	75600	2020/05/20 
2020/05/21 	115.41666412353516	120.0	115.41666412353516	120.0	208800	2020/05/21 
2020/05/22 	120.41666412353516	120.83333587646484	117.5	119.58333587646484	116400	2020/05/22 
2020/05/25 	120.83333587646484	122.08333587646484	119.16666412353516	120.83333587646484	103200	2020/05/25 
2020/05/26 	121.66666412353516	127.5	121.25	124.58333587646484	165840	2020/05/26 
2020/05/27 	125.0	127.08333587646484	122.91666412353516	125.0	94800	2020/05/27 
2020/05/28 	125.0	125.41666412353516	123.33333587646484	124.58333587646484	122402	2020/05/28 
2020/05/29 	122.91666412353516	123.33333587646484	120.83333587646484	122.91666412353516	81789	2020/05/29 
2020/06/01 	124.16666412353516	124.16666412353516	121.66666412353516	121.66666412353516	92529	2020/06/01 
2020/06/02 	122.91666412353516	122.91666412353516	121.25	121.66666412353516	66000	2020/06/02 
2020/06/03 	122.08333587646484	123.33333587646484	122.08333587646484	122.5	93600	2020/06/03 
2020/06/04 	122.91666412353516	123.75	122.5	122.91666412353516	91200	2020/06/04 
2020/06/05 	124.58333587646484	126.25	124.58333587646484	124.58333587646484	60439	2020/06/05 
2020/06/08 	125.83333587646484	128.3333282470703	123.75	127.91666412353516	127380	2020/06/08 
2020/06/09 	127.5	127.91666412353516	124.58333587646484	125.0	80678	2020/06/09 
2020/06/10 	125.0	125.0	119.58333587646484	121.66666412353516	116556	2020/06/10 
2020/06/11 	122.08333587646484	124.16666412353516	119.58333587646484	119.58333587646484	79471	2020/06/11 
2020/06/12 	114.16666412353516	119.58333587646484	114.16666412353516	119.58333587646484	88800	2020/06/12 
2020/06/15 	119.58333587646484	120.41666412353516	118.33333587646484	118.33333587646484	30090	2020/06/15 
2020/06/16 	119.16666412353516	120.83333587646484	118.75	120.83333587646484	25284	2020/06/16 
2020/06/17 	121.25	123.33333587646484	121.25	122.08333587646484	30060	2020/06/17 
2020/06/18 	122.5	123.33333587646484	120.0	120.41666412353516	38466	2020/06/18 
2020/06/19 	120.41666412353516	120.83333587646484	120.0	120.83333587646484	25200	2020/06/19 
2020/06/22 	120.0	120.83333587646484	119.58333587646484	120.41666412353516	22800	2020/06/22 
2020/06/23 	120.83333587646484	120.83333587646484	119.16666412353516	119.16666412353516	34860	2020/06/23 
2020/06/24 	119.58333587646484	121.25	118.33333587646484	118.33333587646484	22861	2020/06/24 
2020/06/29 	117.91666412353516	117.91666412353516	114.58333587646484	114.58333587646484	55200	2020/06/29 
2020/06/30 	114.58333587646484	124.16666412353516	114.58333587646484	124.16666412353516	76800	2020/06/30 
2020/07/01 	122.08333587646484	124.16666412353516	121.25	121.66666412353516	63703	2020/07/01 
2020/07/02 	122.08333587646484	125.0	122.08333587646484	124.16666412353516	59040	2020/07/02 
2020/07/03 	126.25	126.25	122.5	122.91666412353516	63840	2020/07/03 
2020/07/06 	124.16666412353516	124.58333587646484	123.33333587646484	124.16666412353516	43200	2020/07/06 
2020/07/07 	125.0	125.0	122.5	122.91666412353516	34911	2020/07/07 
2020/07/08 	122.91666412353516	123.75	122.08333587646484	122.08333587646484	31200	2020/07/08 
2020/07/09 	122.08333587646484	122.08333587646484	119.16666412353516	119.58333587646484	80542	2020/07/09 
2020/07/10 	120.0	121.25	119.58333587646484	120.0	45600	2020/07/10 
2020/07/13 	121.25	121.25	120.41666412353516	120.41666412353516	30000	2020/07/13 
2020/07/14 	122.5	123.75	120.0	120.41666412353516	37200	2020/07/14 
2020/07/15 	120.83333587646484	120.83333587646484	119.58333587646484	120.41666412353516	63609	2020/07/15 
2020/07/16 	122.5	123.75	121.66666412353516	122.5	121200	2020/07/16 
2020/07/17 	115.83333587646484	116.66666412353516	111.66666412353516	115.0	132000	2020/07/17 
2020/07/20 	113.33333587646484	113.33333587646484	110.41666412353516	112.91666412353516	62400	2020/07/20 
2020/07/21 	112.5	113.33333587646484	110.41666412353516	111.25	58800	2020/07/21 
2020/07/22 	112.5	115.0	112.08333587646484	113.75	90000	2020/07/22 
2020/07/23 	113.33333587646484	115.0	112.5	112.91666412353516	60000	2020/07/23 
2020/07/24 	112.91666412353516	113.75	111.66666412353516	111.66666412353516	58800	2020/07/24 
2020/07/27 	112.08333587646484	112.91666412353516	111.25	111.25	55200	2020/07/27 
2020/07/28 	110.83333587646484	110.83333587646484	107.5	107.5	84060	2020/07/28 
2020/07/29 	107.5	109.58333587646484	107.5	109.58333587646484	38400	2020/07/29 
2020/07/30 	109.16666412353516	113.75	109.16666412353516	112.91666412353516	67212	2020/07/30 
2020/07/31 	115.0	123.33333587646484	115.0	116.25	189769	2020/07/31 
2020/08/03 	116.66666412353516	118.75	115.41666412353516	115.83333587646484	49272	2020/08/03 
2020/08/04 	115.83333587646484	118.33333587646484	115.83333587646484	116.66666412353516	33640	2020/08/04 
2020/08/05 	116.66666412353516	118.33333587646484	116.25	117.08333587646484	33600	2020/08/05 
2020/08/06 	116.66666412353516	117.5	115.0	115.41666412353516	62400	2020/08/06 
2020/08/07 	115.41666412353516	116.66666412353516	115.0	115.0	16800	2020/08/07 
2020/08/10 	116.66666412353516	118.33333587646484	115.83333587646484	115.83333587646484	103200	2020/08/10 
2020/08/11 	115.83333587646484	117.08333587646484	115.0	115.0	43200	2020/08/11 
2020/08/12 	115.41666412353516	116.25	114.16666412353516	114.16666412353516	22800	2020/08/12 
2020/08/13 	114.16666412353516	116.66666412353516	113.33333587646484	113.33333587646484	37200	2020/08/13 
2020/08/14 	113.75	114.58333587646484	113.75	113.75	36000	2020/08/14 
2020/08/17 	113.75	115.0	112.5	113.33333587646484	135612	2020/08/17 
2020/08/18 	113.33333587646484	113.33333587646484	111.66666412353516	111.66666412353516	66000	2020/08/18 
2020/08/19 	112.5	112.5	109.58333587646484	109.58333587646484	54000	2020/08/19 
2020/08/20 	109.58333587646484	111.25	104.16666412353516	105.83333587646484	94813	2020/08/20 
2020/08/21 	105.83333587646484	107.5	105.83333587646484	106.66666412353516	25200	2020/08/21 
2020/08/24 	107.5	112.5	107.5	112.08333587646484	82800	2020/08/24 
2020/08/25 	112.5	114.16666412353516	109.58333587646484	109.58333587646484	55200	2020/08/25 
2020/08/26 	109.16666412353516	110.83333587646484	107.91666412353516	107.91666412353516	43200	2020/08/26 
2020/08/27 	109.16666412353516	109.58333587646484	108.33333587646484	108.33333587646484	48000	2020/08/27 
2020/08/28 	108.33333587646484	110.0	108.33333587646484	108.33333587646484	52800	2020/08/28 
2020/08/31 	108.75	109.58333587646484	106.66666412353516	106.66666412353516	46800	2020/08/31 
2020/09/01 	107.08333587646484	107.91666412353516	106.66666412353516	106.66666412353516	26436	2020/09/01 
2020/09/02 	107.08333587646484	109.16666412353516	107.08333587646484	108.33333587646484	48000	2020/09/02 
2020/09/03 	107.91666412353516	109.58333587646484	107.08333587646484	107.91666412353516	43200	2020/09/03 
2020/09/04 	107.5	108.33333587646484	106.66666412353516	108.33333587646484	66000	2020/09/04 
2020/09/07 	109.16666412353516	110.41666412353516	107.5	107.5	63600	2020/09/07 
2020/09/08 	105.83333587646484	106.25	104.16666412353516	104.16666412353516	54000	2020/09/08 
2020/09/09 	102.91666412353516	103.75	102.5	102.91666412353516	46800	2020/09/09 
2020/09/10 	102.91666412353516	104.58333587646484	101.66666412353516	102.91666412353516	58800	2020/09/10 
2020/09/11 	101.25	101.25	95.83333587646484	97.08333587646484	164400	2020/09/11 
2020/09/14 	97.08333587646484	99.16666412353516	97.08333587646484	98.75	27600	2020/09/14 
2020/09/15 	97.91666412353516	100.41666412353516	97.91666412353516	100.0	48000	2020/09/15 
2020/09/16 	100.0	101.66666412353516	100.0	100.41666412353516	18000	2020/09/16 
2020/09/17 	100.41666412353516	100.41666412353516	98.33333587646484	100.41666412353516	10800	2020/09/17 
2020/09/18 	100.0	100.83333587646484	100.0	100.0	28800	2020/09/18 
2020/09/21 	99.16666412353516	99.16666412353516	98.75	98.75	22800	2020/09/21 
2020/09/22 	97.91666412353516	97.91666412353516	93.75	97.91666412353516	39600	2020/09/22 
2020/09/23 	96.66666412353516	96.66666412353516	94.16666412353516	95.0	52800	2020/09/23 
2020/09/24 	93.75	93.75	91.25	91.66666412353516	72120	2020/09/24 
2020/09/25 	91.66666412353516	92.91666412353516	87.5	88.33333587646484	96084	2020/09/25 
2020/09/28 	89.58333587646484	91.25	85.0	91.25	62400	2020/09/28 
2020/09/29 	91.25	93.33333587646484	90.0	93.33333587646484	13200	2020/09/29 
2020/09/30 	92.08333587646484	95.83333587646484	92.08333587646484	95.83333587646484	56400	2020/09/30 
2020/10/05 	95.83333587646484	102.91666412353516	95.83333587646484	100.0	102000	2020/10/05 
2020/10/06 	102.91666412353516	103.33333587646484	100.0	100.83333587646484	38400	2020/10/06 
2020/10/07 	98.75	101.66666412353516	98.75	99.58333587646484	19200	2020/10/07 
2020/10/08 	99.58333587646484	101.25	99.16666412353516	100.0	32400	2020/10/08 
2020/10/12 	101.25	101.25	97.08333587646484	97.08333587646484	14520	2020/10/12 
2020/10/13 	98.75	99.16666412353516	98.75	99.16666412353516	4800	2020/10/13 
2020/10/14 	98.75	99.58333587646484	97.5	97.91666412353516	28800	2020/10/14 
2020/10/15 	97.91666412353516	99.58333587646484	97.91666412353516	99.58333587646484	30000	2020/10/15 
2020/10/16 	100.0	100.83333587646484	99.16666412353516	100.0	43200	2020/10/16 
2020/10/19 	98.33333587646484	102.91666412353516	98.33333587646484	100.41666412353516	26430	2020/10/19 
2020/10/20 	99.58333587646484	100.83333587646484	99.58333587646484	100.41666412353516	8400	2020/10/20 
2020/10/21 	100.83333587646484	103.33333587646484	100.83333587646484	101.66666412353516	26400	2020/10/21 
2020/10/22 	101.66666412353516	102.08333587646484	100.83333587646484	101.66666412353516	12240	2020/10/22 
2020/10/23 	102.91666412353516	103.75	102.08333587646484	102.08333587646484	16530	2020/10/23 
2020/10/26 	101.66666412353516	101.66666412353516	101.66666412353516	101.66666412353516	3600	2020/10/26 
2020/10/27 	100.41666412353516	100.83333587646484	99.58333587646484	100.83333587646484	18000	2020/10/27 
2020/10/28 	101.66666412353516	103.75	101.25	101.25	19200	2020/10/28 
2020/10/29 	100.83333587646484	100.83333587646484	99.58333587646484	99.58333587646484	15600	2020/10/29 
2020/10/30 	100.83333587646484	100.83333587646484	98.75	98.75	15600	2020/10/30 
2020/11/02 	105.41666412353516	108.33333587646484	104.16666412353516	108.33333587646484	456000	2020/11/02 
2020/11/03 	110.41666412353516	117.5	108.33333587646484	111.66666412353516	703201	2020/11/03 
2020/11/04 	112.5	113.33333587646484	107.5	107.5	99705	2020/11/04 
2020/11/05 	108.33333587646484	108.75	107.91666412353516	108.33333587646484	30000	2020/11/05 
2020/11/06 	110.0	110.0	107.08333587646484	107.5	58800	2020/11/06 
2020/11/09 	108.33333587646484	108.33333587646484	107.08333587646484	107.5	37200	2020/11/09 
2020/11/10 	106.66666412353516	106.66666412353516	105.0	105.41666412353516	61200	2020/11/10 
2020/11/11 	105.83333587646484	106.66666412353516	105.41666412353516	106.25	22800	2020/11/11 
2020/11/12 	111.25	114.16666412353516	109.58333587646484	109.58333587646484	192000	2020/11/12 
2020/11/13 	110.41666412353516	115.0	109.16666412353516	113.75	124849	2020/11/13 
2020/11/16 	115.0	116.25	113.33333587646484	113.75	77280	2020/11/16 
2020/11/17 	115.83333587646484	116.25	114.16666412353516	115.83333587646484	110400	2020/11/17 
2020/11/18 	116.66666412353516	116.66666412353516	115.83333587646484	116.25	79200	2020/11/18 
2020/11/19 	116.66666412353516	122.08333587646484	116.66666412353516	119.16666412353516	235320	2020/11/19 
2020/11/20 	120.0	120.0	117.08333587646484	117.5	62412	2020/11/20 
2020/11/23 	125.83333587646484	127.91666412353516	120.83333587646484	127.5	311520	2020/11/23 
2020/11/24 	127.91666412353516	132.5	127.91666412353516	129.5833282470703	242569	2020/11/24 
2020/11/25 	130.8333282470703	130.8333282470703	125.83333587646484	130.0	165600	2020/11/25 
2020/11/26 	130.0	135.0	130.0	135.0	200622	2020/11/26 
2020/11/27 	137.0833282470703	141.25	133.3333282470703	140.4166717529297	365086	2020/11/27 
2020/11/30 	142.5	146.6666717529297	142.0833282470703	142.5	279740	2020/11/30 
2020/12/01 	141.6666717529297	141.6666717529297	135.4166717529297	137.0833282470703	219600	2020/12/01 
2020/12/02 	136.6666717529297	139.5833282470703	135.0	136.25	98520	2020/12/02 
2020/12/03 	137.5	140.0	135.8333282470703	140.0	64800	2020/12/03 
2020/12/04 	139.1666717529297	141.6666717529297	138.3333282470703	140.0	81600	2020/12/04 
2020/12/07 	141.6666717529297	141.6666717529297	136.6666717529297	137.9166717529297	40800	2020/12/07 
2020/12/08 	133.3333282470703	135.4166717529297	131.6666717529297	131.6666717529297	164652	2020/12/08 
2020/12/09 	130.4166717529297	130.4166717529297	128.3333282470703	128.75	78000	2020/12/09 
2020/12/10 	127.91666412353516	132.5	127.91666412353516	130.0	46860	2020/12/10 
2020/12/11 	130.0	132.9166717529297	129.1666717529297	130.0	31201	2020/12/11 
2020/12/14 	131.6666717529297	131.6666717529297	130.0	130.4166717529297	14514	2020/12/14 
2020/12/15 	129.1666717529297	130.0	126.66666412353516	127.5	54001	2020/12/15 
2020/12/16 	125.0	129.5833282470703	125.0	129.5833282470703	30062	2020/12/16 
2020/12/17 	127.91666412353516	130.0	127.91666412353516	129.1666717529297	21000	2020/12/17 
2020/12/18 	128.3333282470703	129.1666717529297	128.3333282470703	129.1666717529297	2400	2020/12/18 
2020/12/21 	130.0	130.0	127.91666412353516	128.75	18000	2020/12/21 
2020/12/22 	127.91666412353516	127.91666412353516	125.41666412353516	127.5	28800	2020/12/22 
2020/12/23 	126.25	126.25	125.0	125.0	40800	2020/12/23 
2020/12/24 	125.83333587646484	125.83333587646484	122.91666412353516	124.58333587646484	32403	2020/12/24 
2020/12/25 	124.58333587646484	124.58333587646484	121.66666412353516	122.08333587646484	36000	2020/12/25 
2020/12/28 	122.91666412353516	126.25	122.91666412353516	125.0	15600	2020/12/28 
2020/12/29 	124.16666412353516	124.58333587646484	123.33333587646484	123.33333587646484	6000	2020/12/29 
2020/12/30 	123.33333587646484	124.16666412353516	123.33333587646484	124.16666412353516	9600	2020/12/30 
2020/12/31 	123.75	125.83333587646484	123.75	125.41666412353516	20400	2020/12/31 
2021/01/04 	125.0	125.0	123.33333587646484	123.33333587646484	18000	2021/01/04 
2021/01/05 	124.16666412353516	124.58333587646484	123.33333587646484	123.33333587646484	14400	2021/01/05 
2021/01/06 	123.75	124.58333587646484	122.91666412353516	122.91666412353516	24000	2021/01/06 
2021/01/07 	124.58333587646484	128.3333282470703	124.58333587646484	127.5	61200	2021/01/07 
2021/01/08 	128.3333282470703	128.75	126.66666412353516	128.3333282470703	34800	2021/01/08 
2021/01/11 	129.1666717529297	129.1666717529297	127.08333587646484	127.5	12000	2021/01/11 
2021/01/12 	129.1666717529297	129.5833282470703	126.25	126.25	12000	2021/01/12 
2021/01/13 	125.41666412353516	127.5	125.41666412353516	127.5	42000	2021/01/13 
2021/01/14 	126.25	126.66666412353516	124.16666412353516	124.58333587646484	51600	2021/01/14 
2021/01/15 	124.58333587646484	124.58333587646484	122.5	123.75	32400	2021/01/15 
2021/01/18 	123.33333587646484	123.33333587646484	123.33333587646484	123.33333587646484	6000	2021/01/18 
2021/01/19 	122.91666412353516	122.91666412353516	121.66666412353516	121.66666412353516	24000	2021/01/19 
2021/01/20 	121.66666412353516	121.66666412353516	115.41666412353516	115.83333587646484	68400	2021/01/20 
2021/01/21 	115.83333587646484	117.91666412353516	115.83333587646484	117.5	15601	2021/01/21 
2021/01/22 	117.91666412353516	119.16666412353516	117.5	117.91666412353516	10800	2021/01/22 
2021/01/25 	117.5	118.75	116.66666412353516	118.75	14400	2021/01/25 
2021/01/26 	118.75	121.25	118.75	120.0	22800	2021/01/26 
2021/01/27 	120.41666412353516	120.41666412353516	119.16666412353516	119.16666412353516	2400	2021/01/27 
2021/01/28 	118.33333587646484	119.16666412353516	117.91666412353516	119.16666412353516	9600	2021/01/28 
2021/01/29 	119.16666412353516	119.16666412353516	116.66666412353516	116.66666412353516	18000	2021/01/29 
2021/02/01 	116.66666412353516	116.66666412353516	116.25	116.25	36000	2021/02/01 
2021/02/02 	116.25	117.5	116.25	116.66666412353516	20400	2021/02/02 
2021/02/03 	116.66666412353516	117.5	116.25	117.08333587646484	18000	2021/02/03 
2021/02/04 	116.66666412353516	117.5	115.83333587646484	116.66666412353516	16800	2021/02/04 
2021/02/05 	120.0	127.91666412353516	120.0	123.33333587646484	81637	2021/02/05 
2021/02/17 	125.41666412353516	131.6666717529297	125.41666412353516	125.83333587646484	70800	2021/02/17 
2021/02/18 	126.25	129.1666717529297	126.25	127.08333587646484	27600	2021/02/18 
2021/02/19 	127.08333587646484	130.4166717529297	127.08333587646484	128.75	24001	2021/02/19 
2021/02/22 	129.5833282470703	130.4166717529297	127.91666412353516	129.1666717529297	25200	2021/02/22 
2021/02/23 	130.0	133.3333282470703	129.5833282470703	132.5	85215	2021/02/23 
2021/02/24 	134.1666717529297	134.1666717529297	130.0	130.0	48000	2021/02/24 
2021/02/25 	130.0	130.8333282470703	130.0	130.4166717529297	22800	2021/02/25 
2021/02/26 	130.0	130.0	125.83333587646484	126.25	47010	2021/02/26 
2021/03/02 	128.75	128.75	127.08333587646484	127.08333587646484	37200	2021/03/02 
2021/03/03 	127.91666412353516	128.75	127.5	127.91666412353516	10800	2021/03/03 
2021/03/04 	128.3333282470703	129.5833282470703	128.3333282470703	129.5833282470703	20400	2021/03/04 
2021/03/05 	129.5833282470703	130.0	129.1666717529297	129.5833282470703	27600	2021/03/05 
2021/03/08 	132.0833282470703	132.0833282470703	130.4166717529297	130.4166717529297	31200	2021/03/08 
2021/03/09 	130.0	130.4166717529297	130.0	130.0	21600	2021/03/09 
2021/03/10 	130.4166717529297	130.8333282470703	130.4166717529297	130.8333282470703	16800	2021/03/10 
2021/03/11 	130.8333282470703	135.0	130.8333282470703	134.1666717529297	127273	2021/03/11 
2021/03/12 	135.8333282470703	137.0833282470703	134.1666717529297	134.1666717529297	79200	2021/03/12 
2021/03/15 	135.4166717529297	137.0833282470703	135.4166717529297	136.6666717529297	80400	2021/03/15 
2021/03/16 	137.0833282470703	137.0833282470703	133.75	135.0	48000	2021/03/16 
2021/03/17 	134.1666717529297	134.5833282470703	132.0833282470703	132.9166717529297	48004	2021/03/17 
2021/03/18 	134.1666717529297	137.0833282470703	132.5	132.9166717529297	21600	2021/03/18 
2021/03/19 	131.6666717529297	132.9166717529297	131.25	131.6666717529297	25200	2021/03/19 
2021/03/22 	131.6666717529297	132.0833282470703	130.8333282470703	131.6666717529297	26400	2021/03/22 
2021/03/23 	132.0833282470703	132.0833282470703	130.0	130.0	36000	2021/03/23 
2021/03/24 	130.8333282470703	134.1666717529297	130.8333282470703	133.3333282470703	43380	2021/03/24 
2021/03/25 	132.0833282470703	132.0833282470703	129.1666717529297	131.6666717529297	48000	2021/03/25 
2021/03/26 	131.25	131.25	129.5833282470703	130.8333282470703	70813	2021/03/26 
2021/03/29 	130.8333282470703	130.8333282470703	129.1666717529297	129.1666717529297	58800	2021/03/29 
2021/03/30 	128.3333282470703	130.4166717529297	128.3333282470703	130.4166717529297	31200	2021/03/30 
2021/03/31 	131.25	131.25	128.75	129.1666717529297	118800	2021/03/31 
2021/04/01 	128.75	129.5833282470703	127.5	129.5833282470703	49380	2021/04/01 
2021/04/07 	133.3333282470703	135.0	131.6666717529297	135.0	61200	2021/04/07 
2021/04/08 	134.1666717529297	135.0	133.3333282470703	133.75	36000	2021/04/08 
2021/04/09 	133.3333282470703	133.3333282470703	130.0	130.4166717529297	63600	2021/04/09 
2021/04/12 	130.4166717529297	130.8333282470703	129.1666717529297	129.1666717529297	51600	2021/04/12 
2021/04/13 	129.1666717529297	130.0	128.3333282470703	128.75	32401	2021/04/13 
2021/04/14 	128.75	132.5	128.75	128.75	90000	2021/04/14 
2021/04/15 	129.5833282470703	130.8333282470703	129.5833282470703	129.5833282470703	13200	2021/04/15 
2021/04/16 	129.5833282470703	129.5833282470703	128.75	128.75	9600	2021/04/16 
2021/04/19 	131.6666717529297	132.0833282470703	130.0	130.4166717529297	43200	2021/04/19 
2021/04/20 	130.4166717529297	130.4166717529297	130.0	130.4166717529297	24000	2021/04/20 
2021/04/21 	130.4166717529297	130.4166717529297	129.5833282470703	129.5833282470703	40801	2021/04/21 
2021/04/22 	130.0	133.3333282470703	129.5833282470703	131.25	61212	2021/04/22 
2021/04/23 	132.0833282470703	134.5833282470703	131.25	133.3333282470703	63600	2021/04/23 
2021/04/26 	135.8333282470703	135.8333282470703	132.5	132.5	28800	2021/04/26 
2021/04/27 	139.1666717529297	142.5	137.9166717529297	137.9166717529297	334800	2021/04/27 
2021/04/28 	137.9166717529297	138.3333282470703	134.5833282470703	134.5833282470703	90000	2021/04/28 
2021/04/29 	135.0	137.5	135.0	135.8333282470703	75600	2021/04/29 
2021/05/03 	135.0	135.0	130.8333282470703	131.25	68401	2021/05/03 
2021/05/04 	131.25	131.25	127.08333587646484	129.1666717529297	80400	2021/05/04 
2021/05/05 	130.8333282470703	130.8333282470703	128.3333282470703	128.3333282470703	27600	2021/05/05 
2021/05/06 	129.1666717529297	130.0	127.91666412353516	128.3333282470703	16800	2021/05/06 
2021/05/07 	130.0	131.25	130.0	130.8333282470703	26400	2021/05/07 
2021/05/10 	130.8333282470703	133.3333282470703	130.8333282470703	132.5	31200	2021/05/10 
2021/05/11 	132.5	133.3333282470703	128.75	130.0	54000	2021/05/11 
2021/05/12 	129.1666717529297	129.1666717529297	117.5	123.33333587646484	124800	2021/05/12 
2021/05/13 	120.83333587646484	123.75	120.0	121.25	90001	2021/05/13 
2021/05/14 	120.83333587646484	121.66666412353516	120.0	120.0	26401	2021/05/14 
2021/05/17 	116.25	116.66666412353516	113.33333587646484	113.33333587646484	72001	2021/05/17 
2021/05/18 	113.33333587646484	118.75	113.33333587646484	118.75	57601	2021/05/18 
2021/05/19 	118.75	118.75	115.83333587646484	118.75	21600	2021/05/19 
2021/05/20 	119.16666412353516	119.16666412353516	116.66666412353516	116.66666412353516	25317	2021/05/20 
2021/05/21 	118.33333587646484	124.16666412353516	118.33333587646484	121.66666412353516	38436	2021/05/21 
2021/05/24 	121.66666412353516	124.58333587646484	120.0	123.75	31200	2021/05/24 
2021/05/25 	124.58333587646484	124.58333587646484	121.66666412353516	121.66666412353516	32400	2021/05/25 
2021/05/26 	121.25	122.08333587646484	120.83333587646484	122.08333587646484	8401	2021/05/26 
2021/05/27 	121.25	121.66666412353516	121.25	121.66666412353516	3626	2021/05/27 
2021/05/28 	122.5	123.33333587646484	121.66666412353516	123.33333587646484	21636	2021/05/28 
2021/05/31 	123.33333587646484	123.33333587646484	122.5	122.5	21600	2021/05/31 
2021/06/01 	122.5	122.5	122.08333587646484	122.5	9600	2021/06/01 
2021/06/02 	123.33333587646484	123.33333587646484	123.33333587646484	123.33333587646484	6000	2021/06/02 
2021/06/03 	123.75	124.16666412353516	122.5	122.5	19318	2021/06/03 
2021/06/04 	122.08333587646484	122.08333587646484	121.66666412353516	121.66666412353516	14400	2021/06/04 
2021/06/07 	122.5	125.41666412353516	122.5	123.33333587646484	40800	2021/06/07 
2021/06/08 	124.16666412353516	124.58333587646484	122.91666412353516	123.33333587646484	15600	2021/06/08 
2021/06/09 	129.1666717529297	135.0	128.3333282470703	129.5833282470703	243601	2021/06/09 
2021/06/10 	130.0	130.0	128.75	128.75	48000	2021/06/10 
2021/06/11 	130.0	130.0	127.5	127.91666412353516	31200	2021/06/11 
2021/06/15 	127.91666412353516	128.3333282470703	127.5	127.91666412353516	13200	2021/06/15 
2021/06/16 	127.5	127.91666412353516	126.66666412353516	126.66666412353516	18000	2021/06/16 
2021/06/17 	126.66666412353516	127.5	126.66666412353516	126.66666412353516	12000	2021/06/17 
2021/06/18 	127.5	128.75	127.5	128.3333282470703	20400	2021/06/18 
2021/06/21 	127.08333587646484	127.08333587646484	126.66666412353516	127.08333587646484	16800	2021/06/21 
2021/06/22 	127.08333587646484	127.5	126.25	127.5	15600	2021/06/22 
2021/06/23 	127.08333587646484	127.5	127.08333587646484	127.5	14400	2021/06/23 
2021/06/24 	127.91666412353516	130.4166717529297	127.91666412353516	130.4166717529297	24000	2021/06/24 
2021/06/25 	130.8333282470703	135.8333282470703	130.8333282470703	135.0	104400	2021/06/25 
2021/06/28 	137.0833282470703	142.9166717529297	137.0833282470703	141.6666717529297	320424	2021/06/28 
2021/06/29 	142.9166717529297	142.9166717529297	135.4166717529297	135.4166717529297	150012	2021/06/29 
2021/06/30 	135.8333282470703	141.25	133.3333282470703	141.25	90000	2021/06/30 
2021/07/01 	141.25	141.25	136.25	137.0833282470703	74400	2021/07/01 
2021/07/02 	138.3333282470703	138.3333282470703	134.5833282470703	137.0833282470703	63600	2021/07/02 
2021/07/05 	136.6666717529297	137.0833282470703	135.0	137.0833282470703	51600	2021/07/05 
2021/07/06 	135.4166717529297	138.3333282470703	135.0	137.5	38400	2021/07/06 
2021/07/07 	138.3333282470703	140.0	137.5	137.5	62520	2021/07/07 
2021/07/08 	137.5	139.1666717529297	137.5	137.5	28800	2021/07/08 
2021/07/09 	135.8333282470703	138.3333282470703	135.4166717529297	137.5	26400	2021/07/09 
2021/07/12 	136.25	136.25	135.0	135.4166717529297	40836	2021/07/12 
2021/07/13 	135.4166717529297	135.4166717529297	132.5	132.5	81600	2021/07/13 
2021/07/14 	132.9166717529297	132.9166717529297	128.75	130.8333282470703	97200	2021/07/14 
2021/07/15 	132.5	132.5	131.6666717529297	131.6666717529297	27600	2021/07/15 
2021/07/16 	131.6666717529297	132.5	131.25	131.6666717529297	10800	2021/07/16 
2021/07/19 	131.6666717529297	131.6666717529297	129.1666717529297	129.5833282470703	25200	2021/07/19 
2021/07/20 	129.1666717529297	129.1666717529297	126.66666412353516	127.5	49200	2021/07/20 
2021/07/21 	127.91666412353516	127.91666412353516	127.91666412353516	127.91666412353516	4800	2021/07/21 
2021/07/22 	121.66666412353516	126.25	121.66666412353516	124.16666412353516	120000	2021/07/22 
2021/07/23 	124.16666412353516	126.66666412353516	124.16666412353516	126.25	7200	2021/07/23 
2021/07/26 	125.41666412353516	125.83333587646484	125.41666412353516	125.41666412353516	10800	2021/07/26 
2021/07/27 	125.41666412353516	128.3333282470703	125.0	127.5	20400	2021/07/27 
2021/07/28 	129.1666717529297	129.1666717529297	126.66666412353516	126.66666412353516	27600	2021/07/28 
2021/07/29 	126.66666412353516	130.8333282470703	126.66666412353516	130.8333282470703	14401	2021/07/29 
2021/07/30 	124.16666412353516	125.83333587646484	124.16666412353516	124.58333587646484	85200	2021/07/30 
2021/08/02 	125.83333587646484	125.83333587646484	121.25	122.5	92421	2021/08/02 
2021/08/03 	122.5	124.16666412353516	122.08333587646484	123.33333587646484	39600	2021/08/03 
2021/08/04 	123.33333587646484	123.33333587646484	122.08333587646484	122.08333587646484	32580	2021/08/04 
2021/08/05 	122.08333587646484	122.5	122.08333587646484	122.5	6180	2021/08/05 
2021/08/06 	122.5	122.5	121.66666412353516	121.66666412353516	30252	2021/08/06 
2021/08/09 	120.83333587646484	120.83333587646484	119.58333587646484	119.58333587646484	28976	2021/08/09 
2021/08/10 	121.66666412353516	122.91666412353516	119.16666412353516	122.91666412353516	30000	2021/08/10 
2021/08/11 	121.25	121.25	119.58333587646484	120.41666412353516	28800	2021/08/11 
2021/08/12 	119.58333587646484	121.25	119.16666412353516	120.83333587646484	19200	2021/08/12 
2021/08/13 	120.0	120.0	116.25	116.25	76800	2021/08/13 
2021/08/16 	115.41666412353516	115.41666412353516	113.75	115.0	27600	2021/08/16 
2021/08/17 	114.58333587646484	117.91666412353516	114.16666412353516	114.16666412353516	13327	2021/08/17 
2021/08/18 	113.33333587646484	115.0	112.5	114.58333587646484	16800	2021/08/18 
2021/08/19 	115.0	115.0	112.91666412353516	113.33333587646484	18000	2021/08/19 
2021/08/20 	114.58333587646484	117.08333587646484	113.75	114.58333587646484	13200	2021/08/20 
2021/08/23 	115.0	117.08333587646484	115.0	117.08333587646484	9602	2021/08/23 
2021/08/24 	117.08333587646484	118.33333587646484	117.08333587646484	118.33333587646484	22800	2021/08/24 
2021/08/25 	119.16666412353516	119.16666412353516	116.66666412353516	117.5	3600	2021/08/25 
2021/08/26 	117.5	117.5	117.5	117.5	2400	2021/08/26 
2021/08/27 	116.66666412353516	118.33333587646484	116.66666412353516	118.33333587646484	8400	2021/08/27 
2021/08/30 	119.16666412353516	120.0	119.16666412353516	120.0	4800	2021/08/30 
2021/08/31 	118.33333587646484	118.75	118.33333587646484	118.75	2400	2021/08/31 
2021/09/01 	117.91666412353516	118.75	117.91666412353516	118.75	13200	2021/09/01 
2021/09/02 	117.91666412353516	119.58333587646484	117.91666412353516	119.58333587646484	10800	2021/09/02 
2021/09/03 	125.83333587646484	125.83333587646484	120.0	122.91666412353516	20406	2021/09/03 
2021/09/06 	117.91666412353516	120.0	116.25	116.25	20400	2021/09/06 
2021/09/07 	118.33333587646484	118.33333587646484	118.33333587646484	118.33333587646484	1200	2021/09/07 
2021/09/08 	117.91666412353516	117.91666412353516	116.66666412353516	117.5	12000	2021/09/08 
2021/09/09 	118.75	118.75	118.75	118.75	1200	2021/09/09 
2021/09/10 	117.5	118.33333587646484	117.08333587646484	117.5	7200	2021/09/10 
2021/09/13 	117.5	117.5	117.08333587646484	117.08333587646484	9600	2021/09/13 
2021/09/14 	117.5	117.5	117.08333587646484	117.08333587646484	3614	2021/09/14 
2021/09/15 	118.75	118.75	118.33333587646484	118.75	3600	2021/09/15 
2021/09/16 	118.75	118.75	118.75	118.75	0	2021/09/16 
2021/09/17 	117.5	117.5	117.5	117.5	2400	2021/09/17 
2021/09/22 	114.58333587646484	115.0	113.75	113.75	18000	2021/09/22 
2021/09/23 	114.58333587646484	115.41666412353516	114.16666412353516	114.58333587646484	7200	2021/09/23 
2021/09/24 	115.83333587646484	118.75	115.83333587646484	118.75	14400	2021/09/24 
2021/09/27 	117.5	118.75	117.5	117.5	15600	2021/09/27 
2021/09/28 	117.5	117.5	117.08333587646484	117.08333587646484	2400	2021/09/28 
2021/09/29 	115.83333587646484	117.08333587646484	111.66666412353516	113.75	49200	2021/09/29 
2021/09/30 	112.91666412353516	116.25	112.91666412353516	116.25	8400	2021/09/30 
2021/10/01 	114.16666412353516	115.41666412353516	112.08333587646484	112.08333587646484	22800	2021/10/01 
2021/10/04 	112.08333587646484	113.75	111.66666412353516	112.5	20403	2021/10/04 
2021/10/05 	113.33333587646484	113.75	112.5	112.5	16800	2021/10/05 
2021/10/06 	112.91666412353516	112.91666412353516	111.66666412353516	111.66666412353516	12000	2021/10/06 
2021/10/07 	111.66666412353516	112.5	111.66666412353516	112.5	3604	2021/10/07 
2021/10/08 	116.66666412353516	120.41666412353516	115.83333587646484	118.33333587646484	68400	2021/10/08 
2021/10/12 	116.66666412353516	117.08333587646484	115.41666412353516	115.41666412353516	18000	2021/10/12 
2021/10/13 	114.58333587646484	114.58333587646484	112.5	112.5	20400	2021/10/13 
2021/10/14 	113.33333587646484	113.33333587646484	112.08333587646484	112.08333587646484	3600	2021/10/14 
2021/10/15 	113.33333587646484	115.41666412353516	113.33333587646484	114.58333587646484	20400	2021/10/15 
2021/10/18 	115.41666412353516	116.25	115.41666412353516	115.41666412353516	15601	2021/10/18 
2021/10/19 	114.58333587646484	117.08333587646484	114.58333587646484	117.08333587646484	8400	2021/10/19 
2021/10/20 	117.08333587646484	117.91666412353516	117.08333587646484	117.91666412353516	4800	2021/10/20 
2021/10/21 	117.5	117.5	116.25	117.5	8400	2021/10/21 
2021/10/22 	116.66666412353516	116.66666412353516	116.66666412353516	116.66666412353516	1200	2021/10/22 
2021/10/25 	115.83333587646484	116.25	114.58333587646484	115.41666412353516	18000	2021/10/25 
2021/10/26 	115.41666412353516	117.08333587646484	115.41666412353516	117.08333587646484	12000	2021/10/26 
2021/10/27 	116.25	116.25	115.83333587646484	115.83333587646484	4800	2021/10/27 
2021/10/28 	115.83333587646484	115.83333587646484	115.83333587646484	115.83333587646484	0	2021/10/28 
2021/10/29 	115.0	115.41666412353516	115.0	115.41666412353516	15600	2021/10/29 
2021/11/01 	115.41666412353516	115.83333587646484	114.58333587646484	115.83333587646484	19200	2021/11/01 
2021/11/02 	115.83333587646484	116.25	115.83333587646484	115.83333587646484	8400	2021/11/02 
2021/11/03 	116.66666412353516	116.66666412353516	116.25	116.66666412353516	10800	2021/11/03 
2021/11/04 	117.08333587646484	118.75	117.08333587646484	118.75	33600	2021/11/04 
2021/11/05 	117.91666412353516	122.08333587646484	117.5	122.08333587646484	54000	2021/11/05 
2021/11/08 	122.5	122.5	121.25	121.66666412353516	14400	2021/11/08 
2021/11/09 	121.66666412353516	121.66666412353516	119.16666412353516	120.0	14400	2021/11/09 
2021/11/10 	120.41666412353516	122.08333587646484	120.41666412353516	120.83333587646484	19201	2021/11/10 
2021/11/11 	121.25	121.66666412353516	120.83333587646484	120.83333587646484	6000	2021/11/11 
2021/11/12 	120.0	120.0	119.16666412353516	119.16666412353516	19200	2021/11/12 
2021/11/15 	119.58333587646484	119.58333587646484	117.91666412353516	117.91666412353516	26400	2021/11/15 
2021/11/16 	118.33333587646484	118.33333587646484	117.5	117.5	19200	2021/11/16 
2021/11/17 	118.33333587646484	118.33333587646484	118.33333587646484	118.33333587646484	2400	2021/11/17 
2021/11/18 	118.33333587646484	118.33333587646484	117.91666412353516	117.91666412353516	8400	2021/11/18 
2021/11/19 	117.91666412353516	117.91666412353516	117.5	117.5	4800	2021/11/19 
2021/11/22 	117.5	117.5	117.08333587646484	117.5	7200	2021/11/22 
2021/11/23 	117.08333587646484	117.5	116.66666412353516	117.5	6000	2021/11/23 
2021/11/24 	117.08333587646484	117.5	117.08333587646484	117.5	2400	2021/11/24 
2021/11/25 	117.5	117.5	116.25	116.25	8400	2021/11/25 
2021/11/26 	116.66666412353516	116.66666412353516	115.41666412353516	115.41666412353516	12000	2021/11/26 
2021/11/29 	113.33333587646484	116.66666412353516	113.33333587646484	116.66666412353516	4800	2021/11/29 
2021/11/30 	115.83333587646484	115.83333587646484	112.91666412353516	114.58333587646484	18006	2021/11/30 
2021/12/01 	116.25	116.25	116.25	116.25	2400	2021/12/01 
2021/12/02 	116.25	116.25	116.25	116.25	0	2021/12/02 
2021/12/03 	115.0	116.25	115.0	116.25	3600	2021/12/03 
2021/12/06 	116.25	116.25	116.25	116.25	0	2021/12/06 
2021/12/07 	113.75	115.41666412353516	112.91666412353516	112.91666412353516	75600	2021/12/07 
2021/12/08 	112.91666412353516	112.91666412353516	110.41666412353516	111.66666412353516	134400	2021/12/08 
2021/12/09 	110.83333587646484	112.5	109.58333587646484	112.5	117600	2021/12/09 
2021/12/10 	114.16666412353516	114.58333587646484	108.75	109.58333587646484	133200	2021/12/10 
2021/12/13 	110.83333587646484	111.66666412353516	110.83333587646484	110.83333587646484	8400	2021/12/13 
2021/12/14 	111.25	111.25	109.58333587646484	109.58333587646484	8400	2021/12/14 
2021/12/15 	110.41666412353516	110.41666412353516	110.0	110.0	4800	2021/12/15 
2021/12/16 	110.0	110.0	109.58333587646484	110.0	13200	2021/12/16 
2021/12/17 	109.16666412353516	109.58333587646484	109.16666412353516	109.58333587646484	2400	2021/12/17 
2021/12/20 	110.0	110.41666412353516	109.58333587646484	110.41666412353516	10800	2021/12/20 
2021/12/21 	110.41666412353516	113.75	110.41666412353516	112.5	14400	2021/12/21 
2021/12/22 	112.08333587646484	112.08333587646484	112.08333587646484	112.08333587646484	1200	2021/12/22 
2021/12/23 	111.25	112.08333587646484	111.25	112.08333587646484	7200	2021/12/23 
2021/12/24 	112.08333587646484	112.08333587646484	112.08333587646484	112.08333587646484	3600	2021/12/24 
2021/12/27 	112.08333587646484	112.91666412353516	112.08333587646484	112.91666412353516	7200	2021/12/27 
2021/12/28 	113.75	114.58333587646484	113.75	114.16666412353516	10800	2021/12/28 
2021/12/29 	114.58333587646484	114.58333587646484	113.33333587646484	113.33333587646484	9600	2021/12/29 
2021/12/30 	114.16666412353516	114.16666412353516	113.33333587646484	113.33333587646484	3600	2021/12/30 
2022/01/03 	114.58333587646484	114.58333587646484	114.58333587646484	114.58333587646484	6000	2022/01/03 
2022/01/04 	115.83333587646484	115.83333587646484	115.0	115.0	10800	2022/01/04 
2022/01/05 	115.0	115.0	115.0	115.0	4800	2022/01/05 
2022/01/06 	115.0	115.0	115.0	115.0	1200	2022/01/06 
2022/01/07 	111.66666412353516	114.58333587646484	108.33333587646484	114.16666412353516	10800	2022/01/07 
2022/01/10 	114.16666412353516	114.16666412353516	114.16666412353516	114.16666412353516	0	2022/01/10 
2022/01/11 	114.16666412353516	114.16666412353516	114.16666412353516	114.16666412353516	1200	2022/01/11 
2022/01/12 	114.16666412353516	114.16666412353516	114.16666412353516	114.16666412353516	1200	2022/01/12 
2022/01/13 	114.16666412353516	114.16666412353516	114.16666412353516	114.16666412353516	0	2022/01/13 
2022/01/14 	112.5	112.5	110.83333587646484	111.25	7298	2022/01/14 
2022/01/17 	111.25	111.25	111.25	111.25	6000	2022/01/17 
2022/01/18 	111.25	111.25	111.25	111.25	0	2022/01/18 
2022/01/19 	110.83333587646484	111.25	110.0	110.0	14400	2022/01/19 
2022/01/20 	110.0	110.0	110.0	110.0	0	2022/01/20 
2022/01/21 	109.16666412353516	109.58333587646484	109.16666412353516	109.58333587646484	8400	2022/01/21 
2022/01/24 	109.58333587646484	109.58333587646484	108.75	109.58333587646484	13200	2022/01/24 
2022/01/25 	108.75	108.75	108.33333587646484	108.33333587646484	9600	2022/01/25 
2022/01/26 	108.33333587646484	108.33333587646484	107.5	107.5	12000	2022/01/26 
2022/02/07 	107.91666412353516	110.0	107.91666412353516	110.0	7200	2022/02/07 
2022/02/08 	108.33333587646484	108.33333587646484	107.91666412353516	108.33333587646484	21600	2022/02/08 
2022/02/09 	109.16666412353516	109.58333587646484	108.33333587646484	109.58333587646484	7200	2022/02/09 
2022/02/10 	108.33333587646484	109.16666412353516	108.33333587646484	108.33333587646484	12000	2022/02/10 
2022/02/11 	109.16666412353516	109.16666412353516	108.75	108.75	3600	2022/02/11 
2022/02/14 	108.75	110.0	108.75	108.75	8400	2022/02/14 
2022/02/15 	107.5	107.5	104.16666412353516	104.16666412353516	114000	2022/02/15 
2022/02/16 	105.0	107.08333587646484	105.0	106.25	18000	2022/02/16 
2022/02/17 	105.0	106.25	104.16666412353516	105.0	21600	2022/02/17 
2022/02/18 	105.0	105.83333587646484	104.16666412353516	105.0	14400	2022/02/18 
2022/02/21 	105.0	105.0	105.0	105.0	0	2022/02/21 
2022/02/22 	102.5	102.5	102.5	102.5	2400	2022/02/22 
2022/02/23 	105.41666412353516	105.41666412353516	104.16666412353516	104.16666412353516	6000	2022/02/23 
2022/02/24 	103.33333587646484	105.0	103.33333587646484	104.58333587646484	9600	2022/02/24 
2022/02/25 	103.33333587646484	108.33333587646484	102.5	107.08333587646484	34800	2022/02/25 
2022/03/01 	106.66666412353516	108.33333587646484	106.25	107.5	32400	2022/03/01 
2022/03/02 	107.08333587646484	107.5	106.66666412353516	107.5	10800	2022/03/02 
2022/03/03 	107.91666412353516	107.91666412353516	107.91666412353516	107.91666412353516	1200	2022/03/03 
2022/03/04 	107.91666412353516	109.16666412353516	105.83333587646484	108.33333587646484	18000	2022/03/04 
2022/03/07 	105.41666412353516	107.91666412353516	105.41666412353516	107.08333587646484	15600	2022/03/07 
2022/03/08 	107.5	110.83333587646484	107.08333587646484	107.08333587646484	24000	2022/03/08 
2022/03/09 	107.08333587646484	107.5	107.08333587646484	107.08333587646484	8400	2022/03/09 
2022/03/10 	107.5	110.83333587646484	107.08333587646484	110.0	40800	2022/03/10 
2022/03/11 	107.5	108.75	107.5	108.75	13200	2022/03/11 
2022/03/14 	108.33333587646484	110.83333587646484	108.33333587646484	110.0	27600	2022/03/14 
2022/03/15 	107.5	108.75	107.08333587646484	108.75	15600	2022/03/15 
2022/03/16 	109.16666412353516	110.0	107.08333587646484	108.75	51600	2022/03/16 
2022/03/17 	107.5	112.5	107.5	112.5	62520	2022/03/17 
2022/03/18 	110.41666412353516	110.41666412353516	108.75	109.58333587646484	19201	2022/03/18 
2022/03/21 	109.16666412353516	109.16666412353516	108.75	108.75	7200	2022/03/21 
2022/03/22 	110.41666412353516	111.66666412353516	110.0	111.25	40879	2022/03/22 
2022/03/23 	112.5	114.16666412353516	111.66666412353516	112.91666412353516	33600	2022/03/23 
2022/03/24 	112.91666412353516	113.75	112.5	113.33333587646484	21607	2022/03/24 
2022/03/25 	114.16666412353516	114.58333587646484	113.33333587646484	113.33333587646484	18000	2022/03/25 
2022/03/28 	112.5	112.5	111.66666412353516	111.66666412353516	9600	2022/03/28 
2022/03/29 	112.08333587646484	112.08333587646484	111.66666412353516	111.66666412353516	9600	2022/03/29 
2022/03/30 	110.83333587646484	112.08333587646484	110.83333587646484	112.08333587646484	18000	2022/03/30 
2022/03/31 	111.25	112.5	111.25	112.5	12000	2022/03/31 
2022/04/01 	112.5	112.5	111.66666412353516	111.66666412353516	7200	2022/04/01 
2022/04/06 	110.83333587646484	111.66666412353516	110.83333587646484	111.25	8400	2022/04/06 
2022/04/07 	110.83333587646484	111.66666412353516	110.0	111.25	19200	2022/04/07 
2022/04/08 	120.83333587646484	120.83333587646484	113.33333587646484	115.0	52800	2022/04/08 
2022/04/11 	115.0	115.0	112.91666412353516	113.75	10802	2022/04/11 
2022/04/12 	113.75	113.75	110.83333587646484	112.5	9600	2022/04/12 
2022/04/13 	113.33333587646484	114.16666412353516	112.5	114.16666412353516	13200	2022/04/13 
2022/04/14 	112.5	113.75	112.5	112.5	12000	2022/04/14 
2022/04/15 	111.25	112.5	111.25	112.5	7200	2022/04/15 
2022/04/18 	110.83333587646484	112.08333587646484	110.0	112.08333587646484	10800	2022/04/18 
2022/04/19 	112.5	112.5	112.08333587646484	112.5	6001	2022/04/19 
2022/04/20 	111.66666412353516	112.5	111.25	112.5	10800	2022/04/20 
2022/04/21 	112.5	112.91666412353516	112.5	112.91666412353516	3600	2022/04/21 
2022/04/22 	111.25	112.91666412353516	111.25	112.91666412353516	2400	2022/04/22 
2022/04/25 	110.83333587646484	111.25	110.0	111.25	16800	2022/04/25 
2022/04/26 	111.25	111.66666412353516	111.25	111.66666412353516	4800	2022/04/26 
2022/04/27 	111.66666412353516	111.66666412353516	110.83333587646484	111.66666412353516	10836	2022/04/27 
2022/04/28 	111.66666412353516	116.25	111.66666412353516	115.41666412353516	44580	2022/04/28 
2022/04/29 	116.66666412353516	120.0	116.25	117.5	56401	2022/04/29 
2022/05/03 	116.25	116.25	115.0	115.0	21600	2022/05/03 
2022/05/04 	117.5	118.33333587646484	115.83333587646484	117.08333587646484	36001	2022/05/04 
2022/05/05 	117.5	117.5	116.25	116.25	12190	2022/05/05 
2022/05/06 	115.41666412353516	117.08333587646484	113.33333587646484	117.08333587646484	12000	2022/05/06 
2022/05/09 	116.66666412353516	117.91666412353516	116.66666412353516	117.5	36000	2022/05/09 
2022/05/10 	115.41666412353516	117.91666412353516	115.41666412353516	117.91666412353516	12006	2022/05/10 
2022/05/11 	117.91666412353516	119.16666412353516	117.91666412353516	119.16666412353516	28800	2022/05/11 
2022/05/12 	119.16666412353516	120.0	117.91666412353516	118.33333587646484	43200	2022/05/12 
2022/05/13 	118.33333587646484	119.58333587646484	118.33333587646484	119.16666412353516	21600	2022/05/13 
2022/05/16 	119.58333587646484	119.58333587646484	118.75	118.75	15600	2022/05/16 
2022/05/17 	119.16666412353516	120.0	117.91666412353516	117.91666412353516	43200	2022/05/17 
2022/05/18 	117.91666412353516	118.75	117.91666412353516	118.33333587646484	13200	2022/05/18 
2022/05/19 	117.5	117.5	117.5	117.5	10800	2022/05/19 
2022/05/20 	117.91666412353516	117.91666412353516	117.91666412353516	117.91666412353516	3600	2022/05/20 
2022/05/23 	118.33333587646484	118.33333587646484	118.33333587646484	118.33333587646484	2400	2022/05/23 
2022/05/24 	117.5	117.5	117.08333587646484	117.08333587646484	13200	2022/05/24 
2022/05/25 	117.08333587646484	117.91666412353516	117.08333587646484	117.91666412353516	8400	2022/05/25 
2022/05/26 	117.91666412353516	118.33333587646484	117.91666412353516	118.33333587646484	22812	2022/05/26 
2022/05/27 	119.16666412353516	120.0	118.33333587646484	118.75	22800	2022/05/27 
2022/05/30 	118.33333587646484	119.58333587646484	118.33333587646484	119.16666412353516	14400	2022/05/30 
2022/05/31 	119.16666412353516	119.16666412353516	119.16666412353516	119.16666412353516	2400	2022/05/31 
2022/06/01 	119.16666412353516	119.16666412353516	119.16666412353516	119.16666412353516	6000	2022/06/01 
2022/06/02 	119.58333587646484	120.0	119.16666412353516	119.16666412353516	13200	2022/06/02 
2022/06/06 	120.0	120.41666412353516	120.0	120.0	20400	2022/06/06 
2022/06/07 	120.0	120.83333587646484	119.58333587646484	120.0	9601	2022/06/07 
2022/06/08 	120.83333587646484	122.5	120.41666412353516	121.66666412353516	67200	2022/06/08 
2022/06/09 	120.41666412353516	120.41666412353516	118.33333587646484	119.16666412353516	78000	2022/06/09 
2022/06/10 	118.75	119.58333587646484	118.33333587646484	119.58333587646484	15600	2022/06/10 
2022/06/13 	118.75	118.75	117.5	117.91666412353516	26400	2022/06/13 
2022/06/14 	117.91666412353516	117.91666412353516	116.25	116.25	13200	2022/06/14 
2022/06/15 	115.41666412353516	117.5	115.0	117.5	19237	2022/06/15 
2022/06/16 	116.66666412353516	116.66666412353516	116.66666412353516	116.66666412353516	7200	2022/06/16 
2022/06/17 	117.91666412353516	119.16666412353516	117.91666412353516	118.75	7201	2022/06/17 
2022/06/20 	117.5	117.5	115.41666412353516	115.83333587646484	25200	2022/06/20 
2022/06/21 	115.83333587646484	115.83333587646484	115.41666412353516	115.83333587646484	7200	2022/06/21 
2022/06/22 	116.66666412353516	116.66666412353516	113.33333587646484	113.33333587646484	19200	2022/06/22 
2022/06/23 	114.16666412353516	114.16666412353516	112.91666412353516	113.33333587646484	19200	2022/06/23 
2022/06/24 	114.16666412353516	115.83333587646484	114.16666412353516	115.0	15600	2022/06/24 
2022/06/27 	116.25	117.5	115.83333587646484	117.5	7200	2022/06/27 
2022/06/28 	119.16666412353516	119.16666412353516	116.66666412353516	116.66666412353516	13200	2022/06/28 
2022/06/29 	116.25	116.25	115.83333587646484	116.25	7200	2022/06/29 
2022/06/30 	115.83333587646484	118.75	115.0	118.75	15640	2022/06/30 
2022/07/01 	117.5	117.5	113.33333587646484	113.33333587646484	22800	2022/07/01 
2022/07/04 	113.33333587646484	113.75	112.5	113.33333587646484	13200	2022/07/04 
2022/07/05 	115.41666412353516	116.25	113.33333587646484	114.58333587646484	20400	2022/07/05 
2022/07/06 	113.75	113.75	111.66666412353516	111.66666412353516	16800	2022/07/06 
2022/07/07 	113.33333587646484	114.16666412353516	112.5	114.16666412353516	8400	2022/07/07 
2022/07/08 	114.16666412353516	114.58333587646484	114.16666412353516	114.58333587646484	24042	2022/07/08 
2022/07/11 	114.58333587646484	122.91666412353516	114.58333587646484	121.66666412353516	116641	2022/07/11 
2022/07/12 	117.0	117.0	107.0	109.5	85000	2022/07/12 
2022/07/13 	109.0	115.0	109.0	113.0	31000	2022/07/13 
2022/07/14 	114.0	114.0	110.0	112.5	23000	2022/07/14 
2022/07/15 	110.0	114.5	110.0	113.0	20000	2022/07/15 
2022/07/18 	111.5	114.0	111.5	114.0	16000	2022/07/18 
2022/07/19 	113.0	113.0	111.5	112.0	41000	2022/07/19 
2022/07/20 	112.0	112.5	111.0	112.0	29002	2022/07/20 
2022/07/21 	112.0	113.0	111.0	112.0	34000	2022/07/21 
2022/07/22 	112.5	115.5	112.5	113.5	11000	2022/07/22 
2022/07/25 	113.0	113.0	111.5	111.5	29000	2022/07/25 
2022/07/26 	113.5	115.0	112.0	112.0	27000	2022/07/26 
2022/07/27 	111.5	113.0	111.5	112.0	11000	2022/07/27 
2022/07/28 	112.5	113.5	111.0	111.5	12000	2022/07/28 
2022/07/29 	115.0	116.0	111.0	112.0	72040	2022/07/29 
2022/08/01 	112.0	112.5	111.0	112.0	15038	2022/08/01 
2022/08/02 	112.0	112.0	110.0	111.0	18046	2022/08/02 
2022/08/03 	111.0	111.0	110.0	111.0	16000	2022/08/03 
2022/08/04 	110.5	111.0	110.0	111.0	10000	2022/08/04 
2022/08/05 	113.0	115.0	113.0	115.0	17000	2022/08/05 
2022/08/08 	115.0	115.5	113.5	113.5	20000	2022/08/08 
2022/08/09 	113.5	115.0	113.5	114.5	9000	2022/08/09 
2022/08/10 	112.5	113.5	111.5	113.0	16050	2022/08/10 
2022/08/11 	113.0	114.0	112.0	113.0	12000	2022/08/11 
2022/08/12 	112.5	114.5	112.5	114.0	17000	2022/08/12 
2022/08/15 	114.0	114.5	113.5	114.0	8000	2022/08/15 
2022/08/16 	113.0	114.0	112.0	112.5	32000	2022/08/16 
2022/08/17 	113.0	113.5	113.0	113.0	10210	2022/08/17 
2022/08/18 	112.5	114.0	112.0	114.0	14000	2022/08/18 
2022/08/19 	112.5	112.5	111.5	111.5	39000	2022/08/19 
2022/08/22 	110.5	111.5	110.5	111.5	10000	2022/08/22 
2022/08/23 	111.0	112.0	111.0	112.0	10040	2022/08/23 
2022/08/24 	112.5	112.5	111.5	112.5	15095	2022/08/24 
2022/08/25 	112.5	113.5	112.5	112.5	11000	2022/08/25 
2022/08/26 	114.0	115.0	112.5	112.5	30050	2022/08/26 
2022/08/29 	111.5	111.5	110.5	111.5	6000	2022/08/29 
2022/08/30 	110.5	113.0	110.5	113.0	12000	2022/08/30 
2022/08/31 	113.0	114.0	113.0	113.0	14000	2022/08/31 
2022/09/01 	112.5	114.0	110.0	111.0	25000	2022/09/01 
2022/09/02 	111.5	112.0	111.5	111.5	7000	2022/09/02 
2022/09/05 	111.5	112.0	111.5	112.0	5016	2022/09/05 
2022/09/06 	110.5	112.5	110.5	112.5	6020	2022/09/06 
2022/09/07 	111.5	112.5	110.5	111.0	8000	2022/09/07 
2022/09/08 	112.0	112.5	112.0	112.5	4000	2022/09/08 
2022/09/12 	113.0	114.5	110.5	112.0	24000	2022/09/12 
2022/09/13 	111.5	113.0	111.5	112.0	23000	2022/09/13 
2022/09/14 	112.0	112.0	112.0	112.0	4000	2022/09/14 
2022/09/15 	111.0	112.5	111.0	112.0	21000	2022/09/15 
2022/09/16 	111.0	111.5	110.5	111.0	29004	2022/09/16 
2022/09/19 	111.0	111.5	110.0	111.5	10200	2022/09/19 
2022/09/20 	111.5	111.5	111.0	111.5	10000	2022/09/20 
2022/09/21 	111.0	111.0	108.0	109.0	19008	2022/09/21 
2022/09/22 	110.0	110.0	108.5	109.0	8124	2022/09/22 
2022/09/23 	108.5	110.0	108.0	109.0	7000	2022/09/23 
2022/09/26 	108.0	108.0	106.0	107.0	15000	2022/09/26 
2022/09/27 	109.0	109.0	104.0	106.0	11295	2022/09/27 
2022/09/28 	107.0	107.0	105.0	105.5	12133	2022/09/28 
2022/09/29 	106.0	107.0	104.5	105.5	8172	2022/09/29 
2022/09/30 	104.0	105.0	104.0	104.0	8020	2022/09/30 
2022/10/03 	102.0	104.0	101.0	103.5	15000	2022/10/03 
2022/10/04 	104.0	105.5	103.0	104.5	13000	2022/10/04 
2022/10/05 	104.0	105.0	104.0	104.0	6000	2022/10/05 
2022/10/06 	104.0	105.0	104.0	104.5	6000	2022/10/06 
2022/10/07 	103.5	104.0	103.0	104.0	8000	2022/10/07 
2022/10/11 	101.0	102.0	101.0	102.0	6000	2022/10/11 
2022/10/12 	102.0	102.0	100.0	101.0	3000	2022/10/12 
2022/10/13 	102.0	102.0	101.0	101.0	11000	2022/10/13 
2022/10/14 	100.5	103.0	100.5	103.0	12000	2022/10/14 
2022/10/17 	101.0	101.0	99.5	100.5	68000	2022/10/17 
2022/10/18 	102.0	102.5	101.5	101.5	4000	2022/10/18 
2022/10/19 	101.5	101.5	100.5	101.0	5000	2022/10/19 
2022/10/20 	99.5	100.5	99.5	100.5	4000	2022/10/20 
2022/10/21 	100.0	102.0	100.0	102.0	3284	2022/10/21 
2022/10/24 	103.0	103.0	102.5	102.5	2020	2022/10/24 
2022/10/25 	103.0	103.0	101.0	102.0	8100	2022/10/25 
2022/10/26 	102.0	102.0	102.0	102.0	3110	2022/10/26 
2022/10/27 	106.0	106.0	102.0	102.0	12000	2022/10/27 
2022/10/28 	102.0	102.0	101.5	101.5	2000	2022/10/28 
2022/10/31 	100.5	102.0	100.5	101.0	14000	2022/10/31 
2022/11/01 	102.0	102.0	101.0	101.5	75150	2022/11/01 
2022/11/02 	102.0	102.0	100.0	100.0	74210	2022/11/02 
2022/11/03 	101.0	101.0	99.9000015258789	100.5	20000	2022/11/03 
2022/11/04 	100.5	101.0	100.0	100.5	59600	2022/11/04 
2022/11/07 	100.5	100.5	100.0	100.5	52020	2022/11/07 
2022/11/08 	101.0	104.0	100.5	101.0	31000	2022/11/08 
2022/11/09 	102.0	103.0	101.5	102.5	25100	2022/11/09 
2022/11/10 	101.0	102.5	100.0	100.5	135072	2022/11/10 
2022/11/11 	101.0	101.0	99.0	100.0	47276	2022/11/11 
2022/11/14 	100.5	100.5	99.5	99.9000015258789	42000	2022/11/14 
2022/11/15 	100.5	100.5	99.5999984741211	99.9000015258789	32000	2022/11/15 
2022/11/16 	99.69999694824219	100.0	99.5	99.9000015258789	22000	2022/11/16 
2022/11/17 	100.0	100.5	99.69999694824219	100.5	14000	2022/11/17 
2022/11/18 	99.9000015258789	100.5	99.9000015258789	100.5	4030	2022/11/18 
2022/11/21 	100.0	101.0	100.0	101.0	15000	2022/11/21 
2022/11/22 	101.0	101.5	100.5	101.5	3000	2022/11/22 
2022/11/23 	102.5	102.5	100.0	101.5	8000	2022/11/23 
2022/11/24 	101.5	102.0	101.0	102.0	9100	2022/11/24 
2022/11/25 	101.5	101.5	100.0	101.5	12000	2022/11/25 
2022/11/28 	100.5	102.0	100.0	102.0	13000	2022/11/28 
2022/11/29 	100.5	102.0	100.5	101.0	10000	2022/11/29 
2022/11/30 	101.5	101.5	100.5	101.5	19000	2022/11/30 
2022/12/01 	102.0	102.0	101.0	101.5	12200	2022/12/01 
2022/12/02 	101.0	101.5	101.0	101.5	18000	2022/12/02 
2022/12/05 	101.0	102.5	101.0	102.5	12000	2022/12/05 
2022/12/06 	103.0	103.0	101.0	101.5	9000	2022/12/06 
2022/12/07 	101.5	101.5	101.0	101.5	25000	2022/12/07 
2022/12/08 	101.0	101.5	101.0	101.5	6000	2022/12/08 
2022/12/09 	101.5	102.0	101.0	101.0	40000	2022/12/09 
2022/12/12 	101.0	101.0	100.5	101.0	14000	2022/12/12 
2022/12/13 	101.0	101.5	101.0	101.5	15000	2022/12/13 
2022/12/14 	102.0	102.5	101.0	101.5	39100	2022/12/14 
2022/12/15 	101.5	101.5	100.5	101.5	43000	2022/12/15 
2022/12/16 	101.5	101.5	100.0	100.5	18000	2022/12/16 
2022/12/19 	100.5	101.0	100.5	101.0	3000	2022/12/19 
2022/12/20 	101.0	101.0	100.0	100.0	12000	2022/12/20 
2022/12/21 	100.5	101.0	100.5	100.5	10010	2022/12/21 
2022/12/22 	101.5	102.0	100.0	100.5	26000	2022/12/22 
2022/12/23 	100.0	100.5	99.5999984741211	100.5	5000	2022/12/23 
2022/12/26 	100.0	100.5	100.0	100.5	8000	2022/12/26 
2022/12/27 	100.0	100.5	99.9000015258789	100.5	12000	2022/12/27 
2022/12/28 	100.5	100.5	100.0	100.5	10008	2022/12/28 
2022/12/29 	100.0	100.0	99.0	99.5999984741211	12000	2022/12/29 
2022/12/30 	99.5999984741211	100.0	99.5999984741211	99.80000305175781	3000	2022/12/30 
2023/01/03 	99.19999694824219	100.0	99.19999694824219	100.0	7000	2023/01/03 
2023/01/04 	99.5999984741211	100.0	99.5	99.5	8000	2023/01/04 
2023/01/05 	100.5	100.5	99.5999984741211	99.5999984741211	4600	2023/01/05 
2023/01/06 	99.9000015258789	99.9000015258789	99.80000305175781	99.80000305175781	3000	2023/01/06 
2023/01/09 	100.0	100.0	99.5999984741211	99.5999984741211	2170	2023/01/09 
2023/01/10 	99.5999984741211	99.80000305175781	99.5	99.80000305175781	5000	2023/01/10 
2023/01/11 	100.0	100.0	99.5	99.9000015258789	5014	2023/01/11 
2023/01/12 	99.9000015258789	99.9000015258789	99.5	99.5	8044	2023/01/12 
2023/01/13 	100.0	100.0	99.4000015258789	99.4000015258789	3000	2023/01/13 
2023/01/16 	99.9000015258789	99.9000015258789	99.4000015258789	99.80000305175781	5015	2023/01/16 
2023/01/17 	99.80000305175781	101.5	99.80000305175781	100.0	14005	2023/01/17 
2023/01/30 	102.0	102.0	100.5	101.0	18000	2023/01/30 
2023/01/31 	101.0	101.0	101.0	101.0	6400	2023/01/31 
2023/02/01 	101.5	101.5	101.0	101.0	10400	2023/02/01 
2023/02/02 	101.0	101.0	100.0	101.0	10342	2023/02/02 
2023/02/03 	102.0	102.0	100.5	101.0	6000	2023/02/03 
2023/02/06 	101.0	101.5	101.0	101.5	8012	2023/02/06 
2023/02/07 	101.5	101.5	101.0	101.5	5000	2023/02/07 
2023/02/08 	100.5	101.0	100.0	101.0	11400	2023/02/08 
2023/02/09 	101.0	101.5	100.5	101.0	9088	2023/02/09 
2023/02/10 	101.5	101.5	100.5	101.0	6001	2023/02/10 
2023/02/13 	101.0	101.5	101.0	101.5	5000	2023/02/13 
2023/02/14 	101.0	101.5	101.0	101.0	15000	2023/02/14 
2023/02/15 	105.0	111.0	102.0	111.0	204200	2023/02/15 
2023/02/16 	115.5	122.0	115.0	115.5	773700	2023/02/16 
2023/02/17 	115.0	118.5	112.0	113.5	206242	2023/02/17 
2023/02/20 	113.5	116.0	113.0	113.0	107000	2023/02/20 
2023/02/21 	113.0	118.5	113.0	114.0	177000	2023/02/21 
2023/02/22 	113.5	115.0	108.5	110.0	106000	2023/02/22 
2023/02/23 	111.5	113.0	110.5	113.0	34000	2023/02/23 
2023/02/24 	114.0	114.0	112.0	112.0	19000	2023/02/24 
2023/03/01 	112.0	112.5	110.0	112.5	25006	2023/03/01 
2023/03/02 	112.0	113.0	110.5	111.5	35000	2023/03/02 
2023/03/03 	112.0	112.0	111.0	111.5	20000	2023/03/03 
2023/03/06 	111.5	114.5	111.5	113.5	44000	2023/03/06 
2023/03/07 	113.5	115.5	113.5	114.0	59000	2023/03/07 
2023/03/08 	113.5	113.5	113.0	113.0	6007	2023/03/08 
