Date	Open	High	Low	Close	Volume	Date
2019/09/11 	37.28685760498047	39.617286682128906	27.906883239746094	28.658445358276367	373944	2019/09/11 
2019/09/12 	28.565229415893555	28.565229415893555	27.207754135131836	27.49323272705078	77925	2019/09/12 
2019/09/16 	26.223148345947266	27.440797805786133	21.533161163330078	27.440797805786133	409842	2019/09/16 
2019/09/17 	25.93184471130371	29.223575592041016	24.912282943725586	27.96514320373535	216181	2019/09/17 
2019/09/18 	27.56314468383789	27.592275619506836	26.217321395874023	26.63097381591797	53724	2019/09/18 
2019/09/19 	27.283493041992188	28.821575164794922	27.283493041992188	27.96514320373535	38272	2019/09/19 
2019/09/20 	29.12453269958496	29.13035774230957	28.722532272338867	28.839054107666016	19223	2019/09/20 
2019/09/23 	29.13035774230957	29.229400634765625	29.13035774230957	29.229400634765625	6865	2019/09/23 
2019/09/24 	27.912708282470703	27.96514320373535	26.799928665161133	26.799928665161133	46429	2019/09/24 
2019/09/25 	26.625146865844727	26.625146865844727	26.619321823120117	26.619321823120117	3606	2019/09/25 
2019/09/26 	26.51445198059082	26.51445198059082	25.5181941986084	25.5181941986084	5235	2019/09/26 
2019/09/27 	25.524019241333008	26.799928665161133	25.524019241333008	26.799928665161133	15447	2019/09/27 
2019/10/01 	25.524019241333008	26.799928665161133	25.19193458557129	25.634714126586914	24029	2019/10/01 
2019/10/02 	26.50279998779297	26.50279998779297	25.634714126586914	25.634714126586914	6865	2019/10/02 
2019/10/03 	25.634714126586914	25.634714126586914	25.634714126586914	25.634714126586914	1716	2019/10/03 
2019/10/04 	26.619321823120117	27.464101791381836	26.228973388671875	27.464101791381836	40593	2019/10/04 
2019/10/07 	26.298887252807617	26.799928665161133	26.298887252807617	26.799928665161133	3537	2019/10/07 
2019/10/08 	26.298887252807617	27.656362533569336	26.287235260009766	26.287235260009766	10298	2019/10/08 
2019/10/09 	26.287235260009766	26.287235260009766	26.287235260009766	26.287235260009766	5149	2019/10/09 
2019/10/14 	27.085407257080078	27.085407257080078	25.745410919189453	26.281408309936523	10470	2019/10/14 
2019/10/15 	25.640541076660156	25.9260196685791	25.5181941986084	25.5181941986084	29179	2019/10/15 
2019/10/16 	25.5181941986084	25.5181941986084	25.5181941986084	25.5181941986084	0	2019/10/16 
2019/10/17 	26.211496353149414	26.211496353149414	24.906455993652344	24.906455993652344	343	2019/10/17 
2019/10/18 	24.766630172729492	24.993846893310547	24.469501495361328	24.469501495361328	42052	2019/10/18 
2019/10/21 	24.81906509399414	24.81906509399414	24.81906509399414	24.81906509399414	1716	2019/10/21 
2019/10/22 	24.81906509399414	24.81906509399414	24.81906509399414	24.81906509399414	0	2019/10/22 
2019/10/23 	23.805328369140625	24.178197860717773	23.25185203552246	23.304285049438477	27806	2019/10/23 
2019/10/24 	24.463674545288086	24.469501495361328	24.178197860717773	24.469501495361328	10298	2019/10/24 
2019/10/25 	24.469501495361328	24.469501495361328	24.469501495361328	24.469501495361328	0	2019/10/25 
2019/10/28 	24.469501495361328	24.586021423339844	24.37045669555664	24.586021423339844	11242	2019/10/28 
2019/10/29 	24.586021423339844	24.586021423339844	24.586021423339844	24.586021423339844	0	2019/10/29 
2019/10/30 	23.88689422607422	24.586021423339844	23.31011199951172	23.945154190063477	25746	2019/10/30 
2019/10/31 	24.527761459350586	24.76080322265625	24.469501495361328	24.76080322265625	22313	2019/10/31 
2019/11/01 	24.10828399658203	25.057933807373047	24.10828399658203	25.052108764648438	27462	2019/11/01 
2019/11/04 	25.757062911987305	26.98053741455078	25.757062911987305	26.019235610961914	61447	2019/11/04 
2019/11/05 	26.06584358215332	26.06584358215332	26.06584358215332	26.06584358215332	8753	2019/11/05 
2019/11/06 	26.06584358215332	26.06584358215332	26.06584358215332	26.06584358215332	8753	2019/11/06 
2019/11/07 	26.06584358215332	26.06584358215332	26.06584358215332	26.06584358215332	0	2019/11/07 
2019/11/08 	25.745410919189453	25.745410919189453	25.745410919189453	25.745410919189453	10298	2019/11/08 
2019/11/11 	25.745410919189453	25.86775779724121	25.73958396911621	25.73958396911621	27462	2019/11/11 
2019/11/12 	25.73958396911621	25.73958396911621	25.73958396911621	25.73958396911621	0	2019/11/12 
2019/11/13 	25.73958396911621	25.73958396911621	25.73958396911621	25.73958396911621	0	2019/11/13 
2019/11/14 	25.73958396911621	25.73958396911621	25.73958396911621	25.73958396911621	0	2019/11/14 
2019/11/15 	25.73958396911621	25.73958396911621	25.73958396911621	25.73958396911621	0	2019/11/15 
2019/11/18 	24.912282943725586	25.3492374420166	24.912282943725586	25.052108764648438	12014	2019/11/18 
2019/11/19 	24.912282943725586	25.3492374420166	24.912282943725586	25.052108764648438	12014	2019/11/19 
2019/11/20 	26.211496353149414	26.211496353149414	26.211496353149414	26.211496353149414	5149	2019/11/20 
2019/11/21 	26.211496353149414	26.211496353149414	26.211496353149414	26.211496353149414	5149	2019/11/21 
2019/11/22 	26.211496353149414	26.211496353149414	26.211496353149414	26.211496353149414	0	2019/11/22 
2019/11/25 	25.73958396911621	25.780366897583008	25.73958396911621	25.780366897583008	3432	2019/11/25 
2019/11/26 	25.73958396911621	25.780366897583008	25.73958396911621	25.780366897583008	3432	2019/11/26 
2019/11/27 	25.780366897583008	25.780366897583008	25.780366897583008	25.780366897583008	0	2019/11/27 
2019/11/28 	24.912282943725586	24.912282943725586	24.912282943725586	24.912282943725586	5149	2019/11/28 
2019/11/29 	24.912282943725586	24.912282943725586	24.912282943725586	24.912282943725586	5149	2019/11/29 
2019/12/02 	26.217321395874023	26.217321395874023	25.93184471130371	26.217321395874023	34328	2019/12/02 
2019/12/03 	26.217321395874023	26.217321395874023	25.93184471130371	26.217321395874023	34328	2019/12/03 
2019/12/04 	26.217321395874023	26.217321395874023	26.217321395874023	26.217321395874023	0	2019/12/04 
2019/12/05 	25.815322875976562	26.217321395874023	25.815322875976562	26.217321395874023	6694	2019/12/05 
2019/12/06 	26.217321395874023	26.50862693786621	26.217321395874023	26.50862693786621	28320	2019/12/06 
2019/12/09 	26.50862693786621	26.50862693786621	26.50862693786621	26.50862693786621	0	2019/12/09 
2019/12/10 	26.106626510620117	26.217321395874023	26.100801467895508	26.217321395874023	24029	2019/12/10 
2019/12/11 	26.106626510620117	26.217321395874023	26.100801467895508	26.217321395874023	24029	2019/12/11 
2019/12/12 	26.561059951782227	26.561059951782227	26.479494094848633	26.479494094848633	13731	2019/12/12 
2019/12/13 	26.561059951782227	26.561059951782227	26.479494094848633	26.479494094848633	13731	2019/12/13 
2019/12/16 	26.479494094848633	26.479494094848633	26.479494094848633	26.479494094848633	0	2019/12/16 
2019/12/17 	26.479494094848633	26.479494094848633	26.479494094848633	26.479494094848633	0	2019/12/17 
2019/12/18 	26.217321395874023	26.217321395874023	26.217321395874023	26.217321395874023	3432	2019/12/18 
2019/12/19 	25.93184471130371	27.283493041992188	25.93184471130371	26.56688690185547	44626	2019/12/19 
2019/12/20 	25.93184471130371	27.283493041992188	25.93184471130371	26.56688690185547	44626	2019/12/20 
2019/12/23 	27.283493041992188	27.382537841796875	26.50862693786621	27.266014099121094	36046	2019/12/23 
2019/12/24 	27.283493041992188	27.382537841796875	26.50862693786621	27.266014099121094	36046	2019/12/24 
2019/12/25 	26.019235610961914	27.376710891723633	26.019235610961914	26.56688690185547	13903	2019/12/25 
2019/12/26 	27.085407257080078	27.085407257080078	26.39210319519043	26.799928665161133	9440	2019/12/26 
2019/12/27 	27.085407257080078	27.085407257080078	26.39210319519043	26.799928665161133	9440	2019/12/27 
2019/12/30 	26.019235610961914	26.019235610961914	26.019235610961914	26.019235610961914	1888	2019/12/30 
2019/12/31 	26.019235610961914	27.091232299804688	26.019235610961914	26.799928665161133	46515	2019/12/31 
2020/01/02 	26.799928665161133	26.799928665161133	26.799928665161133	26.799928665161133	0	2020/01/02 
2020/01/03 	26.799928665161133	26.799928665161133	26.799928665161133	26.799928665161133	0	2020/01/03 
2020/01/06 	25.745410919189453	25.745410919189453	25.745410919189453	25.745410919189453	5149	2020/01/06 
2020/01/07 	25.745410919189453	25.745410919189453	25.745410919189453	25.745410919189453	15447	2020/01/07 
2020/01/08 	25.745410919189453	25.745410919189453	25.745410919189453	25.745410919189453	1716	2020/01/08 
2020/01/09 	25.745410919189453	25.745410919189453	25.745410919189453	25.745410919189453	1716	2020/01/09 
2020/01/10 	25.745410919189453	25.9260196685791	25.745410919189453	25.9260196685791	6865	2020/01/10 
2020/01/13 	25.73958396911621	25.73958396911621	25.73958396911621	25.73958396911621	1716	2020/01/13 
2020/01/14 	25.46575927734375	25.46575927734375	25.34341049194336	25.34341049194336	5149	2020/01/14 
2020/01/15 	24.76080322265625	24.8365421295166	24.76080322265625	24.8365421295166	10298	2020/01/15 
2020/01/16 	24.76080322265625	24.8365421295166	24.76080322265625	24.8365421295166	10298	2020/01/16 
2020/01/17 	24.8365421295166	24.8365421295166	24.8365421295166	24.8365421295166	0	2020/01/17 
2020/01/20 	25.751235961914062	25.751235961914062	25.751235961914062	25.751235961914062	15	2020/01/20 
2020/01/30 	25.751235961914062	25.751235961914062	25.751235961914062	25.751235961914062	0	2020/01/30 
2020/01/31 	25.751235961914062	25.751235961914062	25.751235961914062	25.751235961914062	0	2020/01/31 
2020/02/03 	24.93558692932129	24.958890914916992	24.76080322265625	24.766630172729492	15447	2020/02/03 
2020/02/04 	24.93558692932129	24.958890914916992	24.76080322265625	24.766630172729492	15447	2020/02/04 
2020/02/05 	24.644283294677734	24.76080322265625	24.644283294677734	24.76080322265625	10298	2020/02/05 
2020/02/06 	24.76080322265625	24.76080322265625	24.76080322265625	24.76080322265625	0	2020/02/06 
2020/02/07 	24.76080322265625	24.76080322265625	24.76080322265625	24.76080322265625	0	2020/02/07 
2020/02/10 	24.76080322265625	24.76080322265625	24.76080322265625	24.76080322265625	0	2020/02/10 
2020/02/11 	24.76080322265625	24.76080322265625	24.76080322265625	24.76080322265625	0	2020/02/11 
2020/02/12 	25.658018112182617	25.66384506225586	25.052108764648438	25.052108764648438	17181	2020/02/12 
2020/02/13 	25.658018112182617	25.66384506225586	25.052108764648438	25.052108764648438	17181	2020/02/13 
2020/02/14 	25.057933807373047	25.057933807373047	25.052108764648438	25.057933807373047	7037	2020/02/14 
2020/02/17 	25.057933807373047	25.86775779724121	25.057933807373047	25.86775779724121	3604	2020/02/17 
2020/02/18 	25.86775779724121	25.86775779724121	25.86775779724121	25.86775779724121	0	2020/02/18 
2020/02/19 	25.057933807373047	25.057933807373047	25.057933807373047	25.057933807373047	171	2020/02/19 
2020/02/20 	25.057933807373047	25.057933807373047	25.057933807373047	25.057933807373047	171	2020/02/20 
2020/02/21 	25.057933807373047	25.057933807373047	25.057933807373047	25.057933807373047	0	2020/02/21 
2020/02/24 	25.052108764648438	25.052108764648438	25.052108764648438	25.052108764648438	1716	2020/02/24 
2020/02/25 	24.638456344604492	24.638456344604492	24.638456344604492	24.638456344604492	5149	2020/02/25 
2020/02/26 	24.638456344604492	25.2851505279541	24.638456344604492	25.2851505279541	8582	2020/02/26 
2020/02/27 	25.92019271850586	25.92019271850586	25.92019271850586	25.92019271850586	3432	2020/02/27 
2020/03/02 	25.92019271850586	25.9260196685791	25.052108764648438	25.052108764648438	13731	2020/03/02 
2020/03/03 	24.638456344604492	24.638456344604492	24.638456344604492	24.638456344604492	3432	2020/03/03 
2020/03/04 	24.638456344604492	24.638456344604492	24.638456344604492	24.638456344604492	0	2020/03/04 
2020/03/05 	24.638456344604492	24.638456344604492	24.638456344604492	24.638456344604492	0	2020/03/05 
2020/03/06 	24.76080322265625	24.76080322265625	24.76080322265625	24.76080322265625	5149	2020/03/06 
2020/03/09 	24.638456344604492	24.906455993652344	24.62680435180664	24.76080322265625	34328	2020/03/09 
2020/03/10 	24.35297966003418	24.586021423339844	23.945154190063477	24.55689239501953	58358	2020/03/10 
2020/03/11 	24.766630172729492	24.766630172729492	24.35297966003418	24.76080322265625	22313	2020/03/11 
2020/03/12 	24.76080322265625	24.76080322265625	24.35880470275879	24.469501495361328	65224	2020/03/12 
2020/03/13 	24.469501495361328	24.469501495361328	24.469501495361328	24.469501495361328	0	2020/03/13 
2020/03/16 	24.411239624023438	24.469501495361328	23.420808792114258	23.420808792114258	13733	2020/03/16 
2020/03/17 	24.178197860717773	24.178197860717773	23.304285049438477	23.595590591430664	29179	2020/03/17 
2020/03/18 	23.881067276000977	23.881067276000977	23.71211051940918	23.799501419067383	22313	2020/03/18 
2020/03/19 	23.997589111328125	23.997589111328125	22.313854217529297	23.304285049438477	30895	2020/03/19 
2020/03/20 	23.473241806030273	23.484895706176758	23.304285049438477	23.304285049438477	20597	2020/03/20 
2020/03/23 	24.178197860717773	24.178197860717773	23.71211051940918	23.71211051940918	10298	2020/03/23 
2020/03/24 	24.265588760375977	24.265588760375977	23.12950325012207	23.624719619750977	24029	2020/03/24 
2020/03/25 	24.265588760375977	24.265588760375977	24.265588760375977	24.265588760375977	5149	2020/03/25 
2020/03/26 	24.294719696044922	24.848194122314453	24.003414154052734	24.003414154052734	27462	2020/03/26 
2020/03/27 	23.88689422607422	24.76080322265625	23.88689422607422	24.76080322265625	8582	2020/03/27 
2020/03/30 	24.76080322265625	24.76080322265625	24.76080322265625	24.76080322265625	0	2020/03/30 
2020/03/31 	24.76080322265625	24.76080322265625	24.76080322265625	24.76080322265625	0	2020/03/31 
2020/04/01 	24.76080322265625	24.76080322265625	24.76080322265625	24.76080322265625	0	2020/04/01 
2020/04/06 	24.906455993652344	24.906455993652344	24.906455993652344	24.906455993652344	1716	2020/04/06 
2020/04/07 	24.906455993652344	24.906455993652344	24.906455993652344	24.906455993652344	0	2020/04/07 
2020/04/08 	24.906455993652344	24.906455993652344	24.906455993652344	24.906455993652344	0	2020/04/08 
2020/04/09 	24.906455993652344	24.906455993652344	24.906455993652344	24.906455993652344	0	2020/04/09 
2020/04/10 	24.906455993652344	24.906455993652344	24.906455993652344	24.906455993652344	0	2020/04/10 
2020/04/13 	24.906455993652344	24.906455993652344	24.906455993652344	24.906455993652344	0	2020/04/13 
2020/04/14 	24.906455993652344	24.906455993652344	24.906455993652344	24.906455993652344	0	2020/04/14 
2020/04/15 	24.906455993652344	24.906455993652344	24.906455993652344	24.906455993652344	0	2020/04/15 
2020/04/16 	24.906455993652344	26.50862693786621	24.906455993652344	25.634714126586914	77547	2020/04/16 
2020/04/17 	25.9260196685791	27.81949234008789	25.9260196685791	27.382537841796875	108168	2020/04/17 
2020/04/20 	26.77079963684082	26.77079963684082	26.741668701171875	26.741668701171875	10298	2020/04/20 
2020/04/21 	27.35340690612793	27.35340690612793	27.35340690612793	27.35340690612793	343	2020/04/21 
2020/04/22 	26.042539596557617	26.217321395874023	26.042539596557617	26.217321395874023	6556	2020/04/22 
2020/04/23 	26.217321395874023	26.217321395874023	26.217321395874023	26.217321395874023	0	2020/04/23 
2020/04/24 	26.217321395874023	26.217321395874023	26.217321395874023	26.217321395874023	0	2020/04/24 
2020/04/27 	26.217321395874023	26.217321395874023	26.217321395874023	26.217321395874023	0	2020/04/27 
2020/04/28 	26.217321395874023	26.217321395874023	26.217321395874023	26.217321395874023	0	2020/04/28 
2020/04/29 	26.217321395874023	26.217321395874023	26.217321395874023	26.217321395874023	0	2020/04/29 
2020/04/30 	26.217321395874023	26.217321395874023	26.217321395874023	26.217321395874023	0	2020/04/30 
2020/05/04 	26.217321395874023	26.217321395874023	26.217321395874023	26.217321395874023	0	2020/05/04 
2020/05/05 	26.217321395874023	26.217321395874023	26.217321395874023	26.217321395874023	0	2020/05/05 
2020/05/06 	26.217321395874023	26.217321395874023	26.217321395874023	26.217321395874023	0	2020/05/06 
2020/05/07 	26.217321395874023	26.217321395874023	26.217321395874023	26.217321395874023	0	2020/05/07 
2020/05/08 	26.217321395874023	26.217321395874023	26.217321395874023	26.217321395874023	0	2020/05/08 
2020/05/11 	26.217321395874023	26.217321395874023	26.217321395874023	26.217321395874023	0	2020/05/11 
2020/05/12 	26.217321395874023	26.217321395874023	26.217321395874023	26.217321395874023	0	2020/05/12 
2020/05/13 	26.217321395874023	26.217321395874023	26.217321395874023	26.217321395874023	0	2020/05/13 
2020/05/14 	26.217321395874023	26.217321395874023	26.217321395874023	26.217321395874023	0	2020/05/14 
2020/05/15 	26.217321395874023	26.217321395874023	26.217321395874023	26.217321395874023	0	2020/05/15 
2020/05/18 	26.217321395874023	26.217321395874023	26.217321395874023	26.217321395874023	0	2020/05/18 
2020/05/19 	26.217321395874023	26.217321395874023	26.217321395874023	26.217321395874023	0	2020/05/19 
2020/05/20 	26.217321395874023	26.217321395874023	26.217321395874023	26.217321395874023	0	2020/05/20 
2020/05/21 	26.217321395874023	26.217321395874023	26.217321395874023	26.217321395874023	0	2020/05/21 
2020/05/22 	26.217321395874023	26.217321395874023	26.217321395874023	26.217321395874023	0	2020/05/22 
2020/05/25 	26.217321395874023	26.217321395874023	26.217321395874023	26.217321395874023	0	2020/05/25 
2020/05/26 	26.217321395874023	26.217321395874023	26.217321395874023	26.217321395874023	0	2020/05/26 
2020/05/27 	26.217321395874023	26.217321395874023	26.217321395874023	26.217321395874023	0	2020/05/27 
2020/05/28 	26.217321395874023	26.217321395874023	26.217321395874023	26.217321395874023	0	2020/05/28 
2020/05/29 	26.217321395874023	26.217321395874023	26.217321395874023	26.217321395874023	0	2020/05/29 
2020/06/01 	26.217321395874023	26.217321395874023	26.217321395874023	26.217321395874023	0	2020/06/01 
2020/06/02 	26.217321395874023	26.217321395874023	26.217321395874023	26.217321395874023	0	2020/06/02 
2020/06/03 	26.217321395874023	26.217321395874023	26.217321395874023	26.217321395874023	0	2020/06/03 
2020/06/04 	26.217321395874023	26.217321395874023	26.217321395874023	26.217321395874023	0	2020/06/04 
2020/06/05 	26.217321395874023	26.217321395874023	26.217321395874023	26.217321395874023	0	2020/06/05 
2020/06/08 	26.217321395874023	26.217321395874023	26.217321395874023	26.217321395874023	0	2020/06/08 
2020/06/09 	26.217321395874023	26.217321395874023	26.217321395874023	26.217321395874023	0	2020/06/09 
2020/06/10 	26.217321395874023	26.217321395874023	26.217321395874023	26.217321395874023	0	2020/06/10 
2020/06/11 	26.217321395874023	26.217321395874023	26.217321395874023	26.217321395874023	0	2020/06/11 
2020/06/12 	26.217321395874023	26.217321395874023	26.217321395874023	26.217321395874023	0	2020/06/12 
2020/06/15 	26.217321395874023	26.217321395874023	26.217321395874023	26.217321395874023	0	2020/06/15 
2020/06/16 	26.217321395874023	26.217321395874023	26.217321395874023	26.217321395874023	0	2020/06/16 
2020/06/17 	26.217321395874023	26.217321395874023	26.217321395874023	26.217321395874023	0	2020/06/17 
2020/06/18 	26.217321395874023	26.217321395874023	26.217321395874023	26.217321395874023	0	2020/06/18 
2020/06/19 	26.217321395874023	26.217321395874023	26.217321395874023	26.217321395874023	0	2020/06/19 
2020/06/22 	26.217321395874023	26.217321395874023	26.217321395874023	26.217321395874023	0	2020/06/22 
2020/06/23 	26.217321395874023	26.217321395874023	26.217321395874023	26.217321395874023	0	2020/06/23 
2020/06/24 	26.217321395874023	26.217321395874023	26.217321395874023	26.217321395874023	0	2020/06/24 
2020/06/29 	26.217321395874023	26.217321395874023	26.217321395874023	26.217321395874023	0	2020/06/29 
2020/06/30 	26.217321395874023	26.217321395874023	26.217321395874023	26.217321395874023	0	2020/06/30 
2020/07/01 	26.217321395874023	26.217321395874023	26.217321395874023	26.217321395874023	0	2020/07/01 
2020/07/02 	26.217321395874023	26.217321395874023	26.217321395874023	26.217321395874023	0	2020/07/02 
2020/07/03 	26.217321395874023	26.217321395874023	26.217321395874023	26.217321395874023	0	2020/07/03 
2020/07/06 	26.217321395874023	26.217321395874023	26.217321395874023	26.217321395874023	0	2020/07/06 
2020/07/07 	26.217321395874023	26.217321395874023	26.217321395874023	26.217321395874023	0	2020/07/07 
2020/07/08 	26.217321395874023	26.217321395874023	26.217321395874023	26.217321395874023	0	2020/07/08 
2020/07/09 	26.217321395874023	26.217321395874023	26.217321395874023	26.217321395874023	0	2020/07/09 
2020/07/10 	26.217321395874023	26.217321395874023	26.217321395874023	26.217321395874023	0	2020/07/10 
2020/07/13 	26.217321395874023	26.217321395874023	26.217321395874023	26.217321395874023	0	2020/07/13 
2020/07/14 	26.217321395874023	26.217321395874023	26.217321395874023	26.217321395874023	0	2020/07/14 
2020/07/15 	26.217321395874023	26.217321395874023	26.217321395874023	26.217321395874023	0	2020/07/15 
2020/07/16 	26.217321395874023	26.217321395874023	26.217321395874023	26.217321395874023	0	2020/07/16 
2020/07/17 	26.217321395874023	26.217321395874023	26.217321395874023	26.217321395874023	0	2020/07/17 
2020/07/20 	26.217321395874023	26.217321395874023	26.217321395874023	26.217321395874023	0	2020/07/20 
2020/07/21 	26.217321395874023	26.217321395874023	26.217321395874023	26.217321395874023	0	2020/07/21 
2020/07/22 	26.217321395874023	26.217321395874023	26.217321395874023	26.217321395874023	0	2020/07/22 
2020/07/23 	26.217321395874023	26.217321395874023	26.217321395874023	26.217321395874023	0	2020/07/23 
2020/07/24 	26.217321395874023	26.217321395874023	26.217321395874023	26.217321395874023	0	2020/07/24 
2020/07/27 	26.217321395874023	26.217321395874023	26.217321395874023	26.217321395874023	0	2020/07/27 
2020/07/28 	24.947145462036133	25.792810440063477	24.947145462036133	25.369977951049805	2944	2020/07/28 
2020/07/29 	26.039464950561523	26.07469940185547	25.510923385620117	25.510923385620117	11352	2020/07/29 
2020/07/30 	25.369977951049805	25.369977951049805	23.43199348449707	24.489076614379883	23016	2020/07/30 
2020/07/31 	24.489076614379883	24.489076614379883	24.489076614379883	24.489076614379883	0	2020/07/31 
2020/08/03 	23.32628631591797	23.9252986907959	23.32628631591797	23.89006233215332	5677	2020/08/03 
2020/08/04 	23.32628631591797	23.502466201782227	22.903453826904297	22.903453826904297	17169	2020/08/04 
2020/08/05 	22.55109214782715	22.586328506469727	21.74066162109375	22.0930233001709	25400	2020/08/05 
2020/08/06 	22.480619430541992	22.51585578918457	22.128259658813477	22.51585578918457	9365	2020/08/06 
2020/08/07 	21.846370697021484	22.55109214782715	21.846370697021484	22.374910354614258	22704	2020/08/07 
2020/08/10 	22.128259658813477	22.55109214782715	22.128259658813477	22.163494110107422	19866	2020/08/10 
2020/08/11 	22.51585578918457	22.51585578918457	21.916841506958008	21.916841506958008	3121	2020/08/11 
2020/08/12 	21.458772659301758	21.705425262451172	21.42353630065918	21.705425262451172	11352	2020/08/12 
2020/08/13 	22.339675903320312	22.339675903320312	22.339675903320312	22.339675903320312	4257	2020/08/13 
2020/08/14 	22.51585578918457	22.51585578918457	22.19873046875	22.19873046875	8514	2020/08/14 
2020/08/17 	22.51585578918457	22.51585578918457	22.51585578918457	22.51585578918457	1420	2020/08/17 
2020/08/18 	22.51585578918457	22.51585578918457	22.51585578918457	22.51585578918457	0	2020/08/18 
2020/08/19 	21.705425262451172	21.705425262451172	21.353065490722656	21.494009017944336	39022	2020/08/19 
2020/08/20 	21.388301849365234	21.494009017944336	21.317829132080078	21.317829132080078	18659	2020/08/20 
2020/08/21 	20.789287567138672	21.494009017944336	20.789287567138672	21.000703811645508	11352	2020/08/21 
2020/08/24 	21.458772659301758	21.494009017944336	21.458772659301758	21.494009017944336	8514	2020/08/24 
2020/08/25 	21.846370697021484	21.846370697021484	21.494009017944336	21.494009017944336	1702	2020/08/25 
2020/08/26 	21.353065490722656	21.846370697021484	21.353065490722656	21.705425262451172	12771	2020/08/26 
2020/08/27 	21.353065490722656	22.410146713256836	21.353065490722656	22.410146713256836	1420	2020/08/27 
2020/08/28 	21.353065490722656	21.494009017944336	21.353065490722656	21.353065490722656	18730	2020/08/28 
2020/08/31 	21.353065490722656	21.353065490722656	21.317829132080078	21.317829132080078	9933	2020/08/31 
2020/09/01 	21.247356414794922	21.247356414794922	21.212120056152344	21.212120056152344	8514	2020/09/01 
2020/09/02 	21.212120056152344	21.212120056152344	21.212120056152344	21.212120056152344	0	2020/09/02 
2020/09/03 	21.1768856048584	21.494009017944336	21.1768856048584	21.247356414794922	9933	2020/09/03 
2020/09/04 	21.247356414794922	21.247356414794922	21.247356414794922	21.247356414794922	0	2020/09/04 
2020/09/07 	21.247356414794922	21.247356414794922	21.247356414794922	21.247356414794922	0	2020/09/07 
2020/09/08 	21.670190811157227	21.670190811157227	21.247356414794922	21.247356414794922	11919	2020/09/08 
2020/09/09 	22.269203186035156	22.374910354614258	22.0930233001709	22.19873046875	23839	2020/09/09 
2020/09/10 	21.353065490722656	21.846370697021484	21.317829132080078	21.353065490722656	11352	2020/09/10 
2020/09/11 	21.63495445251465	21.63495445251465	21.63495445251465	21.63495445251465	1419	2020/09/11 
2020/09/14 	21.846370697021484	21.846370697021484	21.494009017944336	21.494009017944336	2270	2020/09/14 
2020/09/15 	22.374910354614258	22.374910354614258	22.374910354614258	22.374910354614258	4143	2020/09/15 
2020/09/16 	22.374910354614258	23.185340881347656	22.339675903320312	23.1148681640625	26961	2020/09/16 
2020/09/17 	23.185340881347656	23.43199348449707	23.1148681640625	23.361522674560547	22987	2020/09/17 
2020/09/18 	23.396757125854492	23.396757125854492	23.396757125854492	23.396757125854492	4257	2020/09/18 
2020/09/21 	23.396757125854492	23.396757125854492	23.396757125854492	23.396757125854492	0	2020/09/21 
2020/09/22 	22.938688278198242	23.255813598632812	22.938688278198242	23.255813598632812	9933	2020/09/22 
2020/09/23 	24.066242218017578	24.066242218017578	23.255813598632812	23.255813598632812	21001	2020/09/23 
2020/09/24 	23.255813598632812	23.255813598632812	23.255813598632812	23.255813598632812	0	2020/09/24 
2020/09/25 	23.46722984313965	23.608173370361328	23.43199348449707	23.608173370361328	18359	2020/09/25 
2020/09/28 	23.43199348449707	24.101478576660156	23.396757125854492	24.101478576660156	21285	2020/09/28 
2020/09/29 	23.960535049438477	23.960535049438477	23.819591522216797	23.819591522216797	141900	2020/09/29 
2020/09/30 	23.572938919067383	23.608173370361328	23.46722984313965	23.608173370361328	143319	2020/09/30 
2020/10/05 	23.608173370361328	23.608173370361328	23.608173370361328	23.608173370361328	0	2020/10/05 
2020/10/06 	23.502466201782227	24.453840255737305	23.502466201782227	24.453840255737305	3236	2020/10/06 
2020/10/07 	23.502466201782227	23.502466201782227	23.502466201782227	23.502466201782227	509	2020/10/07 
2020/10/08 	23.502466201782227	23.502466201782227	23.502466201782227	23.502466201782227	0	2020/10/08 
2020/10/12 	23.502466201782227	23.502466201782227	23.502466201782227	23.502466201782227	0	2020/10/12 
2020/10/13 	23.502466201782227	23.502466201782227	23.502466201782227	23.502466201782227	0	2020/10/13 
2020/10/14 	23.502466201782227	23.502466201782227	23.502466201782227	23.502466201782227	0	2020/10/14 
2020/10/15 	24.453840255737305	24.489076614379883	24.453840255737305	24.489076614379883	2838	2020/10/15 
2020/10/16 	25.052854537963867	25.229034423828125	25.01761817932129	25.15856170654297	31558	2020/10/16 
2020/10/19 	25.052854537963867	26.286115646362305	24.98238182067871	26.286115646362305	27258	2020/10/19 
2020/10/20 	25.01761817932129	25.01761817932129	25.01761817932129	25.01761817932129	2838	2020/10/20 
2020/10/21 	25.01761817932129	25.01761817932129	25.01761817932129	25.01761817932129	4257	2020/10/21 
2020/10/22 	24.947145462036133	24.947145462036133	24.947145462036133	24.947145462036133	170	2020/10/22 
2020/10/23 	24.947145462036133	26.21564483642578	24.947145462036133	26.21564483642578	11366	2020/10/23 
2020/10/26 	25.15856170654297	25.58139419555664	25.15856170654297	25.15856170654297	11352	2020/10/26 
2020/10/27 	25.15856170654297	26.07469940185547	25.15856170654297	25.651866912841797	8939	2020/10/27 
2020/10/28 	26.145172119140625	26.145172119140625	25.510923385620117	25.722339630126953	10216	2020/10/28 
2020/10/29 	24.806201934814453	25.510923385620117	24.806201934814453	24.806201934814453	8116	2020/10/29 
2020/10/30 	24.806201934814453	25.722339630126953	24.806201934814453	25.58139419555664	49835	2020/10/30 
2020/11/02 	25.7575740814209	25.7575740814209	25.264270782470703	25.510923385620117	28422	2020/11/02 
2020/11/03 	25.193798065185547	25.7575740814209	25.193798065185547	25.7575740814209	26989	2020/11/03 
2020/11/04 	25.7575740814209	25.7575740814209	25.7575740814209	25.7575740814209	14	2020/11/04 
2020/11/05 	25.7575740814209	25.7575740814209	25.687103271484375	25.687103271484375	1447	2020/11/05 
2020/11/06 	25.229034423828125	26.039464950561523	25.229034423828125	26.039464950561523	7336	2020/11/06 
2020/11/09 	26.039464950561523	26.039464950561523	24.770965576171875	24.770965576171875	12614	2020/11/09 
2020/11/10 	24.806201934814453	25.687103271484375	24.735729217529297	25.687103271484375	23555	2020/11/10 
2020/11/11 	25.687103271484375	25.722339630126953	25.687103271484375	25.722339630126953	8514	2020/11/11 
2020/11/12 	25.722339630126953	25.722339630126953	25.722339630126953	25.722339630126953	0	2020/11/12 
2020/11/13 	25.264270782470703	25.651866912841797	25.264270782470703	25.651866912841797	24123	2020/11/13 
2020/11/16 	25.792810440063477	25.792810440063477	25.687103271484375	25.687103271484375	4257	2020/11/16 
2020/11/17 	25.58139419555664	25.722339630126953	24.876672744750977	25.651866912841797	32637	2020/11/17 
2020/11/18 	25.651866912841797	25.651866912841797	25.651866912841797	25.651866912841797	0	2020/11/18 
2020/11/19 	25.088090896606445	25.47568702697754	25.088090896606445	25.47568702697754	7095	2020/11/19 
2020/11/20 	25.29950523376465	25.29950523376465	25.29950523376465	25.29950523376465	567	2020/11/20 
2020/11/23 	25.687103271484375	25.687103271484375	25.510923385620117	25.510923385620117	7095	2020/11/23 
2020/11/24 	25.29950523376465	25.369977951049805	24.735729217529297	25.369977951049805	51084	2020/11/24 
2020/11/25 	25.15856170654297	25.510923385620117	25.15856170654297	25.29950523376465	7946	2020/11/25 
2020/11/26 	25.29950523376465	25.29950523376465	25.29950523376465	25.29950523376465	0	2020/11/26 
2020/11/27 	25.29950523376465	25.29950523376465	25.29950523376465	25.29950523376465	4257	2020/11/27 
2020/11/30 	25.29950523376465	25.47568702697754	25.29950523376465	25.47568702697754	2838	2020/11/30 
2020/12/01 	25.29950523376465	25.47568702697754	25.264270782470703	25.369977951049805	31218	2020/12/01 
2020/12/02 	24.70049285888672	25.369977951049805	24.559547424316406	24.735729217529297	43989	2020/12/02 
2020/12/03 	24.559547424316406	24.806201934814453	24.559547424316406	24.806201934814453	9933	2020/12/03 
2020/12/04 	24.559547424316406	24.559547424316406	24.559547424316406	24.559547424316406	1419	2020/12/04 
2020/12/07 	24.559547424316406	24.876672744750977	24.101478576660156	24.876672744750977	19866	2020/12/07 
2020/12/08 	24.876672744750977	24.876672744750977	24.876672744750977	24.876672744750977	0	2020/12/08 
2020/12/09 	24.20718765258789	24.594785690307617	24.20718765258789	24.594785690307617	18447	2020/12/09 
2020/12/10 	24.20718765258789	24.20718765258789	24.20718765258789	24.20718765258789	1419	2020/12/10 
2020/12/11 	24.20718765258789	24.20718765258789	24.20718765258789	24.20718765258789	0	2020/12/11 
2020/12/14 	24.98238182067871	24.98238182067871	24.98238182067871	24.98238182067871	4257	2020/12/14 
2020/12/15 	25.01761817932129	25.01761817932129	25.01761817932129	25.01761817932129	2838	2020/12/15 
2020/12/16 	25.01761817932129	25.01761817932129	25.01761817932129	25.01761817932129	0	2020/12/16 
2020/12/17 	24.70049285888672	25.193798065185547	24.70049285888672	25.088090896606445	46968	2020/12/17 
2020/12/18 	25.088090896606445	25.088090896606445	25.088090896606445	25.088090896606445	0	2020/12/18 
2020/12/21 	24.770965576171875	24.876672744750977	24.770965576171875	24.876672744750977	8514	2020/12/21 
2020/12/22 	24.770965576171875	24.770965576171875	24.770965576171875	24.770965576171875	3547	2020/12/22 
2020/12/23 	24.770965576171875	24.770965576171875	24.770965576171875	24.770965576171875	0	2020/12/23 
2020/12/24 	24.770965576171875	24.770965576171875	24.770965576171875	24.770965576171875	0	2020/12/24 
2020/12/25 	25.15856170654297	25.229034423828125	25.088090896606445	25.088090896606445	22136	2020/12/25 
2020/12/28 	25.088090896606445	25.088090896606445	25.088090896606445	25.088090896606445	2838	2020/12/28 
2020/12/29 	25.792810440063477	25.792810440063477	25.792810440063477	25.792810440063477	5	2020/12/29 
2020/12/30 	25.369977951049805	25.58139419555664	25.369977951049805	25.58139419555664	9933	2020/12/30 
2020/12/31 	25.58139419555664	25.58139419555664	25.58139419555664	25.58139419555664	0	2020/12/31 
2021/01/04 	25.58139419555664	25.58139419555664	25.58139419555664	25.58139419555664	0	2021/01/04 
2021/01/05 	25.58139419555664	25.58139419555664	25.58139419555664	25.58139419555664	0	2021/01/05 
2021/01/06 	24.489076614379883	24.489076614379883	24.489076614379883	24.489076614379883	510	2021/01/06 
2021/01/07 	24.489076614379883	24.489076614379883	24.489076614379883	24.489076614379883	1419	2021/01/07 
2021/01/08 	24.489076614379883	24.489076614379883	24.489076614379883	24.489076614379883	0	2021/01/08 
2021/01/11 	24.489076614379883	24.489076614379883	24.489076614379883	24.489076614379883	0	2021/01/11 
2021/01/12 	24.489076614379883	24.489076614379883	24.489076614379883	24.489076614379883	0	2021/01/12 
2021/01/13 	25.687103271484375	25.687103271484375	25.546159744262695	25.546159744262695	4257	2021/01/13 
2021/01/14 	25.546159744262695	25.546159744262695	25.546159744262695	25.546159744262695	0	2021/01/14 
2021/01/15 	25.687103271484375	25.687103271484375	24.66525650024414	24.66525650024414	14757	2021/01/15 
2021/01/18 	25.687103271484375	25.7575740814209	25.687103271484375	25.7575740814209	11352	2021/01/18 
2021/01/19 	26.07469940185547	26.07469940185547	24.947145462036133	25.722339630126953	17028	2021/01/19 
2021/01/20 	25.722339630126953	25.722339630126953	25.722339630126953	25.722339630126953	0	2021/01/20 
2021/01/21 	26.07469940185547	26.07469940185547	26.07469940185547	26.07469940185547	1421	2021/01/21 
2021/01/22 	26.07469940185547	26.07469940185547	26.07469940185547	26.07469940185547	0	2021/01/22 
2021/01/25 	26.039464950561523	26.039464950561523	25.334741592407227	25.334741592407227	11352	2021/01/25 
2021/01/26 	25.334741592407227	25.334741592407227	25.334741592407227	25.334741592407227	0	2021/01/26 
2021/01/27 	24.947145462036133	25.369977951049805	24.806201934814453	25.369977951049805	38313	2021/01/27 
2021/01/28 	24.770965576171875	25.01761817932129	24.770965576171875	25.01761817932129	6243	2021/01/28 
2021/01/29 	24.770965576171875	24.770965576171875	24.770965576171875	24.770965576171875	851	2021/01/29 
2021/02/01 	24.770965576171875	24.770965576171875	24.770965576171875	24.770965576171875	0	2021/02/01 
2021/02/02 	24.770965576171875	24.770965576171875	24.770965576171875	24.770965576171875	1702	2021/02/02 
2021/02/03 	24.770965576171875	24.770965576171875	24.770965576171875	24.770965576171875	0	2021/02/03 
2021/02/04 	24.770965576171875	24.770965576171875	24.770965576171875	24.770965576171875	0	2021/02/04 
2021/02/05 	25.89851951599121	25.89851951599121	25.89851951599121	25.89851951599121	1419	2021/02/05 
2021/02/17 	25.89851951599121	26.07469940185547	25.7575740814209	25.7575740814209	18447	2021/02/17 
2021/02/18 	25.7575740814209	25.7575740814209	25.405214309692383	25.722339630126953	12771	2021/02/18 
2021/02/19 	25.722339630126953	25.722339630126953	25.722339630126953	25.722339630126953	0	2021/02/19 
2021/02/22 	25.405214309692383	26.638477325439453	25.405214309692383	26.427061080932617	18447	2021/02/22 
2021/02/23 	26.638477325439453	30.902042388916016	26.638477325439453	29.915433883666992	211650	2021/02/23 
2021/02/24 	28.928823471069336	29.7392520904541	28.470754623413086	29.563072204589844	162237	2021/02/24 
2021/02/25 	29.950668334960938	30.408737182617188	29.245946884155273	29.45736312866211	64997	2021/02/25 
2021/02/26 	29.633544921875	29.704015731811523	29.245946884155273	29.704015731811523	17836	2021/02/26 
2021/03/02 	29.704015731811523	30.796335220336914	29.422128677368164	29.950668334960938	37674	2021/03/02 
2021/03/03 	30.831571578979492	30.831571578979492	30.831571578979492	30.831571578979492	170	2021/03/03 
2021/03/04 	30.831571578979492	30.831571578979492	30.303030014038086	30.479209899902344	27102	2021/03/04 
2021/03/05 	29.7392520904541	30.761098861694336	29.422128677368164	30.514446258544922	34368	2021/03/05 
2021/03/08 	29.7392520904541	30.655391693115234	29.7392520904541	30.303030014038086	22207	2021/03/08 
2021/03/09 	30.972515106201172	30.972515106201172	29.704015731811523	30.655391693115234	12061	2021/03/09 
2021/03/10 	30.972515106201172	30.972515106201172	30.655391693115234	30.655391693115234	19071	2021/03/10 
2021/03/11 	29.704015731811523	29.704015731811523	29.704015731811523	29.704015731811523	1419	2021/03/11 
2021/03/12 	30.902042388916016	30.937278747558594	30.902042388916016	30.937278747558594	1773	2021/03/12 
2021/03/15 	30.902042388916016	30.902042388916016	29.704015731811523	29.950668334960938	4286	2021/03/15 
2021/03/16 	29.704015731811523	30.831571578979492	29.668779373168945	30.23255729675293	48534	2021/03/16 
2021/03/17 	30.197322845458984	31.113460540771484	30.197322845458984	30.197322845458984	35475	2021/03/17 
2021/03/18 	30.197322845458984	30.197322845458984	30.197322845458984	30.197322845458984	0	2021/03/18 
2021/03/19 	30.972515106201172	31.00775146484375	30.584917068481445	31.00775146484375	25683	2021/03/19 
2021/03/22 	30.303030014038086	31.00775146484375	30.303030014038086	30.338266372680664	19866	2021/03/22 
2021/03/23 	30.338266372680664	31.00775146484375	30.197322845458984	30.443973541259766	55023	2021/03/23 
2021/03/24 	30.69062614440918	30.69062614440918	30.197322845458984	30.443973541259766	56338	2021/03/24 
2021/03/25 	30.23255729675293	30.514446258544922	30.197322845458984	30.303030014038086	63145	2021/03/25 
2021/03/26 	30.197322845458984	31.00775146484375	30.197322845458984	30.443973541259766	41886	2021/03/26 
2021/03/29 	30.972515106201172	31.677236557006836	30.303030014038086	31.677236557006836	44159	2021/03/29 
2021/03/30 	31.677236557006836	33.68569564819336	30.69062614440918	32.41719436645508	115920	2021/03/30 
2021/03/31 	33.22762680053711	34.81324768066406	32.41719436645508	33.826637268066406	35616	2021/03/31 
2021/04/01 	34.496124267578125	35.870330810546875	33.826637268066406	34.2142333984375	104317	2021/04/01 
2021/04/07 	34.778011322021484	36.786468505859375	34.778011322021484	36.22269058227539	100768	2021/04/07 
2021/04/08 	36.22269058227539	39.252994537353516	36.22269058227539	39.1120491027832	231028	2021/04/08 
2021/04/09 	39.464412689208984	40.87385559082031	38.900634765625	40.169132232666016	153777	2021/04/09 
2021/04/12 	40.803382873535156	42.635658264160156	40.59196472167969	41.22621536254883	114191	2021/04/12 
2021/04/13 	42.3537712097168	42.3537712097168	40.87385559082031	40.87385559082031	110900	2021/04/13 
2021/04/14 	42.212825775146484	42.28329849243164	40.23960494995117	41.78999328613281	88081	2021/04/14 
2021/04/15 	41.78999328613281	42.28329849243164	41.578575134277344	41.578575134277344	94249	2021/04/15 
2021/04/16 	41.930938720703125	41.930938720703125	40.73291015625	41.01479721069336	16290	2021/04/16 
2021/04/19 	42.14235305786133	42.28329849243164	40.87385559082031	40.87385559082031	34021	2021/04/19 
2021/04/20 	42.07188034057617	42.07188034057617	41.86046600341797	41.86046600341797	26996	2021/04/20 
2021/04/21 	41.86046600341797	41.86046600341797	41.86046600341797	41.86046600341797	0	2021/04/21 
2021/04/22 	40.23960494995117	41.86046600341797	40.23960494995117	41.6490478515625	33573	2021/04/22 
2021/04/23 	40.23960494995117	41.22621536254883	40.23960494995117	41.22621536254883	25559	2021/04/23 
2021/04/26 	41.22621536254883	41.50810241699219	40.87385559082031	41.22621536254883	29089	2021/04/26 
2021/04/27 	41.22621536254883	41.4376335144043	41.22621536254883	41.36716079711914	21995	2021/04/27 
2021/04/28 	41.36716079711914	41.4376335144043	39.464412689208984	41.15574264526367	82302	2021/04/28 
2021/04/29 	40.169132232666016	40.9443244934082	39.252994537353516	40.9443244934082	31246	2021/04/29 
2021/05/03 	39.1120491027832	40.87385559082031	39.1120491027832	40.87385559082031	11777	2021/05/03 
2021/05/04 	39.1120491027832	39.8167724609375	37.914024353027344	38.900634765625	67118	2021/05/04 
2021/05/05 	40.09865951538086	40.169132232666016	40.09865951538086	40.169132232666016	8514	2021/05/05 
2021/05/06 	40.451019287109375	41.01479721069336	39.746299743652344	40.5214958190918	41461	2021/05/06 
2021/05/07 	40.9443244934082	41.085269927978516	40.87385559082031	40.87385559082031	17028	2021/05/07 
2021/05/10 	39.1120491027832	40.380550384521484	38.618743896484375	40.169132232666016	120444	2021/05/10 
2021/05/11 	39.534881591796875	40.73291015625	37.702606201171875	37.702606201171875	172465	2021/05/11 
2021/05/12 	37.702606201171875	38.054969787597656	36.22269058227539	36.64552688598633	101742	2021/05/12 
2021/05/13 	38.054969787597656	38.054969787597656	36.22269058227539	37.35024642944336	15892	2021/05/13 
2021/05/14 	36.504581451416016	37.2797737121582	34.88372039794922	35.236080169677734	98904	2021/05/14 
2021/05/17 	34.2142333984375	34.88372039794922	33.121917724609375	34.46088790893555	41720	2021/05/17 
2021/05/18 	34.42565155029297	34.84848403930664	33.826637268066406	34.46088790893555	204449	2021/05/18 
2021/05/19 	34.17900085449219	34.67230224609375	34.17900085449219	34.5313606262207	36894	2021/05/19 
2021/05/20 	34.88372039794922	36.575050354003906	34.88372039794922	35.94080352783203	57043	2021/05/20 
2021/05/21 	36.504581451416016	36.997886657714844	35.588443756103516	36.997886657714844	58179	2021/05/21 
2021/05/24 	36.997886657714844	36.997886657714844	36.997886657714844	36.997886657714844	0	2021/05/24 
2021/05/25 	36.997886657714844	36.997886657714844	36.997886657714844	36.997886657714844	0	2021/05/25 
2021/05/26 	36.997886657714844	36.997886657714844	36.997886657714844	36.997886657714844	0	2021/05/26 
2021/05/27 	36.997886657714844	36.997886657714844	36.997886657714844	36.997886657714844	0	2021/05/27 
2021/05/28 	36.997886657714844	36.997886657714844	36.997886657714844	36.997886657714844	0	2021/05/28 
2021/05/31 	36.997886657714844	36.997886657714844	36.997886657714844	36.997886657714844	0	2021/05/31 
2021/06/01 	36.997886657714844	36.997886657714844	36.997886657714844	36.997886657714844	0	2021/06/01 
2021/06/02 	36.997886657714844	36.997886657714844	36.997886657714844	36.997886657714844	0	2021/06/02 
2021/06/03 	36.997886657714844	36.997886657714844	36.997886657714844	36.997886657714844	0	2021/06/03 
2021/06/04 	36.997886657714844	36.997886657714844	36.997886657714844	36.997886657714844	0	2021/06/04 
2021/06/07 	36.997886657714844	36.997886657714844	36.997886657714844	36.997886657714844	0	2021/06/07 
2021/06/08 	44.650001525878906	46.599998474121094	43.70000076293945	44.54999923706055	679723	2021/06/08 
2021/06/09 	44.20000076293945	45.70000076293945	43.0	45.599998474121094	92491	2021/06/09 
2021/06/10 	44.0	45.400001525878906	44.0	44.599998474121094	51245	2021/06/10 
2021/06/11 	45.0	45.45000076293945	44.0	44.400001525878906	79001	2021/06/11 
2021/06/15 	45.099998474121094	46.150001525878906	44.29999923706055	45.099998474121094	30111	2021/06/15 
2021/06/16 	45.79999923706055	45.79999923706055	44.04999923706055	45.70000076293945	14113	2021/06/16 
2021/06/17 	44.650001525878906	46.0	44.650001525878906	44.849998474121094	28301	2021/06/17 
2021/06/18 	46.0	46.0	44.849998474121094	45.5	39370	2021/06/18 
2021/06/21 	44.150001525878906	46.0	44.150001525878906	45.5	4392	2021/06/21 
2021/06/22 	43.75	46.0	43.75	44.5	4001	2021/06/22 
2021/06/23 	46.0	46.0	44.400001525878906	45.79999923706055	38255	2021/06/23 
2021/06/24 	45.95000076293945	46.45000076293945	44.900001525878906	46.45000076293945	83515	2021/06/24 
2021/06/25 	47.25	49.20000076293945	46.70000076293945	48.70000076293945	157073	2021/06/25 
2021/06/28 	49.5	51.5	48.70000076293945	50.5	107944	2021/06/28 
2021/06/29 	53.0	54.599998474121094	52.099998474121094	53.5	97686	2021/06/29 
2021/06/30 	54.599998474121094	54.79999923706055	51.0	52.5	77384	2021/06/30 
2021/07/01 	54.099998474121094	54.099998474121094	50.0	52.20000076293945	112153	2021/07/01 
2021/07/02 	52.400001525878906	52.5	49.599998474121094	52.0	67522	2021/07/02 
2021/07/05 	52.0	52.20000076293945	50.0	51.900001525878906	65840	2021/07/05 
2021/07/06 	52.900001525878906	57.20000076293945	52.0	53.79999923706055	282221	2021/07/06 
2021/07/07 	55.20000076293945	55.20000076293945	53.0	53.70000076293945	50962	2021/07/07 
2021/07/08 	55.20000076293945	56.0	52.29999923706055	53.099998474121094	161491	2021/07/08 
2021/07/09 	52.79999923706055	52.79999923706055	49.70000076293945	50.400001525878906	444275	2021/07/09 
2021/07/12 	52.70000076293945	52.70000076293945	50.400001525878906	50.70000076293945	145195	2021/07/12 
2021/07/13 	52.70000076293945	52.70000076293945	49.70000076293945	50.0	161505	2021/07/13 
2021/07/14 	52.0	52.0	49.04999923706055	50.0	80489	2021/07/14 
2021/07/15 	49.0	50.099998474121094	48.099998474121094	50.0	151908	2021/07/15 
2021/07/16 	51.400001525878906	51.400001525878906	48.650001525878906	49.5	64607	2021/07/16 
2021/07/19 	49.54999923706055	50.0	48.0	49.20000076293945	124811	2021/07/19 
2021/07/20 	50.599998474121094	50.599998474121094	48.5	50.099998474121094	68265	2021/07/20 
2021/07/21 	50.900001525878906	50.900001525878906	48.70000076293945	50.0	33652	2021/07/21 
2021/07/22 	51.099998474121094	51.29999923706055	49.599998474121094	50.5	38640	2021/07/22 
2021/07/23 	49.79999923706055	51.599998474121094	49.70000076293945	50.0	104822	2021/07/23 
2021/07/26 	51.400001525878906	51.400001525878906	50.0	50.29999923706055	100401	2021/07/26 
2021/07/27 	51.400001525878906	51.400001525878906	49.29999923706055	50.5	68503	2021/07/27 
2021/07/28 	51.599998474121094	51.599998474121094	49.25	50.599998474121094	56302	2021/07/28 
2021/07/29 	49.900001525878906	51.599998474121094	49.5	50.20000076293945	62132	2021/07/29 
2021/07/30 	50.20000076293945	51.5	49.79999923706055	50.099998474121094	48832	2021/07/30 
2021/08/02 	50.70000076293945	52.5	50.0	50.79999923706055	46106	2021/08/02 
2021/08/03 	52.0	52.0	49.79999923706055	51.20000076293945	23092	2021/08/03 
2021/08/04 	51.900001525878906	54.400001525878906	50.20000076293945	53.29999923706055	366167	2021/08/04 
2021/08/05 	53.79999923706055	53.79999923706055	50.5	51.599998474121094	112818	2021/08/05 
2021/08/06 	53.29999923706055	53.400001525878906	51.20000076293945	52.900001525878906	53582	2021/08/06 
2021/08/09 	52.900001525878906	55.29999923706055	52.900001525878906	54.70000076293945	389966	2021/08/09 
2021/08/10 	54.70000076293945	55.79999923706055	53.599998474121094	54.0	102312	2021/08/10 
2021/08/11 	55.400001525878906	55.400001525878906	53.0	54.0	47143	2021/08/11 
2021/08/12 	52.79999923706055	55.20000076293945	51.099998474121094	52.29999923706055	137445	2021/08/12 
2021/08/13 	54.0	54.20000076293945	51.5	53.20000076293945	278954	2021/08/13 
2021/08/16 	54.599998474121094	54.70000076293945	52.20000076293945	53.70000076293945	124724	2021/08/16 
2021/08/17 	54.400001525878906	54.400001525878906	52.099998474121094	52.20000076293945	85163	2021/08/17 
2021/08/18 	52.0	52.599998474121094	48.45000076293945	52.599998474121094	132213	2021/08/18 
2021/08/19 	53.29999923706055	53.29999923706055	50.0	50.900001525878906	35802	2021/08/19 
2021/08/20 	52.29999923706055	52.29999923706055	49.79999923706055	52.0	14172	2021/08/20 
2021/08/23 	52.0	54.0	49.650001525878906	52.0	62953	2021/08/23 
2021/08/24 	52.0	52.79999923706055	50.29999923706055	52.400001525878906	30483	2021/08/24 
2021/08/25 	52.400001525878906	53.20000076293945	51.0	52.0	124232	2021/08/25 
2021/08/26 	53.0	53.0	51.0	52.0	54552	2021/08/26 
2021/08/27 	52.70000076293945	53.29999923706055	52.0	52.900001525878906	69530	2021/08/27 
2021/08/30 	53.5	54.400001525878906	51.5	53.5	23834	2021/08/30 
2021/08/31 	53.5	53.79999923706055	51.79999923706055	52.5	133639	2021/08/31 
2021/09/01 	54.0	54.0	52.0	53.20000076293945	113574	2021/09/01 
2021/09/02 	53.400001525878906	53.400001525878906	51.0	51.599998474121094	39452	2021/09/02 
2021/09/03 	53.5	53.5	50.79999923706055	51.29999923706055	150220	2021/09/03 
2021/09/06 	50.5	52.0	48.95000076293945	49.650001525878906	106861	2021/09/06 
2021/09/07 	50.900001525878906	51.0	49.5	50.5	16889	2021/09/07 
2021/09/08 	50.400001525878906	50.599998474121094	48.95000076293945	49.0	121943	2021/09/08 
2021/09/09 	50.900001525878906	50.900001525878906	48.45000076293945	50.5	8430	2021/09/09 
2021/09/10 	50.5	50.5	50.5	50.5	14200	2021/09/10 
2021/09/13 	50.79999923706055	51.0	49.5	50.5	21864	2021/09/13 
2021/09/14 	51.0	51.0	48.650001525878906	50.29999923706055	53710	2021/09/14 
2021/09/15 	48.70000076293945	50.20000076293945	48.70000076293945	50.20000076293945	44300	2021/09/15 
2021/09/16 	51.0	51.20000076293945	49.5	49.650001525878906	86685	2021/09/16 
2021/09/17 	50.20000076293945	50.20000076293945	49.5	49.650001525878906	30140	2021/09/17 
2021/09/22 	49.25	50.900001525878906	49.25	50.400001525878906	50390	2021/09/22 
2021/09/23 	51.0	53.20000076293945	50.0	52.20000076293945	257451	2021/09/23 
2021/09/24 	53.0	54.0	51.70000076293945	52.70000076293945	257931	2021/09/24 
2021/09/27 	52.70000076293945	54.099998474121094	51.70000076293945	52.5	148455	2021/09/27 
2021/09/28 	52.70000076293945	53.20000076293945	51.599998474121094	52.099998474121094	213926	2021/09/28 
2021/09/29 	53.20000076293945	53.20000076293945	51.599998474121094	52.20000076293945	186015	2021/09/29 
2021/09/30 	53.900001525878906	53.900001525878906	51.400001525878906	52.79999923706055	173557	2021/09/30 
2021/10/01 	53.900001525878906	53.900001525878906	51.400001525878906	52.0	52000	2021/10/01 
2021/10/04 	51.099998474121094	52.0	49.45000076293945	51.900001525878906	71625	2021/10/04 
2021/10/05 	49.45000076293945	51.099998474121094	49.0	50.5	91033	2021/10/05 
2021/10/06 	51.29999923706055	51.29999923706055	49.79999923706055	49.849998474121094	79946	2021/10/06 
2021/10/07 	49.54999923706055	51.400001525878906	49.5	50.29999923706055	32020	2021/10/07 
2021/10/08 	50.0	51.400001525878906	49.20000076293945	49.5	97194	2021/10/08 
2021/10/12 	50.0	51.0	49.150001525878906	49.150001525878906	120238	2021/10/12 
2021/10/13 	50.0	50.0	48.70000076293945	48.70000076293945	67920	2021/10/13 
2021/10/14 	48.599998474121094	50.099998474121094	48.599998474121094	49.0	43180	2021/10/14 
2021/10/15 	49.900001525878906	49.900001525878906	48.0	49.0	75251	2021/10/15 
2021/10/18 	48.54999923706055	49.45000076293945	48.54999923706055	49.29999923706055	63000	2021/10/18 
2021/10/19 	50.900001525878906	50.900001525878906	49.0	50.20000076293945	86749	2021/10/19 
2021/10/20 	49.5	50.20000076293945	48.650001525878906	49.400001525878906	70970	2021/10/20 
2021/10/21 	49.400001525878906	49.95000076293945	48.5	49.349998474121094	53350	2021/10/21 
2021/10/22 	49.5	50.79999923706055	48.400001525878906	50.0	168438	2021/10/22 
2021/10/25 	44.45000076293945	44.849998474121094	42.79999923706055	44.0	2482200	2021/10/25 
2021/10/26 	44.0	44.0	44.0	44.0	0	2021/10/26 
2021/10/27 	43.95000076293945	43.95000076293945	43.04999923706055	43.20000076293945	485500	2021/10/27 
2021/10/28 	43.0	43.349998474121094	42.45000076293945	43.25	469290	2021/10/28 
2021/10/29 	43.5	43.5	43.150001525878906	43.25	196101	2021/10/29 
2021/11/01 	43.400001525878906	43.5	42.900001525878906	42.900001525878906	405591	2021/11/01 
2021/11/02 	43.099998474121094	44.150001525878906	42.900001525878906	43.79999923706055	643170	2021/11/02 
2021/11/03 	43.79999923706055	44.45000076293945	43.5	44.20000076293945	374236	2021/11/03 
2021/11/04 	44.20000076293945	45.400001525878906	44.20000076293945	45.0	488303	2021/11/04 
2021/11/05 	45.45000076293945	45.45000076293945	44.400001525878906	44.70000076293945	247200	2021/11/05 
2021/11/08 	44.54999923706055	44.54999923706055	43.70000076293945	43.849998474121094	419480	2021/11/08 
2021/11/09 	43.849998474121094	44.29999923706055	43.79999923706055	44.0	175100	2021/11/09 
2021/11/10 	44.150001525878906	45.099998474121094	44.099998474121094	45.0	451165	2021/11/10 
2021/11/11 	45.5	45.900001525878906	44.79999923706055	45.04999923706055	420200	2021/11/11 
2021/11/12 	45.04999923706055	45.150001525878906	44.5	44.900001525878906	226100	2021/11/12 
2021/11/15 	45.099998474121094	45.25	44.70000076293945	44.900001525878906	280105	2021/11/15 
2021/11/16 	45.0	45.25	44.79999923706055	44.79999923706055	287000	2021/11/16 
2021/11/17 	44.79999923706055	45.79999923706055	44.79999923706055	45.45000076293945	451368	2021/11/17 
2021/11/18 	45.5	46.900001525878906	45.45000076293945	46.099998474121094	496300	2021/11/18 
2021/11/19 	46.29999923706055	48.5	46.29999923706055	48.400001525878906	699000	2021/11/19 
2021/11/22 	48.29999923706055	52.0	48.0	50.5	986612	2021/11/22 
2021/11/23 	50.0	50.0	48.45000076293945	49.0	601000	2021/11/23 
2021/11/24 	49.0	49.45000076293945	48.04999923706055	48.650001525878906	243027	2021/11/24 
2021/11/25 	48.79999923706055	49.0	48.0	48.0	387000	2021/11/25 
2021/11/26 	47.849998474121094	47.849998474121094	46.5	46.54999923706055	295000	2021/11/26 
2021/11/29 	46.54999923706055	46.54999923706055	45.400001525878906	46.150001525878906	235000	2021/11/29 
2021/11/30 	46.400001525878906	47.0	45.79999923706055	46.5	291100	2021/11/30 
2021/12/01 	46.5	46.95000076293945	45.79999923706055	46.95000076293945	187000	2021/12/01 
2021/12/02 	46.95000076293945	47.25	46.5	46.599998474121094	150000	2021/12/02 
2021/12/03 	46.599998474121094	47.79999923706055	46.349998474121094	47.79999923706055	164189	2021/12/03 
2021/12/06 	47.650001525878906	47.79999923706055	47.099998474121094	47.20000076293945	118000	2021/12/06 
2021/12/07 	47.45000076293945	48.20000076293945	47.29999923706055	47.79999923706055	224000	2021/12/07 
2021/12/08 	48.29999923706055	49.150001525878906	48.0	48.099998474121094	374269	2021/12/08 
2021/12/09 	48.29999923706055	48.29999923706055	47.0	47.349998474121094	394000	2021/12/09 
2021/12/10 	47.349998474121094	47.900001525878906	47.25	47.25	90390	2021/12/10 
2021/12/13 	47.25	47.25	46.0	46.599998474121094	304285	2021/12/13 
2021/12/14 	46.400001525878906	46.599998474121094	45.900001525878906	46.0	134100	2021/12/14 
2021/12/15 	46.0	46.099998474121094	45.599998474121094	45.95000076293945	117050	2021/12/15 
2021/12/16 	46.0	46.349998474121094	45.95000076293945	45.95000076293945	201100	2021/12/16 
2021/12/17 	45.95000076293945	46.400001525878906	45.95000076293945	46.04999923706055	133887	2021/12/17 
2021/12/20 	46.04999923706055	46.20000076293945	45.79999923706055	46.099998474121094	129020	2021/12/20 
2021/12/21 	46.0	46.099998474121094	45.95000076293945	46.0	148000	2021/12/21 
2021/12/22 	46.0	46.099998474121094	45.79999923706055	45.79999923706055	168182	2021/12/22 
2021/12/23 	46.0	47.0	46.0	46.849998474121094	246000	2021/12/23 
2021/12/24 	46.95000076293945	47.0	46.650001525878906	46.650001525878906	117050	2021/12/24 
2021/12/27 	46.599998474121094	47.29999923706055	46.599998474121094	47.0	143075	2021/12/27 
2021/12/28 	47.20000076293945	47.400001525878906	47.0	47.099998474121094	164000	2021/12/28 
2021/12/29 	47.20000076293945	47.20000076293945	46.900001525878906	47.099998474121094	112000	2021/12/29 
2021/12/30 	47.099998474121094	47.099998474121094	47.04999923706055	47.04999923706055	151027	2021/12/30 
2022/01/03 	47.04999923706055	47.04999923706055	46.54999923706055	46.54999923706055	185000	2022/01/03 
2022/01/04 	46.79999923706055	47.20000076293945	46.45000076293945	46.79999923706055	265000	2022/01/04 
2022/01/05 	46.599998474121094	47.349998474121094	46.599998474121094	46.900001525878906	147130	2022/01/05 
2022/01/06 	46.599998474121094	46.900001525878906	46.599998474121094	46.79999923706055	67020	2022/01/06 
2022/01/07 	46.79999923706055	47.099998474121094	46.400001525878906	46.599998474121094	127000	2022/01/07 
2022/01/10 	46.20000076293945	46.79999923706055	46.0	46.75	90000	2022/01/10 
2022/01/11 	46.70000076293945	46.70000076293945	46.25	46.5	65000	2022/01/11 
2022/01/12 	46.5	46.599998474121094	46.349998474121094	46.349998474121094	75000	2022/01/12 
2022/01/13 	46.5	46.599998474121094	46.349998474121094	46.54999923706055	107000	2022/01/13 
2022/01/14 	46.5	46.5	46.25	46.25	111040	2022/01/14 
2022/01/17 	46.25	46.900001525878906	46.25	46.599998474121094	66010	2022/01/17 
2022/01/18 	46.5	47.20000076293945	46.45000076293945	46.650001525878906	135000	2022/01/18 
2022/01/19 	46.650001525878906	46.75	46.29999923706055	46.29999923706055	150100	2022/01/19 
2022/01/20 	46.150001525878906	46.70000076293945	46.150001525878906	46.349998474121094	114004	2022/01/20 
2022/01/21 	46.29999923706055	46.650001525878906	46.29999923706055	46.349998474121094	126780	2022/01/21 
2022/01/24 	46.099998474121094	46.25	46.0	46.099998474121094	148000	2022/01/24 
2022/01/25 	46.0	46.0	45.5	45.599998474121094	192050	2022/01/25 
2022/01/26 	45.650001525878906	45.849998474121094	45.400001525878906	45.599998474121094	120086	2022/01/26 
2022/02/07 	45.70000076293945	46.599998474121094	45.70000076293945	46.45000076293945	74000	2022/02/07 
2022/02/08 	46.5	46.70000076293945	46.45000076293945	46.70000076293945	51000	2022/02/08 
2022/02/09 	46.849998474121094	46.95000076293945	46.70000076293945	46.75	64016	2022/02/09 
2022/02/10 	46.75	46.79999923706055	46.150001525878906	46.75	135000	2022/02/10 
2022/02/11 	46.5	46.599998474121094	46.0	46.54999923706055	184150	2022/02/11 
2022/02/14 	46.29999923706055	46.29999923706055	45.599998474121094	46.099998474121094	187106	2022/02/14 
2022/02/15 	46.0	46.150001525878906	45.79999923706055	46.099998474121094	78080	2022/02/15 
2022/02/16 	46.349998474121094	46.400001525878906	46.04999923706055	46.150001525878906	41000	2022/02/16 
2022/02/17 	46.099998474121094	46.25	46.0	46.04999923706055	41870	2022/02/17 
2022/02/18 	46.20000076293945	46.5	46.0	46.45000076293945	78426	2022/02/18 
2022/02/21 	46.599998474121094	47.29999923706055	46.400001525878906	47.29999923706055	189500	2022/02/21 
2022/02/22 	47.29999923706055	47.29999923706055	46.75	47.20000076293945	117000	2022/02/22 
2022/02/23 	46.900001525878906	47.75	46.79999923706055	47.75	146100	2022/02/23 
2022/02/24 	47.75	48.20000076293945	47.099998474121094	47.29999923706055	206000	2022/02/24 
2022/02/25 	47.29999923706055	48.650001525878906	47.29999923706055	48.099998474121094	317400	2022/02/25 
2022/03/01 	48.20000076293945	48.79999923706055	48.150001525878906	48.349998474121094	194031	2022/03/01 
2022/03/02 	48.25	48.29999923706055	47.75	47.95000076293945	138069	2022/03/02 
2022/03/03 	48.04999923706055	48.04999923706055	47.25	47.5	124144	2022/03/03 
2022/03/04 	47.25	47.400001525878906	47.25	47.29999923706055	60100	2022/03/04 
2022/03/07 	47.0	47.0	46.400001525878906	46.54999923706055	171270	2022/03/07 
2022/03/08 	46.0	46.650001525878906	46.0	46.650001525878906	125000	2022/03/08 
2022/03/09 	47.5	48.20000076293945	46.900001525878906	47.45000076293945	243173	2022/03/09 
2022/03/10 	47.95000076293945	47.95000076293945	47.20000076293945	47.400001525878906	229000	2022/03/10 
2022/03/11 	47.5	47.5	47.0	47.20000076293945	141000	2022/03/11 
2022/03/14 	47.900001525878906	47.900001525878906	47.349998474121094	47.54999923706055	135000	2022/03/14 
2022/03/15 	47.599998474121094	47.70000076293945	47.349998474121094	47.54999923706055	121000	2022/03/15 
2022/03/16 	47.54999923706055	47.75	47.349998474121094	47.400001525878906	180146	2022/03/16 
2022/03/17 	47.95000076293945	48.099998474121094	47.70000076293945	48.0	248000	2022/03/17 
2022/03/18 	47.900001525878906	48.54999923706055	47.900001525878906	48.54999923706055	251000	2022/03/18 
2022/03/21 	48.599998474121094	49.400001525878906	48.599998474121094	49.150001525878906	389010	2022/03/21 
2022/03/22 	49.20000076293945	49.25	48.79999923706055	49.0	207400	2022/03/22 
2022/03/23 	49.0	49.20000076293945	48.95000076293945	49.0	226010	2022/03/23 
2022/03/24 	49.0	49.29999923706055	48.900001525878906	49.04999923706055	167010	2022/03/24 
2022/03/25 	49.45000076293945	49.45000076293945	48.349998474121094	48.400001525878906	298000	2022/03/25 
2022/03/28 	48.400001525878906	48.45000076293945	47.95000076293945	48.20000076293945	287010	2022/03/28 
2022/03/29 	48.400001525878906	48.900001525878906	48.349998474121094	48.70000076293945	148000	2022/03/29 
2022/03/30 	48.79999923706055	49.0	48.70000076293945	49.0	224010	2022/03/30 
2022/03/31 	49.0	49.20000076293945	48.70000076293945	49.150001525878906	211000	2022/03/31 
2022/04/01 	49.0	49.29999923706055	49.0	49.29999923706055	196221	2022/04/01 
2022/04/06 	49.25	50.900001525878906	49.150001525878906	50.0	519000	2022/04/06 
2022/04/07 	49.95000076293945	50.20000076293945	49.20000076293945	49.20000076293945	298050	2022/04/07 
2022/04/08 	49.20000076293945	49.79999923706055	49.20000076293945	49.599998474121094	209000	2022/04/08 
2022/04/11 	49.599998474121094	50.099998474121094	49.400001525878906	49.79999923706055	442010	2022/04/11 
2022/04/12 	49.5	49.599998474121094	49.29999923706055	49.400001525878906	131080	2022/04/12 
2022/04/13 	49.45000076293945	49.599998474121094	49.150001525878906	49.5	98015	2022/04/13 
2022/04/14 	49.5	49.900001525878906	49.29999923706055	49.400001525878906	92000	2022/04/14 
2022/04/15 	49.349998474121094	49.599998474121094	49.0	49.29999923706055	152100	2022/04/15 
2022/04/18 	49.29999923706055	49.5	49.099998474121094	49.20000076293945	95040	2022/04/18 
2022/04/19 	49.25	49.29999923706055	49.0	49.099998474121094	66030	2022/04/19 
2022/04/20 	49.25	49.54999923706055	48.900001525878906	49.20000076293945	199000	2022/04/20 
2022/04/21 	49.45000076293945	49.45000076293945	49.0	49.099998474121094	55000	2022/04/21 
2022/04/22 	49.0	49.20000076293945	48.900001525878906	49.20000076293945	63000	2022/04/22 
2022/04/25 	49.0	49.0	48.349998474121094	48.400001525878906	266000	2022/04/25 
2022/04/26 	48.400001525878906	48.599998474121094	48.150001525878906	48.25	103000	2022/04/26 
2022/04/27 	47.70000076293945	48.0	47.099998474121094	47.599998474121094	163058	2022/04/27 
2022/04/28 	47.599998474121094	48.099998474121094	47.599998474121094	47.900001525878906	83000	2022/04/28 
2022/04/29 	47.75	47.900001525878906	47.5	47.599998474121094	136390	2022/04/29 
2022/05/03 	47.599998474121094	47.599998474121094	47.099998474121094	47.20000076293945	82151	2022/05/03 
2022/05/04 	47.20000076293945	47.70000076293945	47.20000076293945	47.599998474121094	53064	2022/05/04 
2022/05/05 	47.599998474121094	47.70000076293945	47.20000076293945	47.54999923706055	89000	2022/05/05 
2022/05/06 	47.150001525878906	47.75	47.150001525878906	47.70000076293945	69000	2022/05/06 
2022/05/09 	47.75	47.75	46.70000076293945	47.099998474121094	81000	2022/05/09 
2022/05/10 	46.25	46.5	45.95000076293945	46.25	265000	2022/05/10 
2022/05/11 	45.650001525878906	45.650001525878906	44.79999923706055	45.0	489000	2022/05/11 
2022/05/12 	44.400001525878906	44.5	43.0	43.54999923706055	204006	2022/05/12 
2022/05/13 	43.5	44.0	42.5	43.599998474121094	156000	2022/05/13 
2022/05/16 	43.599998474121094	43.900001525878906	42.5	43.20000076293945	65000	2022/05/16 
2022/05/17 	44.0	44.650001525878906	43.70000076293945	44.099998474121094	58000	2022/05/17 
2022/05/18 	44.0	44.599998474121094	44.0	44.150001525878906	38000	2022/05/18 
2022/05/19 	43.849998474121094	44.099998474121094	43.5	44.099998474121094	27000	2022/05/19 
2022/05/20 	44.400001525878906	44.400001525878906	44.099998474121094	44.20000076293945	22000	2022/05/20 
2022/05/23 	44.20000076293945	44.400001525878906	44.20000076293945	44.20000076293945	30099	2022/05/23 
2022/05/24 	44.5	44.5	43.849998474121094	43.849998474121094	22000	2022/05/24 
2022/05/25 	43.79999923706055	44.20000076293945	43.79999923706055	43.95000076293945	23000	2022/05/25 
2022/05/26 	44.54999923706055	45.70000076293945	44.54999923706055	45.150001525878906	138000	2022/05/26 
2022/05/27 	45.650001525878906	46.04999923706055	45.54999923706055	45.75	74010	2022/05/27 
2022/05/30 	45.849998474121094	46.5	45.79999923706055	46.29999923706055	84000	2022/05/30 
2022/05/31 	46.70000076293945	46.70000076293945	46.0	46.0	28000	2022/05/31 
2022/06/01 	46.0	46.650001525878906	46.0	46.349998474121094	202000	2022/06/01 
2022/06/02 	46.45000076293945	46.79999923706055	46.20000076293945	46.5	181000	2022/06/02 
2022/06/06 	46.5	46.900001525878906	46.5	46.75	82000	2022/06/06 
2022/06/07 	47.0	47.0	46.650001525878906	46.849998474121094	133000	2022/06/07 
2022/06/08 	47.099998474121094	47.099998474121094	46.75	46.75	161250	2022/06/08 
2022/06/09 	46.79999923706055	46.900001525878906	46.599998474121094	46.75	241016	2022/06/09 
2022/06/10 	42.5	42.75	41.5	42.04999923706055	240020	2022/06/10 
2022/06/13 	42.0	42.0	40.79999923706055	40.79999923706055	238000	2022/06/13 
2022/06/14 	40.79999923706055	40.79999923706055	40.0	40.54999923706055	90000	2022/06/14 
2022/06/15 	40.79999923706055	41.400001525878906	40.599998474121094	40.70000076293945	67587	2022/06/15 
2022/06/16 	40.79999923706055	40.900001525878906	40.400001525878906	40.400001525878906	39000	2022/06/16 
2022/06/17 	40.0	40.29999923706055	40.0	40.04999923706055	57033	2022/06/17 
2022/06/20 	40.0	40.099998474121094	39.5	39.5	91000	2022/06/20 
2022/06/21 	40.20000076293945	40.45000076293945	39.849998474121094	40.0	31050	2022/06/21 
2022/06/22 	40.0	40.0	39.0	40.0	103000	2022/06/22 
2022/06/23 	39.900001525878906	39.900001525878906	39.150001525878906	39.20000076293945	25000	2022/06/23 
2022/06/24 	39.349998474121094	39.5	39.29999923706055	39.5	51000	2022/06/24 
2022/06/27 	40.849998474121094	40.849998474121094	39.54999923706055	39.79999923706055	38000	2022/06/27 
2022/06/28 	39.79999923706055	39.900001525878906	39.349998474121094	39.349998474121094	26000	2022/06/28 
2022/06/29 	39.349998474121094	39.5	39.349998474121094	39.45000076293945	6000	2022/06/29 
2022/06/30 	39.099998474121094	39.099998474121094	38.0	38.79999923706055	64000	2022/06/30 
2022/07/01 	38.79999923706055	38.79999923706055	36.95000076293945	37.0	101000	2022/07/01 
2022/07/04 	37.20000076293945	39.400001525878906	36.95000076293945	37.099998474121094	35000	2022/07/04 
2022/07/05 	38.5	38.849998474121094	37.25	37.349998474121094	16000	2022/07/05 
2022/07/06 	37.25	37.25	37.0	37.0	30001	2022/07/06 
2022/07/07 	37.5	37.5	36.75	37.0	41000	2022/07/07 
2022/07/08 	37.0	37.349998474121094	37.0	37.0	15000	2022/07/08 
2022/07/11 	36.599998474121094	36.79999923706055	36.0	36.0	68000	2022/07/11 
2022/07/12 	35.599998474121094	35.599998474121094	33.599998474121094	33.79999923706055	94000	2022/07/12 
2022/07/13 	34.04999923706055	34.5	33.5	34.099998474121094	29010	2022/07/13 
2022/07/14 	34.150001525878906	34.400001525878906	34.0	34.099998474121094	32000	2022/07/14 
2022/07/15 	34.04999923706055	34.29999923706055	34.04999923706055	34.29999923706055	14000	2022/07/15 
2022/07/18 	34.599998474121094	34.70000076293945	34.25	34.54999923706055	29000	2022/07/18 
2022/07/19 	34.5	34.5	34.04999923706055	34.099998474121094	64000	2022/07/19 
2022/07/20 	34.5	34.79999923706055	34.45000076293945	34.79999923706055	34000	2022/07/20 
2022/07/21 	34.79999923706055	34.79999923706055	34.45000076293945	34.45000076293945	35019	2022/07/21 
2022/07/22 	34.79999923706055	34.79999923706055	34.650001525878906	34.650001525878906	19078	2022/07/22 
2022/07/25 	34.650001525878906	34.650001525878906	34.20000076293945	34.20000076293945	34000	2022/07/25 
2022/07/26 	34.20000076293945	34.20000076293945	33.20000076293945	34.099998474121094	102110	2022/07/26 
2022/07/27 	34.0	34.0	33.349998474121094	33.349998474121094	94000	2022/07/27 
2022/07/28 	33.5	34.04999923706055	33.25	33.79999923706055	59000	2022/07/28 
2022/07/29 	34.45000076293945	34.5	33.45000076293945	33.900001525878906	25000	2022/07/29 
2022/08/01 	33.70000076293945	33.70000076293945	33.29999923706055	33.45000076293945	75000	2022/08/01 
2022/08/02 	33.400001525878906	33.5	33.099998474121094	33.150001525878906	84000	2022/08/02 
2022/08/03 	33.0	33.099998474121094	32.650001525878906	32.75	85000	2022/08/03 
2022/08/04 	33.29999923706055	33.29999923706055	32.5	32.599998474121094	37000	2022/08/04 
2022/08/05 	32.599998474121094	33.04999923706055	32.599998474121094	33.0	51658	2022/08/05 
2022/08/08 	35.099998474121094	35.099998474121094	33.599998474121094	33.75	59000	2022/08/08 
2022/08/09 	33.75	33.849998474121094	33.29999923706055	33.349998474121094	38000	2022/08/09 
2022/08/10 	33.0	33.29999923706055	33.0	33.04999923706055	49076	2022/08/10 
2022/08/11 	33.04999923706055	33.599998474121094	33.0	33.599998474121094	113000	2022/08/11 
2022/08/12 	34.099998474121094	34.150001525878906	33.900001525878906	34.150001525878906	59000	2022/08/12 
2022/08/15 	34.20000076293945	34.20000076293945	34.150001525878906	34.20000076293945	24050	2022/08/15 
2022/08/16 	34.099998474121094	34.099998474121094	33.70000076293945	33.900001525878906	36000	2022/08/16 
2022/08/17 	34.0	34.599998474121094	34.0	34.400001525878906	47000	2022/08/17 
2022/08/18 	34.400001525878906	35.0	34.20000076293945	34.75	76022	2022/08/18 
2022/08/19 	34.79999923706055	35.349998474121094	34.599998474121094	35.349998474121094	88000	2022/08/19 
2022/08/22 	35.349998474121094	36.20000076293945	35.349998474121094	35.849998474121094	54000	2022/08/22 
2022/08/23 	35.75	35.75	35.45000076293945	35.45000076293945	31000	2022/08/23 
2022/08/24 	35.599998474121094	35.79999923706055	35.29999923706055	35.29999923706055	34000	2022/08/24 
2022/08/25 	34.79999923706055	35.54999923706055	34.79999923706055	35.25	48012	2022/08/25 
2022/08/26 	35.599998474121094	35.599998474121094	35.20000076293945	35.45000076293945	38000	2022/08/26 
2022/08/29 	35.0	35.20000076293945	34.599998474121094	34.79999923706055	35000	2022/08/29 
2022/08/30 	34.29999923706055	35.20000076293945	34.29999923706055	34.849998474121094	45000	2022/08/30 
2022/08/31 	34.849998474121094	35.099998474121094	34.650001525878906	34.650001525878906	30000	2022/08/31 
2022/09/01 	34.650001525878906	34.79999923706055	34.5	34.599998474121094	46350	2022/09/01 
2022/09/02 	34.79999923706055	34.900001525878906	34.70000076293945	34.70000076293945	31000	2022/09/02 
2022/09/05 	35.20000076293945	35.20000076293945	34.5	34.70000076293945	46000	2022/09/05 
2022/09/06 	34.900001525878906	34.900001525878906	34.20000076293945	34.20000076293945	30030	2022/09/06 
2022/09/07 	33.900001525878906	34.349998474121094	33.849998474121094	34.099998474121094	12000	2022/09/07 
2022/09/08 	36.45000076293945	36.45000076293945	34.0	34.54999923706055	16000	2022/09/08 
2022/09/12 	34.54999923706055	34.650001525878906	34.29999923706055	34.400001525878906	43000	2022/09/12 
2022/09/13 	34.5	34.95000076293945	34.400001525878906	34.45000076293945	24000	2022/09/13 
2022/09/14 	33.95000076293945	34.599998474121094	33.95000076293945	34.45000076293945	11000	2022/09/14 
2022/09/15 	34.5	34.849998474121094	34.29999923706055	34.45000076293945	44000	2022/09/15 
2022/09/16 	34.45000076293945	34.79999923706055	34.400001525878906	34.400001525878906	43000	2022/09/16 
2022/09/19 	34.599998474121094	34.599998474121094	34.20000076293945	34.45000076293945	26000	2022/09/19 
2022/09/20 	34.54999923706055	34.54999923706055	34.20000076293945	34.20000076293945	20000	2022/09/20 
2022/09/21 	34.04999923706055	34.25	33.900001525878906	33.900001525878906	25030	2022/09/21 
2022/09/22 	33.650001525878906	33.70000076293945	33.349998474121094	33.70000076293945	44050	2022/09/22 
2022/09/23 	33.54999923706055	34.349998474121094	33.5	33.599998474121094	15030	2022/09/23 
2022/09/26 	33.5	33.599998474121094	33.099998474121094	33.25	57000	2022/09/26 
2022/09/27 	33.0	33.79999923706055	33.0	33.25	35000	2022/09/27 
2022/09/28 	33.349998474121094	33.349998474121094	32.900001525878906	33.25	43000	2022/09/28 
2022/09/29 	33.25	33.5	33.150001525878906	33.29999923706055	32000	2022/09/29 
2022/09/30 	33.0	33.20000076293945	33.0	33.099998474121094	21050	2022/09/30 
2022/10/03 	32.79999923706055	33.29999923706055	32.79999923706055	33.29999923706055	22000	2022/10/03 
2022/10/04 	33.54999923706055	33.650001525878906	33.54999923706055	33.650001525878906	30000	2022/10/04 
2022/10/05 	33.650001525878906	34.0	33.650001525878906	33.650001525878906	14000	2022/10/05 
2022/10/06 	33.650001525878906	33.650001525878906	33.650001525878906	33.650001525878906	6000	2022/10/06 
2022/10/07 	34.0	34.29999923706055	33.650001525878906	34.25	6000	2022/10/07 
2022/10/11 	33.5	33.5	33.5	33.5	10000	2022/10/11 
2022/10/12 	33.5	34.04999923706055	33.099998474121094	34.04999923706055	3000	2022/10/12 
2022/10/13 	34.04999923706055	34.04999923706055	33.0	33.650001525878906	21000	2022/10/13 
2022/10/14 	33.150001525878906	33.650001525878906	33.150001525878906	33.599998474121094	17000	2022/10/14 
2022/10/17 	33.45000076293945	33.45000076293945	32.79999923706055	33.099998474121094	19000	2022/10/17 
2022/10/18 	33.20000076293945	33.20000076293945	33.099998474121094	33.20000076293945	6000	2022/10/18 
2022/10/19 	33.099998474121094	33.849998474121094	33.099998474121094	33.400001525878906	27500	2022/10/19 
2022/10/20 	33.400001525878906	33.400001525878906	33.0	33.0	8000	2022/10/20 
2022/10/21 	33.0	33.349998474121094	33.0	33.349998474121094	5000	2022/10/21 
2022/10/24 	33.400001525878906	33.400001525878906	33.099998474121094	33.099998474121094	5000	2022/10/24 
2022/10/25 	33.0	33.5	33.0	33.5	8000	2022/10/25 
2022/10/26 	33.650001525878906	33.650001525878906	33.0	33.25	35000	2022/10/26 
2022/10/27 	33.45000076293945	33.54999923706055	33.29999923706055	33.54999923706055	10000	2022/10/27 
2022/10/28 	33.54999923706055	33.54999923706055	33.54999923706055	33.54999923706055	0	2022/10/28 
2022/10/31 	33.45000076293945	33.54999923706055	33.349998474121094	33.349998474121094	27000	2022/10/31 
2022/11/01 	33.349998474121094	33.45000076293945	33.349998474121094	33.45000076293945	7000	2022/11/01 
2022/11/02 	33.599998474121094	33.599998474121094	33.5	33.5	17000	2022/11/02 
2022/11/03 	33.5	33.5	33.45000076293945	33.5	24000	2022/11/03 
2022/11/04 	33.5	33.79999923706055	33.400001525878906	33.79999923706055	22000	2022/11/04 
2022/11/07 	34.0	34.150001525878906	33.79999923706055	34.150001525878906	17000	2022/11/07 
2022/11/08 	34.099998474121094	34.099998474121094	34.0	34.04999923706055	6000	2022/11/08 
2022/11/09 	34.0	34.099998474121094	33.900001525878906	34.04999923706055	23000	2022/11/09 
2022/11/10 	33.70000076293945	33.849998474121094	33.099998474121094	33.54999923706055	48000	2022/11/10 
2022/11/11 	34.0	34.0	33.20000076293945	33.650001525878906	31000	2022/11/11 
2022/11/14 	33.349998474121094	34.0	33.29999923706055	33.849998474121094	14000	2022/11/14 
2022/11/15 	33.45000076293945	33.95000076293945	33.45000076293945	33.849998474121094	17147	2022/11/15 
2022/11/16 	33.70000076293945	33.95000076293945	33.45000076293945	33.599998474121094	32000	2022/11/16 
2022/11/17 	33.5	33.849998474121094	33.04999923706055	33.849998474121094	49000	2022/11/17 
2022/11/18 	33.849998474121094	34.20000076293945	33.150001525878906	33.599998474121094	65035	2022/11/18 
2022/11/21 	33.79999923706055	33.79999923706055	33.099998474121094	33.25	76040	2022/11/21 
2022/11/22 	33.400001525878906	33.650001525878906	33.400001525878906	33.650001525878906	18000	2022/11/22 
2022/11/23 	33.79999923706055	33.79999923706055	33.45000076293945	33.54999923706055	21030	2022/11/23 
2022/11/24 	33.54999923706055	33.79999923706055	33.45000076293945	33.79999923706055	19050	2022/11/24 
2022/11/25 	33.54999923706055	33.79999923706055	33.54999923706055	33.79999923706055	36030	2022/11/25 
2022/11/28 	33.650001525878906	33.849998474121094	33.599998474121094	33.849998474121094	23000	2022/11/28 
2022/11/29 	33.900001525878906	33.95000076293945	33.599998474121094	33.79999923706055	18000	2022/11/29 
2022/11/30 	33.79999923706055	34.099998474121094	33.70000076293945	33.70000076293945	21120	2022/11/30 
2022/12/01 	33.75	34.0	33.70000076293945	33.849998474121094	32000	2022/12/01 
2022/12/02 	33.70000076293945	33.79999923706055	33.650001525878906	33.70000076293945	36000	2022/12/02 
2022/12/05 	33.70000076293945	34.20000076293945	33.70000076293945	34.04999923706055	66000	2022/12/05 
2022/12/06 	34.099998474121094	34.20000076293945	33.75	33.75	34030	2022/12/06 
2022/12/07 	33.79999923706055	34.0	33.45000076293945	33.900001525878906	46000	2022/12/07 
2022/12/08 	33.650001525878906	33.650001525878906	33.599998474121094	33.650001525878906	9050	2022/12/08 
2022/12/09 	33.54999923706055	33.54999923706055	33.349998474121094	33.400001525878906	26000	2022/12/09 
2022/12/12 	33.400001525878906	33.5	33.25	33.25	30130	2022/12/12 
2022/12/13 	33.25	33.400001525878906	33.25	33.400001525878906	25300	2022/12/13 
2022/12/14 	33.75	33.900001525878906	33.400001525878906	33.400001525878906	18000	2022/12/14 
2022/12/15 	33.70000076293945	33.70000076293945	33.150001525878906	33.150001525878906	60150	2022/12/15 
2022/12/16 	33.099998474121094	33.150001525878906	32.900001525878906	32.900001525878906	79250	2022/12/16 
2022/12/19 	32.70000076293945	32.849998474121094	32.650001525878906	32.70000076293945	33030	2022/12/19 
2022/12/20 	32.75	32.75	32.5	32.54999923706055	45000	2022/12/20 
2022/12/21 	32.54999923706055	32.599998474121094	32.349998474121094	32.349998474121094	51030	2022/12/21 
2022/12/22 	32.79999923706055	32.79999923706055	32.0	32.29999923706055	109000	2022/12/22 
2022/12/23 	32.29999923706055	32.29999923706055	32.0	32.20000076293945	21000	2022/12/23 
2022/12/26 	32.5	32.5	32.099998474121094	32.150001525878906	18100	2022/12/26 
2022/12/27 	32.29999923706055	32.29999923706055	32.150001525878906	32.150001525878906	13000	2022/12/27 
2022/12/28 	32.150001525878906	32.20000076293945	32.04999923706055	32.150001525878906	9110	2022/12/28 
2022/12/29 	32.04999923706055	32.150001525878906	32.04999923706055	32.150001525878906	3001	2022/12/29 
2022/12/30 	32.150001525878906	32.150001525878906	32.0	32.099998474121094	35090	2022/12/30 
2023/01/03 	32.0	32.099998474121094	31.950000762939453	32.0	27000	2023/01/03 
2023/01/04 	32.20000076293945	32.20000076293945	31.899999618530273	32.0	45000	2023/01/04 
2023/01/05 	32.0	32.20000076293945	31.899999618530273	31.899999618530273	36000	2023/01/05 
2023/01/06 	32.20000076293945	32.25	31.899999618530273	32.0	25020	2023/01/06 
2023/01/09 	32.0	32.04999923706055	31.899999618530273	32.04999923706055	30000	2023/01/09 
2023/01/10 	31.950000762939453	31.950000762939453	31.75	31.850000381469727	86000	2023/01/10 
2023/01/11 	31.850000381469727	31.899999618530273	31.799999237060547	31.799999237060547	9000	2023/01/11 
2023/01/12 	31.75	31.75	31.600000381469727	31.600000381469727	59000	2023/01/12 
2023/01/13 	31.5	31.5	31.299999237060547	31.399999618530273	66093	2023/01/13 
2023/01/16 	31.5	31.600000381469727	31.399999618530273	31.549999237060547	25000	2023/01/16 
2023/01/17 	31.549999237060547	31.600000381469727	31.5	31.5	16015	2023/01/17 
2023/01/30 	31.549999237060547	31.549999237060547	31.450000762939453	31.549999237060547	70100	2023/01/30 
2023/01/31 	31.549999237060547	32.400001525878906	31.549999237060547	32.099998474121094	71004	2023/01/31 
2023/02/01 	32.099998474121094	32.099998474121094	31.950000762939453	31.950000762939453	31000	2023/02/01 
2023/02/02 	32.0	32.150001525878906	32.0	32.099998474121094	45000	2023/02/02 
2023/02/03 	32.099998474121094	32.099998474121094	32.0	32.04999923706055	33080	2023/02/03 
2023/02/06 	32.150001525878906	32.5	32.150001525878906	32.45000076293945	42000	2023/02/06 
2023/02/07 	32.45000076293945	32.54999923706055	32.349998474121094	32.45000076293945	26000	2023/02/07 
2023/02/08 	32.45000076293945	32.5	32.25	32.400001525878906	44030	2023/02/08 
2023/02/09 	32.25	32.54999923706055	32.25	32.25	32030	2023/02/09 
2023/02/10 	32.20000076293945	32.25	31.799999237060547	32.099998474121094	74000	2023/02/10 
2023/02/13 	32.0	32.0	31.899999618530273	31.899999618530273	28000	2023/02/13 
2023/02/14 	31.899999618530273	32.0	31.799999237060547	32.0	10120	2023/02/14 
2023/02/15 	31.899999618530273	32.150001525878906	31.850000381469727	32.150001525878906	35300	2023/02/15 
2023/02/16 	32.0	32.150001525878906	31.799999237060547	32.150001525878906	70000	2023/02/16 
2023/02/17 	32.150001525878906	32.29999923706055	32.099998474121094	32.29999923706055	21000	2023/02/17 
2023/02/20 	32.349998474121094	34.0	32.349998474121094	33.45000076293945	103000	2023/02/20 
2023/02/21 	33.75	33.900001525878906	33.0	33.0	87030	2023/02/21 
2023/02/22 	33.0	33.5	32.5	33.25	47053	2023/02/22 
