Date	Open	High	Low	Close	Volume	Date
2018/06/27 	134.0	168.41905212402344	130.0	134.0	134282	2018/06/27 
2018/06/28 	132.38095092773438	135.23809814453125	130.46665954589844	132.38095092773438	51041	2018/06/28 
2018/06/29 	133.3333282470703	133.3333282470703	131.42857360839844	133.3333282470703	10500	2018/06/29 
2018/07/02 	134.2857208251953	134.2857208251953	131.42857360839844	134.2857208251953	7915	2018/07/02 
2018/07/03 	134.2857208251953	134.2857208251953	134.2857208251953	134.2857208251953	1	2018/07/03 
2018/07/04 	132.85714721679688	134.2857208251953	132.85714721679688	132.85714721679688	145950	2018/07/04 
2018/07/05 	132.38095092773438	132.85714721679688	131.42857360839844	132.38095092773438	123253	2018/07/05 
2018/07/06 	132.38095092773438	132.38095092773438	132.38095092773438	132.38095092773438	0	2018/07/06 
2018/07/09 	133.8095245361328	137.14285278320312	133.3333282470703	133.8095245361328	32753	2018/07/09 
2018/07/10 	135.23809814453125	135.23809814453125	134.2857208251953	135.23809814453125	2310	2018/07/10 
2018/07/11 	143.8095245361328	143.8095245361328	135.1904754638672	143.8095245361328	20476	2018/07/11 
2018/07/12 	144.2857208251953	145.7142791748047	142.38095092773438	144.2857208251953	39034	2018/07/12 
2018/07/13 	139.04762268066406	141.90475463867188	138.09524536132812	139.04762268066406	13650	2018/07/13 
2018/07/16 	139.04762268066406	139.04762268066406	139.04762268066406	139.04762268066406	0	2018/07/16 
2018/07/17 	133.8095245361328	138.09524536132812	133.8095245361328	133.8095245361328	18237	2018/07/17 
2018/07/18 	126.66666412353516	131.5238037109375	125.71428680419922	126.66666412353516	20107	2018/07/18 
2018/07/19 	126.66666412353516	126.66666412353516	126.66666412353516	126.66666412353516	0	2018/07/19 
2018/07/20 	130.0	130.94285583496094	130.0	130.0	3150	2018/07/20 
2018/07/23 	128.57142639160156	131.42857360839844	128.57142639160156	128.57142639160156	6300	2018/07/23 
2018/07/24 	129.76190185546875	132.38095092773438	129.5238037109375	129.76190185546875	14700	2018/07/24 
2018/07/25 	131.42857360839844	131.42857360839844	131.42857360839844	131.42857360839844	157	2018/07/25 
2018/07/26 	131.42857360839844	131.42857360839844	131.42857360839844	131.42857360839844	0	2018/07/26 
2018/07/27 	133.8095245361328	138.3428497314453	132.85714721679688	133.8095245361328	22572	2018/07/27 
2018/07/30 	132.38095092773438	134.2857208251953	132.0	132.38095092773438	9460	2018/07/30 
2018/07/31 	132.38095092773438	132.38095092773438	132.38095092773438	132.38095092773438	0	2018/07/31 
2018/08/01 	132.39047241210938	134.76190185546875	132.39047241210938	132.39047241210938	19057	2018/08/01 
2018/08/02 	134.2857208251953	134.2857208251953	133.8095245361328	134.2857208251953	6300	2018/08/02 
2018/08/03 	138.57142639160156	141.42857360839844	135.86666870117188	138.57142639160156	113400	2018/08/03 
2018/08/06 	138.57142639160156	140.0	138.09524536132812	138.57142639160156	9450	2018/08/06 
2018/08/07 	134.2857208251953	137.14285278320312	130.4761962890625	134.2857208251953	44664	2018/08/07 
2018/08/08 	134.86666870117188	137.14285278320312	134.76190185546875	134.86666870117188	26250	2018/08/08 
2018/08/09 	134.76190185546875	135.7142791748047	134.2857208251953	134.76190185546875	19950	2018/08/09 
2018/08/10 	135.7142791748047	138.09524536132812	135.23809814453125	135.7142791748047	36960	2018/08/10 
2018/08/13 	133.3333282470703	134.2857208251953	132.86666870117188	133.3333282470703	25200	2018/08/13 
2018/08/14 	133.3333282470703	133.3333282470703	133.3333282470703	133.3333282470703	210	2018/08/14 
2018/08/15 	133.3333282470703	133.3333282470703	133.3333282470703	133.3333282470703	0	2018/08/15 
2018/08/16 	132.85714721679688	132.85714721679688	132.38095092773438	132.85714721679688	3360	2018/08/16 
2018/08/17 	132.85714721679688	134.76190185546875	132.38095092773438	132.85714721679688	13529	2018/08/17 
2018/08/20 	131.91429138183594	132.38095092773438	131.91429138183594	131.91429138183594	4226	2018/08/20 
2018/08/21 	130.95237731933594	131.42857360839844	130.95237731933594	130.95237731933594	7350	2018/08/21 
2018/08/22 	130.95237731933594	130.95237731933594	130.95237731933594	130.95237731933594	0	2018/08/22 
2018/08/23 	130.95237731933594	130.95237731933594	130.95237731933594	130.95237731933594	0	2018/08/23 
2018/08/24 	130.95237731933594	130.95237731933594	130.95237731933594	130.95237731933594	0	2018/08/24 
2018/08/27 	128.38095092773438	128.57142639160156	127.57142639160156	128.38095092773438	11565	2018/08/27 
2018/08/28 	126.66666412353516	128.09524536132812	126.66666412353516	126.66666412353516	2782	2018/08/28 
2018/08/29 	126.19047546386719	128.57142639160156	125.71428680419922	126.19047546386719	2111	2018/08/29 
2018/08/30 	126.19047546386719	126.19047546386719	126.19047546386719	126.19047546386719	0	2018/08/30 
2018/08/31 	123.80952453613281	125.23809814453125	123.80952453613281	123.80952453613281	9450	2018/08/31 
2018/09/03 	124.28571319580078	124.75238037109375	123.80952453613281	124.28571319580078	12600	2018/09/03 
2018/09/04 	124.28571319580078	124.28571319580078	124.28571319580078	124.28571319580078	0	2018/09/04 
2018/09/05 	123.80952453613281	124.26666259765625	123.80952453613281	123.80952453613281	2992	2018/09/05 
2018/09/06 	129.5238037109375	129.5238037109375	124.75238037109375	129.5238037109375	11025	2018/09/06 
2018/09/07 	133.3333282470703	138.08570861816406	129.5238037109375	133.3333282470703	47996	2018/09/07 
2018/09/10 	130.4761962890625	133.3333282470703	128.57142639160156	130.4761962890625	17515	2018/09/10 
2018/09/11 	133.3333282470703	138.08570861816406	130.95237731933594	133.3333282470703	66654	2018/09/11 
2018/09/12 	130.4761962890625	133.8095245361328	130.4761962890625	130.4761962890625	5481	2018/09/12 
2018/09/13 	132.85714721679688	132.85714721679688	132.38095092773438	132.85714721679688	21	2018/09/13 
2018/09/14 	131.23809814453125	132.38095092773438	130.4761962890625	131.23809814453125	7465	2018/09/14 
2018/09/17 	131.23809814453125	131.23809814453125	131.23809814453125	131.23809814453125	84	2018/09/17 
2018/09/18 	131.23809814453125	131.23809814453125	131.23809814453125	131.23809814453125	0	2018/09/18 
2018/09/19 	131.90475463867188	132.37142944335938	131.41905212402344	131.90475463867188	1113	2018/09/19 
2018/09/20 	131.90475463867188	131.90475463867188	131.90475463867188	131.90475463867188	0	2018/09/20 
2018/09/21 	128.56190490722656	129.53334045410156	126.66666412353516	128.56190490722656	14377	2018/09/21 
2018/09/25 	127.13333129882812	128.55238342285156	123.81904602050781	127.13333129882812	32670	2018/09/25 
2018/09/26 	126.66666412353516	126.66666412353516	123.80952453613281	126.66666412353516	2168	2018/09/26 
2018/09/27 	124.28571319580078	126.64762115478516	123.81904602050781	124.28571319580078	4221	2018/09/27 
2018/09/28 	123.33333587646484	126.18095397949219	123.33333587646484	123.33333587646484	19280	2018/09/28 
2018/10/01 	122.85713958740234	124.1047592163086	121.9047622680664	122.85713958740234	12749	2018/10/01 
2018/10/02 	117.14286041259766	123.33333587646484	116.19047546386719	117.14286041259766	20118	2018/10/02 
2018/10/03 	108.57142639160156	117.14286041259766	104.28571319580078	108.57142639160156	94657	2018/10/03 
2018/10/04 	113.33333587646484	114.28571319580078	108.57142639160156	113.33333587646484	41139	2018/10/04 
2018/10/05 	107.66666412353516	112.38095092773438	107.61904907226562	107.66666412353516	30450	2018/10/05 
2018/10/08 	108.0952377319336	108.57142639160156	107.61904907226562	108.0952377319336	8610	2018/10/08 
2018/10/09 	107.61904907226562	108.57142639160156	107.15238189697266	107.61904907226562	14721	2018/10/09 
2018/10/11 	101.9047622680664	107.61904907226562	99.04762268066406	101.9047622680664	60028	2018/10/11 
2018/10/12 	102.85713958740234	103.32380676269531	100.0	102.85713958740234	6195	2018/10/12 
2018/10/15 	102.85713958740234	103.33333587646484	100.95237731933594	102.85713958740234	15771	2018/10/15 
2018/10/16 	103.80000305175781	103.80000305175781	101.9047622680664	103.80000305175781	17950	2018/10/16 
2018/10/17 	103.03809356689453	103.28571319580078	102.47618865966797	103.03809356689453	11655	2018/10/17 
2018/10/18 	103.03809356689453	103.80952453613281	103.03809356689453	103.03809356689453	9744	2018/10/18 
2018/10/19 	103.03809356689453	103.03809356689453	103.03809356689453	103.03809356689453	0	2018/10/19 
2018/10/22 	103.5999984741211	103.5999984741211	103.5999984741211	103.5999984741211	10	2018/10/22 
2018/10/23 	104.27619171142578	108.0952377319336	104.27619171142578	104.27619171142578	22092	2018/10/23 
2018/10/24 	104.76190185546875	104.76190185546875	103.80952453613281	104.76190185546875	6300	2018/10/24 
2018/10/25 	103.80952453613281	103.80952453613281	103.80952453613281	103.80952453613281	3150	2018/10/25 
2018/10/26 	103.43809509277344	103.80952453613281	103.43809509277344	103.43809509277344	9450	2018/10/26 
2018/10/29 	102.85713958740234	102.85713958740234	102.85713958740234	102.85713958740234	1050	2018/10/29 
2018/10/30 	102.85713958740234	102.85713958740234	102.85713958740234	102.85713958740234	0	2018/10/30 
2018/10/31 	101.9047622680664	103.19047546386719	101.9047622680664	101.9047622680664	3150	2018/10/31 
2018/11/01 	101.9047622680664	102.37142944335938	101.9047622680664	101.9047622680664	10257	2018/11/01 
2018/11/02 	101.9047622680664	101.9047622680664	101.9047622680664	101.9047622680664	0	2018/11/02 
2018/11/05 	102.06666564941406	102.06666564941406	100.47618865966797	102.06666564941406	1614	2018/11/05 
2018/11/06 	100.0	100.009521484375	100.0	100.0	4515	2018/11/06 
2018/11/07 	100.95237731933594	101.42857360839844	100.93333435058594	100.95237731933594	9450	2018/11/07 
2018/11/08 	100.96190643310547	101.9047622680664	100.96190643310547	100.96190643310547	9450	2018/11/08 
2018/11/09 	100.96190643310547	100.96190643310547	100.96190643310547	100.96190643310547	0	2018/11/09 
2018/11/12 	107.61904907226562	114.25714111328125	101.80952453613281	107.61904907226562	39697	2018/11/12 
2018/11/13 	104.71428680419922	105.71428680419922	103.14286041259766	104.71428680419922	32550	2018/11/13 
2018/11/14 	108.57142639160156	110.47618865966797	104.76190185546875	108.57142639160156	27510	2018/11/14 
2018/11/15 	114.38095092773438	115.23809814453125	110.47618865966797	114.38095092773438	64958	2018/11/15 
2018/11/16 	112.38095092773438	114.28571319580078	111.9142837524414	112.38095092773438	28911	2018/11/16 
2018/11/19 	113.33333587646484	113.33333587646484	113.33333587646484	113.33333587646484	1050	2018/11/19 
2018/11/20 	113.33333587646484	113.33333587646484	113.33333587646484	113.33333587646484	0	2018/11/20 
2018/11/21 	112.95237731933594	112.95237731933594	112.0	112.95237731933594	9450	2018/11/21 
2018/11/22 	113.33333587646484	113.33333587646484	112.38095092773438	113.33333587646484	2677	2018/11/22 
2018/11/23 	112.39047241210938	112.85713958740234	112.39047241210938	112.39047241210938	3150	2018/11/23 
2018/11/26 	112.39047241210938	112.39047241210938	112.39047241210938	112.39047241210938	0	2018/11/26 
2018/11/27 	112.39047241210938	112.39047241210938	112.39047241210938	112.39047241210938	0	2018/11/27 
2018/11/28 	113.33333587646484	113.75238037109375	113.33333587646484	113.33333587646484	6300	2018/11/28 
2018/11/29 	113.80952453613281	113.80952453613281	111.42857360839844	113.80952453613281	21273	2018/11/29 
2018/11/30 	113.80952453613281	113.80952453613281	112.95237731933594	113.80952453613281	2100	2018/11/30 
2018/12/03 	123.33333587646484	124.19047546386719	115.23809814453125	123.33333587646484	28480	2018/12/03 
2018/12/04 	115.70475769042969	120.95237731933594	110.82856750488281	115.70475769042969	39254	2018/12/04 
2018/12/05 	113.33333587646484	114.28571319580078	112.0	113.33333587646484	3150	2018/12/05 
2018/12/06 	113.33333587646484	113.33333587646484	113.33333587646484	113.33333587646484	0	2018/12/06 
2018/12/07 	114.28571319580078	114.28571319580078	113.31428527832031	114.28571319580078	6300	2018/12/07 
2018/12/10 	112.83809661865234	113.33333587646484	112.47618865966797	112.83809661865234	11550	2018/12/10 
2018/12/11 	112.37142944335938	112.38095092773438	110.0	112.37142944335938	33837	2018/12/11 
2018/12/12 	114.28571319580078	114.28571319580078	112.37142944335938	114.28571319580078	12600	2018/12/12 
2018/12/13 	116.19047546386719	116.19047546386719	115.23809814453125	116.19047546386719	5544	2018/12/13 
2018/12/14 	116.19047546386719	116.19047546386719	116.19047546386719	116.19047546386719	0	2018/12/14 
2018/12/17 	117.61904907226562	117.61904907226562	117.61904907226562	117.61904907226562	52	2018/12/17 
2018/12/18 	116.19047546386719	116.19047546386719	114.76190185546875	116.19047546386719	2100	2018/12/18 
2018/12/19 	115.23809814453125	116.19047546386719	115.23809814453125	115.23809814453125	5250	2018/12/19 
2018/12/20 	115.23809814453125	115.23809814453125	114.95237731933594	115.23809814453125	8400	2018/12/20 
2018/12/21 	116.19047546386719	116.19047546386719	116.19047546386719	116.19047546386719	525	2018/12/21 
2018/12/24 	115.23809814453125	115.23809814453125	115.23809814453125	115.23809814453125	2100	2018/12/24 
2018/12/25 	114.74285888671875	114.74285888671875	114.28571319580078	114.74285888671875	8400	2018/12/25 
2018/12/26 	114.28571319580078	114.76190185546875	114.28571319580078	114.28571319580078	6300	2018/12/26 
2018/12/27 	114.47618865966797	114.47618865966797	114.0952377319336	114.47618865966797	213150	2018/12/27 
2018/12/28 	114.61904907226562	114.76190185546875	114.28571319580078	114.61904907226562	6372	2018/12/28 
2019/01/02 	114.20952606201172	115.23809814453125	114.20952606201172	114.20952606201172	2179	2019/01/02 
2019/01/03 	117.15238189697266	118.57142639160156	115.23809814453125	117.15238189697266	10500	2019/01/03 
2019/01/04 	117.15238189697266	117.15238189697266	117.15238189697266	117.15238189697266	0	2019/01/04 
2019/01/07 	116.66666412353516	116.66666412353516	115.24761962890625	116.66666412353516	8400	2019/01/07 
2019/01/08 	116.19047546386719	116.19047546386719	116.19047546386719	116.19047546386719	1050	2019/01/08 
2019/01/09 	118.0952377319336	118.0952377319336	116.65714263916016	118.0952377319336	25200	2019/01/09 
2019/01/10 	119.85713958740234	120.95237731933594	117.14286041259766	119.85713958740234	10500	2019/01/10 
2019/01/11 	119.04762268066406	119.23809814453125	117.14286041259766	119.04762268066406	132300	2019/01/11 
2019/01/14 	119.04762268066406	119.04762268066406	119.04762268066406	119.04762268066406	0	2019/01/14 
2019/01/15 	126.26666259765625	127.14286041259766	120.76190185546875	126.26666259765625	245490	2019/01/15 
2019/01/16 	133.3333282470703	134.1904754638672	128.09524536132812	133.3333282470703	75285	2019/01/16 
2019/01/17 	133.3333282470703	138.56190490722656	131.42857360839844	133.3333282470703	28465	2019/01/17 
2019/01/18 	131.23809814453125	133.3238067626953	130.4857177734375	131.23809814453125	22375	2019/01/18 
2019/01/21 	130.009521484375	131.90475463867188	130.009521484375	130.009521484375	14700	2019/01/21 
2019/01/22 	129.5238037109375	129.61904907226562	129.05714416503906	129.5238037109375	27300	2019/01/22 
2019/01/23 	129.5238037109375	129.5238037109375	128.57142639160156	129.5238037109375	21000	2019/01/23 
2019/01/24 	130.4857177734375	131.23809814453125	130.4761962890625	130.4857177734375	11131	2019/01/24 
2019/01/25 	129.5238037109375	130.4761962890625	129.5238037109375	129.5238037109375	6825	2019/01/25 
2019/01/28 	130.4761962890625	131.42857360839844	130.46665954589844	130.4761962890625	9450	2019/01/28 
2019/01/29 	130.09524536132812	130.65713500976562	130.04762268066406	130.09524536132812	10500	2019/01/29 
2019/01/30 	130.36190795898438	130.95237731933594	129.5238037109375	130.36190795898438	16800	2019/01/30 
2019/02/11 	132.85714721679688	134.2857208251953	130.36190795898438	132.85714721679688	55650	2019/02/11 
2019/02/12 	133.3333282470703	133.74285888671875	132.4761962890625	133.3333282470703	29400	2019/02/12 
2019/02/13 	140.95237731933594	141.41905212402344	133.3333282470703	140.95237731933594	142065	2019/02/13 
2019/02/14 	147.61904907226562	148.1904754638672	142.84762573242188	147.61904907226562	231506	2019/02/14 
2019/02/15 	143.8095245361328	147.61904907226562	143.8095245361328	143.8095245361328	57789	2019/02/15 
2019/02/18 	153.3142852783203	154.56190490722656	144.76190185546875	153.3142852783203	252643	2019/02/18 
2019/02/19 	150.95237731933594	154.2857208251953	149.95237731933594	150.95237731933594	182215	2019/02/19 
2019/02/20 	149.5238037109375	150.95237731933594	146.6666717529297	149.5238037109375	96338	2019/02/20 
2019/02/21 	151.11428833007812	152.37142944335938	150.0	151.11428833007812	279536	2019/02/21 
2019/02/22 	153.8095245361328	155.7142791748047	150.4761962890625	153.8095245361328	432579	2019/02/22 
2019/02/25 	155.90475463867188	160.95237731933594	154.2857208251953	155.90475463867188	943310	2019/02/25 
2019/02/26 	154.2857208251953	158.09524536132812	152.38095092773438	154.2857208251953	325800	2019/02/26 
2019/02/27 	156.1904754638672	157.14285278320312	154.2857208251953	156.1904754638672	183314	2019/02/27 
2019/03/04 	157.59046936035156	158.09524536132812	155.7142791748047	157.59046936035156	239494	2019/03/04 
2019/03/05 	156.65713500976562	159.61904907226562	152.38095092773438	156.65713500976562	602924	2019/03/05 
2019/03/06 	152.01904296875	156.95237731933594	151.90475463867188	152.01904296875	121516	2019/03/06 
2019/03/07 	151.42857360839844	153.8095245361328	147.90475463867188	151.42857360839844	98645	2019/03/07 
2019/03/08 	152.38095092773438	153.3333282470703	151.24761962890625	152.38095092773438	197963	2019/03/08 
2019/03/11 	155.23809814453125	157.14285278320312	153.60952758789062	155.23809814453125	222418	2019/03/11 
2019/03/12 	155.12380981445312	156.1904754638672	153.90475463867188	155.12380981445312	55503	2019/03/12 
2019/03/13 	152.37142944335938	154.2857208251953	150.009521484375	152.37142944335938	108200	2019/03/13 
2019/03/14 	147.7142791748047	152.8380889892578	146.6761932373047	147.7142791748047	187171	2019/03/14 
2019/03/15 	153.3238067626953	153.3238067626953	142.38095092773438	153.3238067626953	259696	2019/03/15 
2019/03/18 	155.8095245361328	155.8095245361328	151.5238037109375	155.8095245361328	190281	2019/03/18 
2019/03/19 	156.07618713378906	156.95237731933594	153.5238037109375	156.07618713378906	111494	2019/03/19 
2019/03/20 	153.3333282470703	156.14285278320312	152.38095092773438	153.3333282470703	143014	2019/03/20 
2019/03/21 	158.55238342285156	158.57142639160156	153.990478515625	158.55238342285156	190470	2019/03/21 
2019/03/22 	157.58094787597656	159.7142791748047	156.77142333984375	157.58094787597656	111493	2019/03/22 
2019/03/25 	158.07618713378906	158.09524536132812	154.2857208251953	158.07618713378906	103898	2019/03/25 
2019/03/26 	167.2190399169922	167.42857360839844	158.09524536132812	167.2190399169922	514202	2019/03/26 
2019/03/27 	166.6666717529297	167.61904907226562	163.8095245361328	166.6666717529297	258894	2019/03/27 
2019/03/28 	163.8095245361328	167.2095184326172	161.44761657714844	163.8095245361328	171811	2019/03/28 
2019/03/29 	163.7142791748047	167.2857208251953	162.88571166992188	163.7142791748047	142363	2019/03/29 
2019/04/01 	168.09524536132812	169.028564453125	163.36190795898438	168.09524536132812	640983	2019/04/01 
2019/04/02 	171.42857360839844	172.94285583496094	167.61904907226562	171.42857360839844	587722	2019/04/02 
2019/04/03 	171.7904815673828	173.2952423095703	169.73333740234375	171.7904815673828	141339	2019/04/03 
2019/04/08 	172.38095092773438	174.2857208251953	170.990478515625	172.38095092773438	336526	2019/04/08 
2019/04/09 	169.0	171.89523315429688	168.57142639160156	169.0	215785	2019/04/09 
2019/04/10 	167.42857360839844	169.8095245361328	164.76190185546875	167.42857360839844	245320	2019/04/10 
2019/04/11 	161.90475463867188	166.3047637939453	161.44761657714844	161.90475463867188	184500	2019/04/11 
2019/04/12 	164.3238067626953	164.76190185546875	161.42857360839844	164.3238067626953	206949	2019/04/12 
2019/04/15 	170.4761962890625	172.37142944335938	164.23809814453125	170.4761962890625	437185	2019/04/15 
2019/04/16 	170.95237731933594	172.37142944335938	168.85714721679688	170.95237731933594	148680	2019/04/16 
2019/04/17 	171.38095092773438	172.08570861816406	169.5238037109375	171.38095092773438	188876	2019/04/17 
2019/04/18 	168.09524536132812	172.62857055664062	163.8285675048828	168.09524536132812	261561	2019/04/18 
2019/04/19 	166.2095184326172	168.09524536132812	164.76190185546875	166.2095184326172	102700	2019/04/19 
2019/04/22 	168.4857177734375	169.57142639160156	166.65713500976562	168.4857177734375	142800	2019/04/22 
2019/04/23 	169.5142822265625	169.85714721679688	168.57142639160156	169.5142822265625	190050	2019/04/23 
2019/04/24 	169.63809204101562	170.07618713378906	168.96189880371094	169.63809204101562	76577	2019/04/24 
2019/04/25 	169.03810119628906	169.5238037109375	167.61904907226562	169.03810119628906	235039	2019/04/25 
2019/04/26 	167.14285278320312	168.94285583496094	167.14285278320312	167.14285278320312	55860	2019/04/26 
2019/04/29 	164.72381591796875	167.22857666015625	161.90475463867188	164.72381591796875	191667	2019/04/29 
2019/04/30 	162.55238342285156	164.7142791748047	161.42857360839844	162.55238342285156	121674	2019/04/30 
2019/05/02 	162.61904907226562	163.7047576904297	161.39999389648438	162.61904907226562	66192	2019/05/02 
2019/05/03 	166.64761352539062	167.61904907226562	162.85714721679688	166.64761352539062	173209	2019/05/03 
2019/05/06 	162.85714721679688	165.89523315429688	162.85714721679688	162.85714721679688	88137	2019/05/06 
2019/05/07 	165.23809814453125	166.23809814453125	161.93333435058594	165.23809814453125	123501	2019/05/07 
2019/05/08 	164.12380981445312	166.22857666015625	164.009521484375	164.12380981445312	111625	2019/05/08 
2019/05/09 	164.27618408203125	165.04762268066406	163.14285278320312	164.27618408203125	29359	2019/05/09 
2019/05/10 	164.26666259765625	164.3142852783203	162.91429138183594	164.26666259765625	27012	2019/05/10 
2019/05/13 	164.25714111328125	165.24761962890625	162.86666870117188	164.25714111328125	37380	2019/05/13 
2019/05/14 	162.85714721679688	163.60000610351562	159.04762268066406	162.85714721679688	98763	2019/05/14 
2019/05/15 	164.27618408203125	164.75238037109375	162.86666870117188	164.27618408203125	17456	2019/05/15 
2019/05/16 	161.90475463867188	164.54286193847656	161.6952362060547	161.90475463867188	37905	2019/05/16 
2019/05/17 	161.42857360839844	164.3142852783203	160.57142639160156	161.42857360839844	102446	2019/05/17 
2019/05/20 	154.94285583496094	162.57142639160156	153.3333282470703	154.94285583496094	144817	2019/05/20 
2019/05/21 	151.42857360839844	154.84762573242188	148.11428833007812	151.42857360839844	148109	2019/05/21 
2019/05/22 	150.0	153.8000030517578	148.57142639160156	150.0	124530	2019/05/22 
2019/05/23 	142.39047241210938	149.990478515625	141.90475463867188	142.39047241210938	293315	2019/05/23 
2019/05/24 	144.76190185546875	147.60952758789062	142.85714721679688	144.76190185546875	230277	2019/05/24 
2019/05/27 	148.10476684570312	151.23809814453125	145.2857208251953	148.10476684570312	194722	2019/05/27 
2019/05/28 	149.75238037109375	150.95237731933594	148.09524536132812	149.75238037109375	130517	2019/05/28 
2019/05/29 	145.26666259765625	149.75238037109375	144.76190185546875	145.26666259765625	86992	2019/05/29 
2019/05/30 	147.61904907226562	148.1999969482422	143.8190460205078	147.61904907226562	62685	2019/05/30 
2019/05/31 	148.58094787597656	148.58094787597656	147.61904907226562	148.58094787597656	26932	2019/05/31 
2019/06/03 	147.78094482421875	147.78094482421875	146.6666717529297	147.78094482421875	19052	2019/06/03 
2019/06/04 	147.15237426757812	147.7047576904297	147.15237426757812	147.15237426757812	15006	2019/06/04 
2019/06/05 	148.95237731933594	148.95237731933594	147.8190460205078	148.95237731933594	22218	2019/06/05 
2019/06/06 	148.84762573242188	148.95237731933594	148.11428833007812	148.84762573242188	19078	2019/06/06 
2019/06/10 	150.95237731933594	151.22857666015625	148.84762573242188	150.95237731933594	30135	2019/06/10 
2019/06/11 	152.37142944335938	152.38095092773438	147.61904907226562	152.37142944335938	112507	2019/06/11 
2019/06/12 	151.90475463867188	152.37142944335938	151.43809509277344	151.90475463867188	25641	2019/06/12 
2019/06/13 	150.95237731933594	152.38095092773438	150.4761962890625	150.95237731933594	58117	2019/06/13 
2019/06/14 	151.43809509277344	151.990478515625	151.42857360839844	151.43809509277344	69336	2019/06/14 
2019/06/17 	151.2952423095703	151.6857147216797	150.4761962890625	151.2952423095703	20491	2019/06/17 
2019/06/18 	151.5238037109375	152.38095092773438	150.4761962890625	151.5238037109375	44598	2019/06/18 
2019/06/19 	154.64761352539062	156.65713500976562	152.38095092773438	154.64761352539062	182680	2019/06/19 
2019/06/20 	153.90475463867188	154.3047637939453	153.3333282470703	153.90475463867188	61215	2019/06/20 
2019/06/21 	152.85714721679688	154.74285888671875	152.58094787597656	152.85714721679688	69510	2019/06/21 
2019/06/24 	151.14285278320312	153.1809539794922	151.05714416503906	151.14285278320312	71452	2019/06/24 
2019/06/25 	152.38095092773438	152.84762573242188	147.1619110107422	152.38095092773438	161910	2019/06/25 
2019/06/26 	152.08570861816406	155.76190185546875	151.41905212402344	154.38095092773438	133741	2019/06/26 
2019/06/27 	152.39999389648438	153.89523315429688	152.38095092773438	153.78094482421875	108255	2019/06/27 
2019/06/28 	153.8095245361328	155.6857147216797	153.8095245361328	155.22857666015625	128951	2019/06/28 
2019/07/01 	155.7142791748047	160.4761962890625	155.7142791748047	159.86666870117188	274858	2019/07/01 
2019/07/02 	159.23809814453125	159.23809814453125	156.64761352539062	157.14285278320312	149898	2019/07/02 
2019/07/03 	156.6857147216797	156.74285888671875	154.2857208251953	155.7142791748047	81690	2019/07/03 
2019/07/04 	154.77142333984375	158.09524536132812	154.3142852783203	157.2190399169922	66843	2019/07/04 
2019/07/05 	157.14285278320312	160.95237731933594	157.14285278320312	160.4761962890625	120183	2019/07/05 
2019/07/08 	161.8000030517578	161.8000030517578	158.73333740234375	158.76190185546875	83538	2019/07/08 
2019/07/09 	159.61904907226562	160.09524536132812	159.04762268066406	159.24761962890625	70444	2019/07/09 
2019/07/10 	160.94285583496094	164.74285888671875	160.94285583496094	161.7142791748047	185152	2019/07/10 
2019/07/11 	162.44761657714844	162.44761657714844	159.03810119628906	160.75238037109375	73905	2019/07/11 
2019/07/12 	160.95237731933594	161.41905212402344	159.04762268066406	159.990478515625	73027	2019/07/12 
2019/07/15 	160.94285583496094	160.94285583496094	159.24761962890625	159.8285675048828	102606	2019/07/15 
2019/07/16 	160.0	160.45713806152344	159.04762268066406	159.78094482421875	89281	2019/07/16 
2019/07/17 	159.8095245361328	159.8095245361328	156.6666717529297	159.04762268066406	190851	2019/07/17 
2019/07/18 	156.0	160.19000244140625	156.0	159.0	271645	2019/07/18 
2019/07/19 	159.97999572753906	159.97999572753906	158.3300018310547	159.0	58030	2019/07/19 
2019/07/22 	159.99000549316406	159.99000549316406	157.89999389648438	158.39999389648438	53150	2019/07/22 
2019/07/23 	158.0	158.1999969482422	157.0	157.5	161784	2019/07/23 
2019/07/24 	157.00999450683594	157.99000549316406	156.5	157.08999633789062	167750	2019/07/24 
2019/07/25 	157.47999572753906	157.47999572753906	156.0	156.7899932861328	46930	2019/07/25 
2019/07/26 	155.57000732421875	156.3800048828125	155.2100067138672	156.3800048828125	70850	2019/07/26 
2019/07/29 	156.3800048828125	156.39999389648438	155.1999969482422	155.2100067138672	108666	2019/07/29 
2019/07/30 	156.0	156.10000610351562	155.0	155.99000549316406	137740	2019/07/30 
2019/07/31 	154.61000061035156	161.2899932861328	154.61000061035156	160.50999450683594	252495	2019/07/31 
2019/08/01 	160.0	161.49000549316406	159.00999450683594	159.6199951171875	136020	2019/08/01 
2019/08/02 	158.00999450683594	159.0	157.50999450683594	158.49000549316406	24800	2019/08/02 
2019/08/05 	157.00999450683594	158.0	157.00999450683594	157.3000030517578	31780	2019/08/05 
2019/08/06 	156.00999450683594	157.0	154.24000549316406	157.0	75010	2019/08/06 
2019/08/07 	159.0	163.6699981689453	159.0	162.97999572753906	314720	2019/08/07 
2019/08/08 	163.49000549316406	166.66000366210938	163.0	165.97999572753906	292756	2019/08/08 
2019/08/12 	166.99000549316406	170.6999969482422	166.47999572753906	170.0	289499	2019/08/12 
2019/08/13 	170.0	170.0	166.00999450683594	167.10000610351562	167584	2019/08/13 
2019/08/14 	169.0	169.99000549316406	165.00999450683594	166.49000549316406	172533	2019/08/14 
2019/08/15 	166.0	166.49000549316406	163.0	163.8800048828125	109995	2019/08/15 
2019/08/16 	163.88999938964844	164.0	163.0	163.1999969482422	69786	2019/08/16 
2019/08/19 	164.0	167.60000610351562	164.0	165.1999969482422	184700	2019/08/19 
2019/08/20 	166.49000549316406	168.00999450683594	165.0	165.0	180646	2019/08/20 
2019/08/21 	166.0	166.7899932861328	161.5	162.89999389648438	354083	2019/08/21 
2019/08/22 	163.58999633789062	165.50999450683594	163.1999969482422	164.5	123960	2019/08/22 
2019/08/23 	166.0	167.7899932861328	165.0	166.5	160500	2019/08/23 
2019/08/26 	163.0	165.0	163.0	164.10000610351562	140750	2019/08/26 
2019/08/27 	164.60000610351562	167.47999572753906	164.0	165.58999633789062	270923	2019/08/27 
2019/08/28 	165.8699951171875	168.0	165.8699951171875	167.61000061035156	265828	2019/08/28 
2019/08/29 	167.97000122070312	168.0	166.67999267578125	167.38999938964844	223070	2019/08/29 
2019/08/30 	167.0	167.97999572753906	165.5	166.58999633789062	178349	2019/08/30 
2019/09/02 	166.99000549316406	167.3000030517578	166.0	166.69000244140625	190292	2019/09/02 
2019/09/03 	166.10000610351562	166.69000244140625	164.0	164.50999450683594	178953	2019/09/03 
2019/09/04 	165.3000030517578	165.5	163.52000427246094	164.66000366210938	211534	2019/09/04 
2019/09/05 	164.5	166.0	164.30999755859375	165.1999969482422	123399	2019/09/05 
2019/09/06 	164.67999267578125	166.10000610351562	164.67999267578125	165.1999969482422	241458	2019/09/06 
2019/09/10 	159.5	164.0	159.0	160.5	1677208	2019/09/10 
2019/09/11 	161.0	161.0	157.0	157.5	520991	2019/09/11 
2019/09/12 	158.0	159.5	156.5	156.5	362906	2019/09/12 
2019/09/16 	156.0	156.0	149.5	150.0	521081	2019/09/16 
2019/09/17 	150.0	152.0	147.0	151.0	376185	2019/09/17 
2019/09/18 	151.0	157.5	150.5	155.5	413515	2019/09/18 
2019/09/19 	154.5	155.0	152.0	153.0	187424	2019/09/19 
2019/09/20 	153.0	153.0	150.5	151.5	184428	2019/09/20 
2019/09/23 	151.5	153.0	151.0	151.5	153888	2019/09/23 
2019/09/24 	153.0	162.0	150.0	156.5	612838	2019/09/24 
2019/09/25 	154.0	155.5	153.0	153.5	175900	2019/09/25 
2019/09/26 	153.5	155.0	152.0	152.0	99800	2019/09/26 
2019/09/27 	152.5	154.5	151.5	152.5	79150	2019/09/27 
2019/10/01 	151.5	152.0	150.0	151.0	135000	2019/10/01 
2019/10/02 	150.0	151.0	149.0	150.5	122680	2019/10/02 
2019/10/03 	149.0	151.0	149.0	150.5	66552	2019/10/03 
2019/10/04 	151.0	152.0	150.0	151.0	63100	2019/10/04 
2019/10/07 	151.0	151.0	149.0	149.0	101500	2019/10/07 
2019/10/08 	148.5	155.0	148.0	151.0	201537	2019/10/08 
2019/10/09 	151.0	152.0	148.5	149.5	101400	2019/10/09 
2019/10/14 	150.0	151.0	147.0	148.0	241960	2019/10/14 
2019/10/15 	147.5	148.0	143.0	145.0	264392	2019/10/15 
2019/10/16 	145.0	146.5	143.0	145.0	135650	2019/10/16 
2019/10/17 	145.0	145.0	143.5	144.5	38105	2019/10/17 
2019/10/18 	144.0	144.0	143.0	143.5	68000	2019/10/18 
2019/10/21 	143.5	143.5	140.5	141.0	190800	2019/10/21 
2019/10/22 	141.0	142.5	140.5	140.5	84425	2019/10/22 
2019/10/23 	140.5	140.5	136.5	137.5	265696	2019/10/23 
2019/10/24 	137.5	143.0	137.5	143.0	174400	2019/10/24 
2019/10/25 	142.0	144.0	142.0	143.5	109510	2019/10/25 
2019/10/28 	143.5	144.5	141.0	144.0	82550	2019/10/28 
2019/10/29 	144.0	144.5	143.0	144.0	108697	2019/10/29 
2019/10/30 	142.0	143.5	141.5	143.0	56405	2019/10/30 
2019/10/31 	143.0	144.0	141.0	143.5	71050	2019/10/31 
2019/11/01 	142.0	142.0	140.5	141.0	60800	2019/11/01 
2019/11/04 	141.0	143.0	140.5	143.0	59215	2019/11/04 
2019/11/05 	142.5	142.5	140.5	142.5	32000	2019/11/05 
2019/11/06 	141.0	142.0	140.5	140.5	23205	2019/11/06 
2019/11/07 	140.0	140.5	139.0	139.0	56405	2019/11/07 
2019/11/08 	138.5	139.5	137.5	138.0	59495	2019/11/08 
2019/11/11 	137.5	137.5	132.5	132.5	140210	2019/11/11 
2019/11/12 	135.0	137.0	134.0	137.0	122300	2019/11/12 
2019/11/13 	135.5	137.0	135.5	136.0	27100	2019/11/13 
2019/11/14 	136.5	136.5	134.5	134.5	20060	2019/11/14 
2019/11/15 	134.5	137.0	134.5	137.0	54950	2019/11/15 
2019/11/18 	136.0	137.5	134.5	137.5	40000	2019/11/18 
2019/11/19 	137.0	137.5	137.0	137.5	32208	2019/11/19 
2019/11/20 	137.0	137.5	136.0	137.5	45379	2019/11/20 
2019/11/21 	137.0	137.0	135.5	137.0	22120	2019/11/21 
2019/11/22 	137.0	137.0	135.0	135.0	21020	2019/11/22 
2019/11/25 	134.5	135.0	134.5	134.5	20500	2019/11/25 
2019/11/26 	134.0	134.0	133.5	133.5	28270	2019/11/26 
2019/11/27 	133.0	133.5	132.0	133.0	30585	2019/11/27 
2019/11/28 	132.5	133.0	132.0	133.0	23100	2019/11/28 
2019/11/29 	131.0	131.5	130.0	130.5	67602	2019/11/29 
2019/12/02 	130.5	130.5	126.0	127.0	59340	2019/12/02 
2019/12/03 	126.0	134.0	124.5	134.0	153975	2019/12/03 
2019/12/04 	131.0	134.0	130.5	134.0	40500	2019/12/04 
2019/12/05 	134.0	134.5	132.0	132.0	21150	2019/12/05 
2019/12/06 	132.0	134.0	131.0	134.0	31000	2019/12/06 
2019/12/09 	134.0	134.0	132.0	133.0	18140	2019/12/09 
2019/12/10 	131.5	131.5	131.0	131.0	24100	2019/12/10 
2019/12/11 	129.5	130.0	128.0	128.0	55844	2019/12/11 
2019/12/12 	129.0	129.0	127.0	127.5	32400	2019/12/12 
2019/12/13 	128.0	128.0	124.5	125.0	91265	2019/12/13 
2019/12/16 	125.0	126.0	123.5	123.5	0	2019/12/16 
2019/12/17 	122.5	122.5	120.0	120.5	222430	2019/12/17 
2019/12/18 	121.0	122.0	117.0	118.5	192310	2019/12/18 
2019/12/19 	118.5	120.5	117.0	119.0	142066	2019/12/19 
2019/12/20 	119.0	119.5	118.5	118.5	55100	2019/12/20 
2019/12/23 	119.0	124.0	118.5	123.0	256008	2019/12/23 
2019/12/24 	122.5	127.0	122.0	125.5	202005	2019/12/24 
2019/12/25 	125.5	125.5	123.0	125.0	89150	2019/12/25 
2019/12/26 	125.0	125.0	123.5	124.0	38000	2019/12/26 
2019/12/27 	125.0	128.0	125.0	126.5	117760	2019/12/27 
2019/12/30 	127.5	129.0	127.0	128.0	109209	2019/12/30 
2019/12/31 	128.5	129.5	128.0	129.5	91100	2019/12/31 
2020/01/02 	130.5	130.5	128.5	128.5	60530	2020/01/02 
2020/01/03 	129.0	130.0	126.5	126.5	106080	2020/01/03 
2020/01/06 	126.5	128.0	124.5	127.5	90375	2020/01/06 
2020/01/07 	126.0	127.0	123.0	124.0	140690	2020/01/07 
2020/01/08 	124.0	124.0	122.5	123.0	45250	2020/01/08 
2020/01/09 	125.0	125.5	124.0	124.0	37000	2020/01/09 
2020/01/10 	124.0	125.0	123.0	125.0	48050	2020/01/10 
2020/01/13 	127.0	127.0	125.0	125.5	95050	2020/01/13 
2020/01/14 	125.5	126.0	123.0	123.0	62650	2020/01/14 
2020/01/15 	123.5	123.5	123.0	123.0	59115	2020/01/15 
2020/01/16 	123.0	123.5	123.0	123.5	41460	2020/01/16 
2020/01/17 	125.0	126.0	124.5	125.5	46500	2020/01/17 
2020/01/20 	125.5	125.5	124.0	125.5	53230	2020/01/20 
2020/01/30 	118.5	120.0	114.5	115.0	306520	2020/01/30 
2020/01/31 	115.0	117.5	115.0	116.5	140500	2020/01/31 
2020/02/03 	115.0	115.0	110.0	112.0	170550	2020/02/03 
2020/02/04 	112.5	114.5	112.0	114.0	66520	2020/02/04 
2020/02/05 	114.5	115.5	113.0	113.0	40000	2020/02/05 
2020/02/06 	114.0	114.5	112.5	113.5	48000	2020/02/06 
2020/02/07 	114.5	114.5	111.0	111.0	50060	2020/02/07 
2020/02/10 	110.0	111.0	109.0	109.5	52300	2020/02/10 
2020/02/11 	110.0	110.0	108.0	109.0	63050	2020/02/11 
2020/02/12 	109.5	111.0	109.0	109.0	125100	2020/02/12 
2020/02/13 	109.0	110.5	109.0	109.5	29007	2020/02/13 
2020/02/14 	109.0	109.5	108.5	109.0	53180	2020/02/14 
2020/02/17 	109.0	109.0	106.5	106.5	80007	2020/02/17 
2020/02/18 	107.0	108.5	107.0	108.5	54100	2020/02/18 
2020/02/19 	109.5	115.5	109.0	114.5	142828	2020/02/19 
2020/02/20 	114.5	115.5	112.5	113.0	73399	2020/02/20 
2020/02/21 	112.0	112.0	110.5	111.0	37850	2020/02/21 
2020/02/24 	110.0	110.0	108.5	108.5	32000	2020/02/24 
2020/02/25 	107.0	108.0	106.5	107.5	78150	2020/02/25 
2020/02/26 	107.0	108.5	106.5	107.5	39628	2020/02/26 
2020/02/27 	107.5	108.0	104.0	104.0	120045	2020/02/27 
2020/03/02 	100.0	103.0	98.9000015258789	101.0	118926	2020/03/02 
2020/03/03 	102.5	103.5	102.0	102.5	55300	2020/03/03 
2020/03/04 	102.5	102.5	99.0	99.5999984741211	141251	2020/03/04 
2020/03/05 	99.5	101.0	99.5	100.5	66900	2020/03/05 
2020/03/06 	99.4000015258789	99.4000015258789	98.0	98.80000305175781	110700	2020/03/06 
2020/03/09 	98.69999694824219	98.69999694824219	93.9000015258789	93.9000015258789	179225	2020/03/09 
2020/03/10 	89.0	92.5999984741211	88.0999984741211	91.80000305175781	180070	2020/03/10 
2020/03/11 	91.80000305175781	92.5	91.0	91.0	83648	2020/03/11 
2020/03/12 	90.0	90.0	85.19999694824219	86.19999694824219	194739	2020/03/12 
2020/03/13 	80.0	87.0	78.80000305175781	87.0	185240	2020/03/13 
2020/03/16 	88.80000305175781	88.80000305175781	81.80000305175781	85.80000305175781	148040	2020/03/16 
2020/03/17 	80.30000305175781	82.0	79.0999984741211	79.0999984741211	99330	2020/03/17 
2020/03/18 	77.69999694824219	80.19999694824219	77.69999694824219	77.80000305175781	87300	2020/03/18 
2020/03/19 	75.0999984741211	75.0999984741211	70.0999984741211	70.0999984741211	250765	2020/03/19 
2020/03/20 	70.0999984741211	75.0	70.0999984741211	71.5999984741211	150371	2020/03/20 
2020/03/23 	70.5	70.5	67.0999984741211	67.9000015258789	129068	2020/03/23 
2020/03/24 	68.0999984741211	72.69999694824219	68.0999984741211	70.0999984741211	136350	2020/03/24 
2020/03/25 	73.9000015258789	75.0	72.5	73.5999984741211	173530	2020/03/25 
2020/03/26 	75.9000015258789	80.9000015258789	74.19999694824219	80.9000015258789	249750	2020/03/26 
2020/03/27 	86.9000015258789	88.19999694824219	82.5	84.30000305175781	223726	2020/03/27 
2020/03/30 	83.5999984741211	83.5999984741211	79.0	82.4000015258789	63123	2020/03/30 
2020/03/31 	80.5999984741211	84.9000015258789	80.5999984741211	81.4000015258789	51030	2020/03/31 
2020/04/01 	81.0	81.69999694824219	80.0	81.5	15780	2020/04/01 
2020/04/06 	79.5	80.0	78.5	80.0	57100	2020/04/06 
2020/04/07 	82.5	83.5	78.0999984741211	78.9000015258789	160127	2020/04/07 
2020/04/08 	78.9000015258789	82.30000305175781	78.9000015258789	81.69999694824219	85345	2020/04/08 
2020/04/09 	82.5	83.80000305175781	81.5	82.4000015258789	102475	2020/04/09 
2020/04/10 	82.4000015258789	82.5999984741211	82.0	82.4000015258789	23025	2020/04/10 
2020/04/13 	81.5	81.5	78.5999984741211	80.0999984741211	96200	2020/04/13 
2020/04/14 	80.5	82.80000305175781	80.0999984741211	82.80000305175781	61123	2020/04/14 
2020/04/15 	82.30000305175781	83.5999984741211	82.30000305175781	83.5999984741211	52050	2020/04/15 
2020/04/16 	83.0	85.9000015258789	83.0	83.69999694824219	85220	2020/04/16 
2020/04/17 	84.0999984741211	87.0	83.69999694824219	85.0	135750	2020/04/17 
2020/04/20 	86.9000015258789	92.5999984741211	85.5	90.0	209000	2020/04/20 
2020/04/21 	89.0	89.0	83.5999984741211	84.0	163582	2020/04/21 
2020/04/22 	82.30000305175781	83.80000305175781	82.30000305175781	83.69999694824219	38159	2020/04/22 
2020/04/23 	84.0	84.30000305175781	82.0	82.69999694824219	44240	2020/04/23 
2020/04/24 	83.0999984741211	83.0999984741211	81.30000305175781	81.5	22200	2020/04/24 
2020/04/27 	81.5	83.5	81.0	82.0	82432	2020/04/27 
2020/04/28 	83.0	84.0	82.0	83.9000015258789	56200	2020/04/28 
2020/04/29 	84.4000015258789	86.19999694824219	84.4000015258789	85.0	77273	2020/04/29 
2020/04/30 	86.0	88.5999984741211	85.9000015258789	88.0	124040	2020/04/30 
2020/05/04 	85.30000305175781	85.5999984741211	84.0	84.30000305175781	98010	2020/05/04 
2020/05/05 	84.5	84.5	81.80000305175781	81.80000305175781	113160	2020/05/05 
2020/05/06 	81.30000305175781	81.5	80.9000015258789	81.0	76250	2020/05/06 
2020/05/07 	81.0999984741211	82.5	81.0	81.4000015258789	49100	2020/05/07 
2020/05/08 	82.30000305175781	82.80000305175781	81.19999694824219	81.4000015258789	48050	2020/05/08 
2020/05/11 	82.0	82.5999984741211	82.0	82.4000015258789	53005	2020/05/11 
2020/05/12 	82.4000015258789	82.9000015258789	81.69999694824219	82.19999694824219	41000	2020/05/12 
2020/05/13 	82.0	82.0	81.0	81.4000015258789	30200	2020/05/13 
2020/05/14 	80.5999984741211	81.19999694824219	80.30000305175781	80.4000015258789	42800	2020/05/14 
2020/05/15 	80.30000305175781	80.5	78.80000305175781	79.5999984741211	74125	2020/05/15 
2020/05/18 	79.0	79.19999694824219	77.69999694824219	77.80000305175781	37057	2020/05/18 
2020/05/19 	80.0999984741211	83.5999984741211	80.0	82.80000305175781	119319	2020/05/19 
2020/05/20 	83.0	83.30000305175781	82.4000015258789	82.69999694824219	77000	2020/05/20 
2020/05/21 	82.4000015258789	85.4000015258789	82.4000015258789	84.80000305175781	122250	2020/05/21 
2020/05/22 	84.80000305175781	84.80000305175781	82.0	82.0	66321	2020/05/22 
2020/05/25 	81.19999694824219	81.80000305175781	80.5999984741211	81.69999694824219	24000	2020/05/25 
2020/05/26 	82.0999984741211	83.19999694824219	82.0999984741211	82.4000015258789	33155	2020/05/26 
2020/05/27 	83.0999984741211	86.0	83.0999984741211	84.9000015258789	169802	2020/05/27 
2020/05/28 	86.0	93.30000305175781	86.0	93.30000305175781	878758	2020/05/28 
2020/05/29 	94.0	94.19999694824219	88.4000015258789	90.4000015258789	662466	2020/05/29 
2020/06/01 	90.69999694824219	93.80000305175781	90.4000015258789	91.19999694824219	289335	2020/06/01 
2020/06/02 	91.69999694824219	92.80000305175781	90.4000015258789	90.69999694824219	133265	2020/06/02 
2020/06/03 	91.69999694824219	91.80000305175781	90.5	90.5999984741211	98260	2020/06/03 
2020/06/04 	93.5	99.5999984741211	93.5	97.69999694824219	951555	2020/06/04 
2020/06/05 	98.4000015258789	107.0	97.0	107.0	1521758	2020/06/05 
2020/06/08 	108.0	116.0	105.5	108.0	1409653	2020/06/08 
2020/06/09 	111.5	115.0	109.5	111.5	775339	2020/06/09 
2020/06/10 	109.0	113.5	108.5	110.0	394075	2020/06/10 
2020/06/11 	112.0	112.0	101.5	105.0	521583	2020/06/11 
2020/06/12 	100.0	102.5	98.5	102.0	320400	2020/06/12 
2020/06/15 	102.0	103.5	99.5	99.69999694824219	208423	2020/06/15 
2020/06/16 	101.5	103.5	100.0	101.5	164100	2020/06/16 
2020/06/17 	102.5	103.0	100.0	100.5	112200	2020/06/17 
2020/06/18 	100.5	102.0	100.0	101.0	106442	2020/06/18 
2020/06/19 	102.0	102.0	99.5	99.5	144152	2020/06/19 
2020/06/22 	99.5	100.5	99.0	99.0999984741211	108180	2020/06/22 
2020/06/23 	99.5999984741211	100.0	95.80000305175781	96.0	240020	2020/06/23 
2020/06/24 	96.0	96.5	93.0999984741211	94.0	283363	2020/06/24 
2020/06/29 	93.5999984741211	98.0	92.0999984741211	96.5999984741211	305050	2020/06/29 
2020/06/30 	101.0	106.0	101.0	102.0	822637	2020/06/30 
2020/07/01 	102.5	103.0	100.0	100.0	438300	2020/07/01 
2020/07/02 	99.19999694824219	102.0	99.19999694824219	99.5999984741211	164120	2020/07/02 
2020/07/03 	99.69999694824219	101.0	99.5999984741211	100.0	236113	2020/07/03 
2020/07/06 	101.0	101.5	99.0999984741211	99.9000015258789	239310	2020/07/06 
2020/07/07 	96.0	96.30000305175781	94.9000015258789	94.9000015258789	259100	2020/07/07 
2020/07/08 	95.5	95.5	93.69999694824219	93.80000305175781	154350	2020/07/08 
2020/07/09 	93.80000305175781	93.80000305175781	92.0	92.0	196080	2020/07/09 
2020/07/10 	92.0	92.0	88.0999984741211	88.19999694824219	191100	2020/07/10 
2020/07/13 	90.5	92.80000305175781	89.0	89.0	156033	2020/07/13 
2020/07/14 	88.30000305175781	88.5	88.0	88.5	54217	2020/07/14 
2020/07/15 	89.4000015258789	90.5999984741211	88.69999694824219	88.69999694824219	82590	2020/07/15 
2020/07/16 	89.9000015258789	90.5	88.69999694824219	89.0999984741211	53000	2020/07/16 
2020/07/17 	89.0999984741211	90.0999984741211	86.80000305175781	86.80000305175781	71022	2020/07/17 
2020/07/20 	86.80000305175781	87.19999694824219	81.0999984741211	83.19999694824219	220050	2020/07/20 
2020/07/21 	83.19999694824219	85.80000305175781	83.19999694824219	84.19999694824219	101750	2020/07/21 
2020/07/22 	84.19999694824219	84.5999984741211	83.5	83.5	53000	2020/07/22 
2020/07/23 	83.30000305175781	83.30000305175781	82.0	82.19999694824219	95100	2020/07/23 
2020/07/24 	83.9000015258789	83.9000015258789	80.5999984741211	81.0	92030	2020/07/24 
2020/07/27 	79.9000015258789	79.9000015258789	77.0	77.5999984741211	206423	2020/07/27 
2020/07/28 	77.5999984741211	78.0999984741211	74.5999984741211	75.19999694824219	150000	2020/07/28 
2020/07/29 	75.19999694824219	78.0	75.0	77.69999694824219	75100	2020/07/29 
2020/07/30 	76.5999984741211	78.5999984741211	76.5999984741211	77.5	58025	2020/07/30 
2020/07/31 	78.0	83.0	77.80000305175781	81.5	87180	2020/07/31 
2020/08/03 	81.5999984741211	81.80000305175781	77.69999694824219	78.69999694824219	69318	2020/08/03 
2020/08/04 	79.69999694824219	80.0999984741211	79.4000015258789	79.4000015258789	35025	2020/08/04 
2020/08/05 	79.4000015258789	79.4000015258789	78.5	78.5	46100	2020/08/05 
2020/08/06 	80.5	83.0	79.0999984741211	80.0	125056	2020/08/06 
2020/08/07 	81.0	81.0	79.30000305175781	79.5	26000	2020/08/07 
2020/08/10 	79.5	80.0	79.0999984741211	79.30000305175781	26000	2020/08/10 
2020/08/11 	80.5	81.5999984741211	80.0	80.0999984741211	82051	2020/08/11 
2020/08/12 	79.5999984741211	79.5999984741211	78.19999694824219	78.30000305175781	71000	2020/08/12 
2020/08/13 	80.19999694824219	80.19999694824219	78.9000015258789	79.0999984741211	36000	2020/08/13 
2020/08/14 	79.4000015258789	79.80000305175781	78.5	79.19999694824219	22000	2020/08/14 
2020/08/17 	79.5	80.5	79.30000305175781	79.80000305175781	32099	2020/08/17 
2020/08/18 	80.4000015258789	80.5	79.5	79.80000305175781	39150	2020/08/18 
2020/08/19 	79.4000015258789	80.80000305175781	79.4000015258789	80.4000015258789	69380	2020/08/19 
2020/08/20 	80.0	80.0	77.0	77.19999694824219	107000	2020/08/20 
2020/08/21 	78.0999984741211	81.5	78.0	78.5999984741211	47000	2020/08/21 
2020/08/24 	79.30000305175781	80.0	78.80000305175781	79.5999984741211	34030	2020/08/24 
2020/08/25 	81.0	84.5999984741211	81.0	82.0	282430	2020/08/25 
2020/08/26 	82.0	82.30000305175781	80.0	82.19999694824219	65070	2020/08/26 
2020/08/27 	82.19999694824219	82.19999694824219	80.5999984741211	81.0	25100	2020/08/27 
2020/08/28 	81.0	81.80000305175781	81.0	81.5999984741211	38100	2020/08/28 
2020/08/31 	81.5999984741211	86.80000305175781	81.5999984741211	85.19999694824219	308161	2020/08/31 
2020/09/01 	86.0	86.0999984741211	82.69999694824219	83.19999694824219	105040	2020/09/01 
2020/09/02 	83.5999984741211	83.9000015258789	82.5999984741211	82.80000305175781	49000	2020/09/02 
2020/09/03 	82.69999694824219	83.0999984741211	82.30000305175781	82.30000305175781	62107	2020/09/03 
2020/09/04 	80.69999694824219	80.80000305175781	80.4000015258789	80.5999984741211	65263	2020/09/04 
2020/09/07 	81.0	82.0	80.69999694824219	80.69999694824219	43150	2020/09/07 
2020/09/08 	80.80000305175781	81.4000015258789	80.80000305175781	81.4000015258789	27000	2020/09/08 
2020/09/09 	81.19999694824219	81.19999694824219	79.0999984741211	80.19999694824219	65000	2020/09/09 
2020/09/10 	81.4000015258789	81.4000015258789	79.4000015258789	79.5	45060	2020/09/10 
2020/09/11 	80.0	80.0	79.0999984741211	79.30000305175781	32522	2020/09/11 
2020/09/14 	80.0	80.4000015258789	79.4000015258789	79.5999984741211	35025	2020/09/14 
2020/09/15 	79.69999694824219	79.9000015258789	79.69999694824219	79.69999694824219	31061	2020/09/15 
2020/09/16 	79.80000305175781	79.80000305175781	79.19999694824219	79.30000305175781	35025	2020/09/16 
2020/09/17 	79.5	80.0999984741211	79.5	79.9000015258789	21025	2020/09/17 
2020/09/18 	79.69999694824219	79.69999694824219	79.4000015258789	79.5	19000	2020/09/18 
2020/09/21 	79.5999984741211	79.9000015258789	79.0999984741211	79.5999984741211	46569	2020/09/21 
2020/09/22 	79.0999984741211	79.30000305175781	78.19999694824219	79.19999694824219	24058	2020/09/22 
2020/09/23 	79.30000305175781	79.30000305175781	78.30000305175781	78.30000305175781	34315	2020/09/23 
2020/09/24 	78.30000305175781	78.30000305175781	76.69999694824219	77.0	94085	2020/09/24 
2020/09/25 	78.0	78.0	77.0	77.30000305175781	15105	2020/09/25 
2020/09/28 	78.0	79.0	77.5999984741211	78.69999694824219	52000	2020/09/28 
2020/09/29 	79.9000015258789	79.9000015258789	77.80000305175781	77.80000305175781	31000	2020/09/29 
2020/09/30 	77.80000305175781	77.80000305175781	77.0	77.80000305175781	24250	2020/09/30 
2020/10/05 	77.5999984741211	78.0999984741211	77.5999984741211	78.0999984741211	8253	2020/10/05 
2020/10/06 	78.19999694824219	78.5999984741211	78.19999694824219	78.5999984741211	11050	2020/10/06 
2020/10/07 	78.4000015258789	78.4000015258789	77.0	77.30000305175781	45500	2020/10/07 
2020/10/08 	77.5999984741211	77.5999984741211	76.9000015258789	77.4000015258789	38000	2020/10/08 
2020/10/12 	77.4000015258789	77.4000015258789	76.30000305175781	77.0999984741211	20002	2020/10/12 
2020/10/13 	76.69999694824219	76.80000305175781	75.9000015258789	76.19999694824219	42050	2020/10/13 
2020/10/14 	75.19999694824219	75.9000015258789	75.0	75.5999984741211	38600	2020/10/14 
2020/10/15 	75.0999984741211	75.30000305175781	75.0999984741211	75.19999694824219	40522	2020/10/15 
2020/10/16 	75.19999694824219	75.69999694824219	75.0	75.4000015258789	27500	2020/10/16 
2020/10/19 	75.4000015258789	77.4000015258789	75.4000015258789	77.0	45051	2020/10/19 
2020/10/20 	77.0	77.0999984741211	77.0	77.0999984741211	5116	2020/10/20 
2020/10/21 	76.9000015258789	77.0	76.69999694824219	77.0	16155	2020/10/21 
2020/10/22 	76.80000305175781	76.80000305175781	75.19999694824219	75.5	18000	2020/10/22 
2020/10/23 	75.5	75.5	75.30000305175781	75.4000015258789	27000	2020/10/23 
2020/10/26 	75.0	75.4000015258789	75.0	75.0	26096	2020/10/26 
2020/10/27 	75.0	75.0	74.5999984741211	74.5999984741211	15000	2020/10/27 
2020/10/28 	74.5	74.5	73.9000015258789	74.0	45150	2020/10/28 
2020/10/29 	71.5999984741211	73.9000015258789	71.5	73.9000015258789	42080	2020/10/29 
2020/10/30 	72.4000015258789	72.80000305175781	71.9000015258789	72.0999984741211	22430	2020/10/30 
2020/11/02 	71.5999984741211	71.5999984741211	70.69999694824219	71.0	46030	2020/11/02 
2020/11/03 	71.19999694824219	72.0	71.0	71.0999984741211	9038	2020/11/03 
2020/11/04 	71.19999694824219	72.4000015258789	71.19999694824219	71.9000015258789	9085	2020/11/04 
2020/11/05 	72.0999984741211	72.0999984741211	72.0999984741211	72.0999984741211	1000	2020/11/05 
2020/11/06 	72.5	72.5	70.80000305175781	70.80000305175781	39062	2020/11/06 
2020/11/09 	70.9000015258789	71.4000015258789	70.80000305175781	71.0999984741211	14050	2020/11/09 
2020/11/10 	78.19999694824219	78.19999694824219	78.19999694824219	78.19999694824219	132615	2020/11/10 
2020/11/11 	79.80000305175781	81.0999984741211	77.0999984741211	78.0	273037	2020/11/11 
2020/11/12 	78.9000015258789	79.19999694824219	77.19999694824219	77.5	20098	2020/11/12 
2020/11/13 	78.5999984741211	78.5999984741211	77.5999984741211	77.5999984741211	21000	2020/11/13 
2020/11/16 	78.9000015258789	80.5	78.5	79.0	60023	2020/11/16 
2020/11/17 	81.5999984741211	84.9000015258789	81.5	82.5999984741211	202237	2020/11/17 
2020/11/18 	82.0	83.0999984741211	81.19999694824219	82.5	70000	2020/11/18 
2020/11/19 	83.0999984741211	84.5	82.5	83.0	138024	2020/11/19 
2020/11/20 	83.80000305175781	83.80000305175781	82.5999984741211	83.0	39117	2020/11/20 
2020/11/23 	83.0	83.5	83.0	83.0999984741211	31000	2020/11/23 
2020/11/24 	84.0	86.0999984741211	83.69999694824219	85.69999694824219	176116	2020/11/24 
2020/11/25 	86.30000305175781	93.80000305175781	86.30000305175781	89.19999694824219	322100	2020/11/25 
2020/11/26 	89.19999694824219	90.0	88.4000015258789	88.80000305175781	47055	2020/11/26 
2020/11/27 	86.80000305175781	87.69999694824219	85.69999694824219	86.0	127468	2020/11/27 
2020/11/30 	86.19999694824219	86.19999694824219	81.0	81.9000015258789	173267	2020/11/30 
2020/12/01 	81.80000305175781	82.9000015258789	81.5	81.5999984741211	55000	2020/12/01 
2020/12/02 	82.69999694824219	83.5999984741211	82.19999694824219	82.5	27075	2020/12/02 
2020/12/03 	85.0	85.0	84.0	84.5	55050	2020/12/03 
2020/12/04 	86.0	88.80000305175781	85.0999984741211	85.0999984741211	146150	2020/12/04 
2020/12/07 	85.4000015258789	85.4000015258789	82.30000305175781	83.19999694824219	34000	2020/12/07 
2020/12/08 	83.5999984741211	84.5	83.4000015258789	83.5	20060	2020/12/08 
2020/12/09 	84.0	84.0	81.5	82.69999694824219	76150	2020/12/09 
2020/12/10 	82.69999694824219	83.30000305175781	82.0999984741211	83.0	23025	2020/12/10 
2020/12/11 	83.5	83.5999984741211	82.0999984741211	82.69999694824219	35000	2020/12/11 
2020/12/14 	82.69999694824219	82.69999694824219	82.30000305175781	82.4000015258789	17000	2020/12/14 
2020/12/15 	82.0999984741211	83.4000015258789	82.0	82.19999694824219	24075	2020/12/15 
2020/12/16 	83.5999984741211	85.0	83.5999984741211	84.4000015258789	39000	2020/12/16 
2020/12/17 	83.5	84.30000305175781	83.0	83.69999694824219	27050	2020/12/17 
2020/12/18 	83.5	83.69999694824219	82.5	82.5	22025	2020/12/18 
2020/12/21 	82.5	82.9000015258789	81.5	81.80000305175781	38040	2020/12/21 
2020/12/22 	81.5	82.0999984741211	81.19999694824219	81.69999694824219	48050	2020/12/22 
2020/12/23 	81.69999694824219	83.30000305175781	81.4000015258789	82.30000305175781	33125	2020/12/23 
2020/12/24 	81.69999694824219	81.9000015258789	81.4000015258789	81.4000015258789	29100	2020/12/24 
2020/12/25 	81.5999984741211	81.80000305175781	81.0	81.4000015258789	26025	2020/12/25 
2020/12/28 	81.5999984741211	83.0	81.5	83.0	50025	2020/12/28 
2020/12/29 	83.0	83.0	81.5999984741211	81.9000015258789	14061	2020/12/29 
2020/12/30 	81.9000015258789	82.5	81.4000015258789	81.5	25026	2020/12/30 
2020/12/31 	81.5999984741211	81.80000305175781	81.4000015258789	81.5	26025	2020/12/31 
2021/01/04 	82.0999984741211	82.19999694824219	81.0	81.19999694824219	44100	2021/01/04 
2021/01/05 	82.0999984741211	82.0999984741211	81.0	81.30000305175781	33018	2021/01/05 
2021/01/06 	81.4000015258789	81.4000015258789	80.0	80.0	55000	2021/01/06 
2021/01/07 	81.9000015258789	81.9000015258789	79.9000015258789	80.0	27000	2021/01/07 
2021/01/08 	79.30000305175781	79.30000305175781	78.30000305175781	78.9000015258789	57025	2021/01/08 
2021/01/11 	78.30000305175781	78.5	77.5999984741211	77.5999984741211	91273	2021/01/11 
2021/01/12 	77.5	77.69999694824219	77.19999694824219	77.19999694824219	52025	2021/01/12 
2021/01/13 	79.0	79.0	77.4000015258789	77.4000015258789	21025	2021/01/13 
2021/01/14 	78.5	78.5	77.80000305175781	78.0	24020	2021/01/14 
2021/01/15 	79.0	79.0	77.80000305175781	78.0999984741211	29100	2021/01/15 
2021/01/18 	78.69999694824219	78.69999694824219	77.0999984741211	77.5	25025	2021/01/18 
2021/01/19 	77.80000305175781	78.5999984741211	77.80000305175781	78.5999984741211	9000	2021/01/19 
2021/01/20 	78.5999984741211	78.5999984741211	77.5	77.69999694824219	35075	2021/01/20 
2021/01/21 	78.0	78.30000305175781	77.5999984741211	77.80000305175781	18125	2021/01/21 
2021/01/22 	77.80000305175781	78.0	77.80000305175781	77.80000305175781	18025	2021/01/22 
2021/01/25 	77.80000305175781	78.5	77.5999984741211	78.0999984741211	18025	2021/01/25 
2021/01/26 	78.0	78.0999984741211	77.80000305175781	77.80000305175781	19025	2021/01/26 
2021/01/27 	78.0999984741211	78.80000305175781	78.0	78.0	7046	2021/01/27 
2021/01/28 	78.0	78.0	76.5999984741211	76.80000305175781	44075	2021/01/28 
2021/01/29 	77.19999694824219	77.9000015258789	77.19999694824219	77.5	15100	2021/01/29 
2021/02/01 	77.69999694824219	77.69999694824219	77.30000305175781	77.30000305175781	35025	2021/02/01 
2021/02/02 	78.0	78.0	77.80000305175781	77.80000305175781	8050	2021/02/02 
2021/02/03 	77.80000305175781	78.69999694824219	77.69999694824219	77.69999694824219	22025	2021/02/03 
2021/02/04 	77.69999694824219	78.0	77.69999694824219	77.80000305175781	12075	2021/02/04 
2021/02/05 	78.0	78.0	77.80000305175781	77.80000305175781	13026	2021/02/05 
2021/02/17 	78.0	79.80000305175781	78.0	79.69999694824219	32000	2021/02/17 
2021/02/18 	80.0	81.9000015258789	79.19999694824219	81.9000015258789	76200	2021/02/18 
2021/02/19 	82.5999984741211	82.5999984741211	81.0	82.19999694824219	29040	2021/02/19 
2021/02/22 	83.5999984741211	84.5999984741211	83.0	84.19999694824219	110000	2021/02/22 
2021/02/23 	84.0	88.0999984741211	83.5	86.30000305175781	164015	2021/02/23 
2021/02/24 	87.69999694824219	87.69999694824219	84.9000015258789	85.30000305175781	77027	2021/02/24 
2021/02/25 	87.30000305175781	88.0	86.19999694824219	87.19999694824219	113087	2021/02/25 
2021/02/26 	85.0999984741211	86.9000015258789	84.5	86.4000015258789	72016	2021/02/26 
2021/03/02 	91.5	95.0	88.0	88.0	800040	2021/03/02 
2021/03/03 	87.69999694824219	88.5999984741211	86.5	88.0	82000	2021/03/03 
2021/03/04 	89.0999984741211	92.5	89.0999984741211	90.5999984741211	224215	2021/03/04 
2021/03/05 	91.5	91.5	89.19999694824219	90.4000015258789	72075	2021/03/05 
2021/03/08 	92.0999984741211	98.80000305175781	92.0	95.0	637580	2021/03/08 
2021/03/09 	97.69999694824219	97.9000015258789	93.30000305175781	95.0999984741211	247050	2021/03/09 
2021/03/10 	98.0	98.0	94.0999984741211	94.4000015258789	122421	2021/03/10 
2021/03/11 	95.19999694824219	95.5	93.19999694824219	93.19999694824219	193050	2021/03/11 
2021/03/12 	92.0	93.0	91.9000015258789	92.30000305175781	102150	2021/03/12 
2021/03/15 	95.19999694824219	98.9000015258789	93.5999984741211	97.69999694824219	329000	2021/03/15 
2021/03/16 	98.5999984741211	98.9000015258789	97.19999694824219	98.0999984741211	180015	2021/03/16 
2021/03/17 	98.5	98.5	96.80000305175781	97.0999984741211	136046	2021/03/17 
2021/03/18 	98.5	99.5	96.9000015258789	97.4000015258789	143420	2021/03/18 
2021/03/19 	96.5	98.0	95.9000015258789	96.9000015258789	115000	2021/03/19 
2021/03/22 	100.0	105.0	97.5999984741211	101.5	656357	2021/03/22 
2021/03/23 	101.5	102.5	98.0	98.0	336000	2021/03/23 
2021/03/24 	97.5	97.5	96.0999984741211	97.19999694824219	129003	2021/03/24 
2021/03/25 	96.80000305175781	97.30000305175781	95.0	95.0999984741211	210554	2021/03/25 
2021/03/26 	96.0999984741211	97.5999984741211	96.0999984741211	96.5999984741211	148050	2021/03/26 
2021/03/29 	99.9000015258789	102.0	98.30000305175781	100.5	292405	2021/03/29 
2021/03/30 	102.5	104.0	102.0	102.5	258035	2021/03/30 
2021/03/31 	102.5	102.5	99.30000305175781	99.4000015258789	222106	2021/03/31 
2021/04/01 	99.80000305175781	99.80000305175781	98.0999984741211	99.0	96000	2021/04/01 
2021/04/07 	98.30000305175781	98.30000305175781	97.5	98.30000305175781	99000	2021/04/07 
2021/04/08 	98.30000305175781	98.5	97.69999694824219	98.5	67000	2021/04/08 
2021/04/09 	98.69999694824219	99.0	98.0999984741211	98.19999694824219	85010	2021/04/09 
2021/04/12 	98.0	98.0	96.0	96.69999694824219	169250	2021/04/12 
2021/04/13 	96.0	97.5	95.5999984741211	95.80000305175781	98250	2021/04/13 
2021/04/14 	96.5999984741211	96.5999984741211	92.5	94.80000305175781	83050	2021/04/14 
2021/04/15 	95.0	96.5999984741211	95.0	96.0999984741211	123000	2021/04/15 
2021/04/16 	96.30000305175781	97.4000015258789	96.19999694824219	97.0	105000	2021/04/16 
2021/04/19 	95.30000305175781	96.69999694824219	95.30000305175781	96.5	42000	2021/04/19 
2021/04/20 	95.30000305175781	96.9000015258789	95.30000305175781	96.69999694824219	38000	2021/04/20 
2021/04/21 	95.4000015258789	96.4000015258789	95.4000015258789	95.4000015258789	28000	2021/04/21 
2021/04/22 	95.5	95.80000305175781	93.80000305175781	94.30000305175781	97378	2021/04/22 
2021/04/23 	94.0	94.9000015258789	93.30000305175781	94.19999694824219	36000	2021/04/23 
2021/04/26 	94.30000305175781	94.30000305175781	93.9000015258789	94.0999984741211	63250	2021/04/26 
2021/04/27 	95.0	95.0	93.9000015258789	93.9000015258789	44000	2021/04/27 
2021/04/28 	94.0	94.5999984741211	93.69999694824219	93.69999694824219	32000	2021/04/28 
2021/04/29 	93.80000305175781	93.80000305175781	93.0	93.69999694824219	49000	2021/04/29 
2021/05/03 	93.69999694824219	94.69999694824219	91.30000305175781	91.30000305175781	95000	2021/05/03 
2021/05/04 	92.0	92.0999984741211	86.0	89.0	123000	2021/05/04 
2021/05/05 	88.4000015258789	93.4000015258789	88.4000015258789	92.0	77000	2021/05/05 
2021/05/06 	92.19999694824219	92.19999694824219	90.80000305175781	90.80000305175781	25044	2021/05/06 
2021/05/07 	91.0999984741211	91.5	89.0	91.5	30000	2021/05/07 
2021/05/10 	91.4000015258789	91.80000305175781	91.4000015258789	91.5	38050	2021/05/10 
2021/05/11 	91.30000305175781	91.30000305175781	86.30000305175781	87.0	148000	2021/05/11 
2021/05/12 	87.0999984741211	90.19999694824219	83.69999694824219	86.0	222200	2021/05/12 
2021/05/13 	85.0	87.69999694824219	84.0	87.5	45000	2021/05/13 
2021/05/14 	86.80000305175781	87.80000305175781	86.30000305175781	86.5999984741211	36000	2021/05/14 
2021/05/17 	83.0	84.5	81.9000015258789	81.9000015258789	114000	2021/05/17 
2021/05/18 	82.0	86.0	82.0	86.0	64000	2021/05/18 
2021/05/19 	87.0	87.0	85.5	86.19999694824219	14000	2021/05/19 
2021/05/20 	86.19999694824219	86.69999694824219	84.0	84.5	27030	2021/05/20 
2021/05/21 	85.0999984741211	86.0	84.5	86.0	8000	2021/05/21 
2021/05/24 	86.5999984741211	92.5	86.5999984741211	92.4000015258789	117091	2021/05/24 
2021/05/25 	94.69999694824219	94.69999694824219	93.0	93.0999984741211	84100	2021/05/25 
2021/05/26 	93.19999694824219	94.5	92.19999694824219	93.4000015258789	23100	2021/05/26 
2021/05/27 	93.4000015258789	95.30000305175781	92.9000015258789	95.0	91000	2021/05/27 
2021/05/28 	96.5	97.5	95.80000305175781	96.5	149000	2021/05/28 
2021/05/31 	97.5999984741211	98.0	95.30000305175781	95.4000015258789	80000	2021/05/31 
2021/06/01 	95.5	95.5	94.0	95.30000305175781	42000	2021/06/01 
2021/06/02 	96.0	99.0	96.0	97.0	170000	2021/06/02 
2021/06/03 	101.0	106.5	100.5	106.5	517175	2021/06/03 
2021/06/04 	112.5	117.0	109.0	117.0	1582000	2021/06/04 
2021/06/07 	121.0	125.0	111.5	116.5	1755147	2021/06/07 
2021/06/08 	118.0	121.5	112.0	113.5	537060	2021/06/08 
2021/06/09 	113.5	123.5	112.0	114.5	792049	2021/06/09 
2021/06/10 	115.0	116.0	109.0	112.0	363010	2021/06/10 
2021/06/11 	112.0	113.0	108.0	110.5	238001	2021/06/11 
2021/06/15 	111.0	112.0	106.0	110.0	234010	2021/06/15 
2021/06/16 	109.0	112.5	107.0	107.0	115025	2021/06/16 
2021/06/17 	108.0	110.0	106.5	109.0	88150	2021/06/17 
2021/06/18 	110.0	110.0	105.5	106.5	268000	2021/06/18 
2021/06/21 	106.5	109.0	104.0	108.5	147077	2021/06/21 
2021/06/22 	112.0	115.0	108.0	110.5	372007	2021/06/22 
2021/06/23 	110.5	111.5	108.5	109.0	118013	2021/06/23 
2021/06/24 	109.0	111.0	108.0	111.0	84100	2021/06/24 
2021/06/25 	112.5	113.0	108.5	109.5	219030	2021/06/25 
2021/06/28 	110.5	110.5	107.0	108.0	232000	2021/06/28 
2021/06/29 	107.5	107.5	103.0	103.0	201251	2021/06/29 
2021/06/30 	103.5	106.5	103.5	106.5	69000	2021/06/30 
2021/07/01 	108.0	108.0	104.5	106.0	71000	2021/07/01 
2021/07/02 	106.0	106.5	104.0	104.5	59050	2021/07/02 
2021/07/05 	107.0	110.0	105.0	108.5	134010	2021/07/05 
2021/07/06 	109.5	111.0	107.0	107.0	92000	2021/07/06 
2021/07/07 	107.0	107.0	106.0	106.0	64000	2021/07/07 
2021/07/08 	106.5	107.5	106.5	106.5	47030	2021/07/08 
2021/07/09 	105.5	106.5	105.5	105.5	43155	2021/07/09 
2021/07/12 	106.5	107.0	105.5	107.0	50000	2021/07/12 
2021/07/13 	107.5	107.5	103.0	103.5	103000	2021/07/13 
2021/07/14 	104.0	104.0	101.0	102.0	176001	2021/07/14 
2021/07/15 	102.0	104.0	102.0	103.5	28053	2021/07/15 
2021/07/16 	103.5	104.5	103.5	104.0	26000	2021/07/16 
2021/07/19 	105.0	105.0	102.0	103.5	34010	2021/07/19 
2021/07/20 	101.5	103.0	101.5	103.0	35000	2021/07/20 
2021/07/21 	104.0	104.0	101.5	102.0	52048	2021/07/21 
2021/07/22 	103.0	104.0	103.0	103.5	36000	2021/07/22 
2021/07/23 	106.0	113.5	106.0	109.0	569010	2021/07/23 
2021/07/26 	111.0	118.5	110.5	116.5	531060	2021/07/26 
2021/07/27 	118.0	118.5	108.0	109.5	301266	2021/07/27 
2021/07/28 	110.0	112.5	106.5	110.5	158000	2021/07/28 
2021/07/29 	114.0	114.0	111.5	112.0	155001	2021/07/29 
2021/07/30 	114.0	115.0	110.0	110.5	115000	2021/07/30 
2021/08/02 	111.0	112.0	110.5	112.0	75050	2021/08/02 
2021/08/03 	113.0	113.5	112.0	112.5	83300	2021/08/03 
2021/08/04 	113.0	113.5	111.0	112.5	92000	2021/08/04 
2021/08/05 	112.0	113.0	111.0	112.5	81000	2021/08/05 
2021/08/06 	114.0	120.0	113.5	113.5	518000	2021/08/06 
2021/08/09 	112.5	115.5	111.0	111.5	128010	2021/08/09 
2021/08/10 	110.5	111.0	107.5	109.5	102000	2021/08/10 
2021/08/11 	108.5	112.0	107.0	107.5	177215	2021/08/11 
2021/08/12 	104.5	106.0	102.0	105.0	126010	2021/08/12 
2021/08/13 	105.0	106.0	104.5	104.5	35050	2021/08/13 
2021/08/16 	105.0	105.0	102.0	103.0	70100	2021/08/16 
2021/08/17 	103.5	105.0	103.5	103.5	29000	2021/08/17 
2021/08/18 	103.5	103.5	101.0	103.5	59000	2021/08/18 
2021/08/19 	103.0	103.0	100.0	100.5	59000	2021/08/19 
2021/08/20 	100.0	100.0	97.69999694824219	98.69999694824219	79000	2021/08/20 
2021/08/23 	99.0	100.5	98.69999694824219	100.5	41100	2021/08/23 
2021/08/24 	101.0	102.0	100.0	100.0	20000	2021/08/24 
2021/08/25 	100.0	102.0	100.0	102.0	10900	2021/08/25 
2021/08/26 	100.5	101.5	99.5	101.0	34000	2021/08/26 
2021/08/27 	100.5	101.5	100.5	100.5	19024	2021/08/27 
2021/08/30 	100.5	100.5	99.5	99.69999694824219	18000	2021/08/30 
2021/08/31 	98.80000305175781	100.5	98.80000305175781	99.30000305175781	25700	2021/08/31 
2021/09/01 	99.4000015258789	100.0	99.4000015258789	99.5	29500	2021/09/01 
2021/09/02 	98.5999984741211	99.80000305175781	98.5999984741211	98.5999984741211	29000	2021/09/02 
2021/09/03 	99.0	99.0999984741211	96.0	98.30000305175781	52000	2021/09/03 
2021/09/06 	98.30000305175781	98.30000305175781	97.0	97.5	23000	2021/09/06 
2021/09/07 	97.5	97.5	96.9000015258789	96.9000015258789	14300	2021/09/07 
2021/09/08 	96.80000305175781	96.80000305175781	95.0	95.0	29292	2021/09/08 
2021/09/09 	95.0	95.5	95.0	95.5	24000	2021/09/09 
2021/09/10 	95.80000305175781	97.5	95.80000305175781	97.5	14000	2021/09/10 
2021/09/13 	96.19999694824219	97.0	93.0	95.69999694824219	37000	2021/09/13 
2021/09/14 	96.80000305175781	96.80000305175781	95.5	95.5	9020	2021/09/14 
2021/09/15 	94.5	95.30000305175781	93.9000015258789	95.0	30000	2021/09/15 
2021/09/16 	95.0	96.5	95.0	96.5	17000	2021/09/16 
2021/09/17 	98.80000305175781	98.80000305175781	97.19999694824219	97.19999694824219	17015	2021/09/17 
2021/09/22 	95.0	96.5	95.0	95.0	20001	2021/09/22 
2021/09/23 	97.0	99.0999984741211	95.69999694824219	96.9000015258789	19000	2021/09/23 
2021/09/24 	99.0	99.0	97.4000015258789	98.5	20000	2021/09/24 
2021/09/27 	99.0	100.0	98.5999984741211	99.80000305175781	41000	2021/09/27 
2021/09/28 	100.0	101.5	99.80000305175781	99.9000015258789	56000	2021/09/28 
2021/09/29 	99.9000015258789	99.9000015258789	98.0	98.0	24000	2021/09/29 
2021/09/30 	99.80000305175781	101.5	98.5	101.5	66022	2021/09/30 
2021/10/01 	101.5	101.5	98.0999984741211	99.30000305175781	59000	2021/10/01 
2021/10/04 	101.0	104.0	101.0	101.5	94100	2021/10/04 
2021/10/05 	104.0	104.0	101.0	102.0	19000	2021/10/05 
2021/10/06 	102.5	102.5	97.0	98.5999984741211	47000	2021/10/06 
2021/10/07 	100.0	100.5	100.0	100.5	14180	2021/10/07 
2021/10/08 	100.0	100.5	99.5	100.5	8000	2021/10/08 
2021/10/12 	101.0	101.0	98.0	99.0	29000	2021/10/12 
2021/10/13 	98.0	98.0999984741211	97.5	98.0999984741211	11001	2021/10/13 
2021/10/14 	96.5999984741211	98.0	96.5999984741211	98.0	15000	2021/10/14 
2021/10/15 	97.9000015258789	99.80000305175781	97.0999984741211	99.30000305175781	16050	2021/10/15 
2021/10/18 	99.0	99.5	98.5	99.5	12001	2021/10/18 
2021/10/19 	99.5	99.5	98.80000305175781	99.19999694824219	10000	2021/10/19 
2021/10/20 	100.0	100.0	99.0999984741211	99.30000305175781	29050	2021/10/20 
2021/10/21 	99.30000305175781	99.30000305175781	98.0	98.30000305175781	27000	2021/10/21 
2021/10/22 	98.0999984741211	99.69999694824219	98.0	99.69999694824219	9002	2021/10/22 
2021/10/25 	98.4000015258789	99.5	98.4000015258789	99.30000305175781	12000	2021/10/25 
2021/10/26 	99.30000305175781	99.69999694824219	98.69999694824219	99.0	16000	2021/10/26 
2021/10/27 	99.0	99.0	98.5	98.5	8000	2021/10/27 
2021/10/28 	98.5	98.5	98.5	98.5	2000	2021/10/28 
2021/10/29 	98.30000305175781	98.30000305175781	97.5	98.0	18000	2021/10/29 
2021/11/01 	98.19999694824219	99.19999694824219	98.19999694824219	99.19999694824219	15022	2021/11/01 
2021/11/02 	100.0	102.0	99.5999984741211	99.5999984741211	16000	2021/11/02 
2021/11/03 	99.5	99.69999694824219	99.5	99.5999984741211	10000	2021/11/03 
2021/11/04 	100.5	109.5	100.5	105.5	200022	2021/11/04 
2021/11/05 	106.0	106.5	102.0	102.0	46000	2021/11/05 
2021/11/08 	101.5	107.5	101.5	105.5	83000	2021/11/08 
2021/11/09 	105.5	106.5	103.5	106.5	25000	2021/11/09 
2021/11/10 	106.0	107.0	104.5	107.0	97200	2021/11/10 
2021/11/11 	107.0	112.0	106.5	108.0	116003	2021/11/11 
2021/11/12 	109.5	109.5	106.0	106.5	66000	2021/11/12 
2021/11/15 	107.0	107.5	106.0	107.0	30000	2021/11/15 
2021/11/16 	110.0	116.5	110.0	114.0	443000	2021/11/16 
2021/11/17 	115.0	115.0	111.0	112.5	178002	2021/11/17 
2021/11/18 	112.5	113.0	109.0	109.0	109050	2021/11/18 
2021/11/19 	109.0	109.0	103.5	104.0	171110	2021/11/19 
2021/11/22 	104.0	104.5	101.5	104.0	99000	2021/11/22 
2021/11/23 	104.0	104.0	101.0	101.0	109000	2021/11/23 
2021/11/24 	101.0	103.0	99.69999694824219	100.5	117100	2021/11/24 
2021/11/25 	103.5	104.0	102.0	103.0	90180	2021/11/25 
2021/11/26 	101.5	104.5	100.0	102.5	72000	2021/11/26 
2021/11/29 	100.5	101.0	97.5999984741211	100.5	50000	2021/11/29 
2021/11/30 	101.5	102.0	100.5	100.5	16000	2021/11/30 
2021/12/01 	100.0	101.0	99.5	100.0	35000	2021/12/01 
2021/12/02 	100.0	101.0	99.5	100.5	30000	2021/12/02 
2021/12/03 	103.0	104.0	102.5	102.5	55145	2021/12/03 
2021/12/06 	102.0	102.0	101.0	101.5	15000	2021/12/06 
2021/12/07 	103.0	103.0	101.5	102.0	29000	2021/12/07 
2021/12/08 	102.0	103.0	102.0	103.0	31170	2021/12/08 
2021/12/09 	103.0	103.5	102.5	103.5	19215	2021/12/09 
2021/12/10 	103.0	104.5	103.0	104.5	29000	2021/12/10 
2021/12/13 	105.0	105.0	103.0	103.5	18000	2021/12/13 
2021/12/14 	102.0	102.0	99.80000305175781	100.5	61000	2021/12/14 
2021/12/15 	99.5999984741211	100.5	99.5999984741211	99.9000015258789	29023	2021/12/15 
2021/12/16 	101.0	101.5	100.0	100.5	22000	2021/12/16 
2021/12/17 	100.0	100.5	99.69999694824219	100.0	55000	2021/12/17 
2021/12/20 	99.0999984741211	99.19999694824219	98.0999984741211	98.0999984741211	162010	2021/12/20 
2021/12/21 	98.5	99.0	98.0	98.0	33027	2021/12/21 
2021/12/22 	99.0	99.0	98.4000015258789	98.5999984741211	39000	2021/12/22 
2021/12/23 	98.80000305175781	98.80000305175781	98.30000305175781	98.30000305175781	20000	2021/12/23 
2021/12/24 	99.0	99.0	98.5	98.5	20020	2021/12/24 
2021/12/27 	98.5	98.9000015258789	97.80000305175781	98.5	36051	2021/12/27 
2021/12/28 	98.5	99.5	98.19999694824219	98.4000015258789	16000	2021/12/28 
2021/12/29 	99.0	99.0	99.0	99.0	9250	2021/12/29 
2021/12/30 	99.30000305175781	102.0	99.30000305175781	102.0	49020	2021/12/30 
2022/01/03 	100.0	101.0	100.0	101.0	12000	2022/01/03 
2022/01/04 	101.0	101.5	100.5	100.5	16000	2022/01/04 
2022/01/05 	100.5	100.5	99.80000305175781	100.0	17000	2022/01/05 
2022/01/06 	99.4000015258789	100.0	99.30000305175781	99.5	16000	2022/01/06 
2022/01/07 	99.5	99.9000015258789	98.5999984741211	98.80000305175781	30000	2022/01/07 
2022/01/10 	99.5	99.5	99.0	99.5	8000	2022/01/10 
2022/01/11 	98.5	98.5	97.19999694824219	97.5	49100	2022/01/11 
2022/01/12 	97.5999984741211	97.9000015258789	97.0	97.30000305175781	32000	2022/01/12 
2022/01/13 	96.5	97.30000305175781	96.5	97.0999984741211	20000	2022/01/13 
2022/01/14 	98.0999984741211	98.5	97.4000015258789	97.9000015258789	11000	2022/01/14 
2022/01/17 	99.5	99.5	97.9000015258789	98.0	7000	2022/01/17 
2022/01/18 	98.0	98.0	97.69999694824219	97.69999694824219	4000	2022/01/18 
2022/01/19 	97.80000305175781	97.80000305175781	97.0	97.0	12000	2022/01/19 
2022/01/20 	97.0999984741211	98.0	97.0	97.80000305175781	16000	2022/01/20 
2022/01/21 	97.0999984741211	97.0999984741211	95.0	96.0	36131	2022/01/21 
2022/01/24 	95.0999984741211	96.0	95.0	95.69999694824219	15000	2022/01/24 
2022/01/25 	95.4000015258789	96.5	94.9000015258789	95.19999694824219	29000	2022/01/25 
2022/01/26 	95.19999694824219	95.80000305175781	94.9000015258789	95.30000305175781	34000	2022/01/26 
2022/02/07 	95.9000015258789	96.5999984741211	95.5	96.19999694824219	25000	2022/02/07 
2022/02/08 	98.0	99.5999984741211	98.0	99.5999984741211	21250	2022/02/08 
2022/02/09 	99.0	100.0	98.5	99.5	19000	2022/02/09 
2022/02/10 	99.5	100.5	99.5	100.5	22000	2022/02/10 
2022/02/11 	100.0	100.5	99.5	99.5	20000	2022/02/11 
2022/02/14 	98.0	98.0	97.5	97.69999694824219	9180	2022/02/14 
2022/02/15 	98.5	99.0	97.4000015258789	98.5	29000	2022/02/15 
2022/02/16 	99.80000305175781	107.0	99.5999984741211	103.5	188078	2022/02/16 
2022/02/17 	103.0	105.5	103.0	104.5	142000	2022/02/17 
2022/02/18 	103.5	105.0	103.5	104.5	83220	2022/02/18 
2022/02/21 	104.5	104.5	103.5	104.0	50000	2022/02/21 
2022/02/22 	102.5	103.0	99.30000305175781	100.5	127001	2022/02/22 
2022/02/23 	100.0	102.0	100.0	102.0	22140	2022/02/23 
2022/02/24 	101.0	102.0	99.0	99.5999984741211	77000	2022/02/24 
2022/02/25 	100.0	100.0	99.19999694824219	99.4000015258789	31000	2022/02/25 
2022/03/01 	100.5	100.5	99.9000015258789	99.9000015258789	20000	2022/03/01 
2022/03/02 	99.9000015258789	100.0	99.5	99.69999694824219	7000	2022/03/02 
2022/03/03 	100.0	100.0	99.0999984741211	99.30000305175781	20000	2022/03/03 
2022/03/04 	99.30000305175781	99.4000015258789	98.5999984741211	98.80000305175781	24000	2022/03/04 
2022/03/07 	98.0999984741211	98.5999984741211	96.0	96.0	64024	2022/03/07 
2022/03/08 	95.5	96.0	95.0	95.0	46000	2022/03/08 
2022/03/09 	95.19999694824219	95.9000015258789	95.19999694824219	95.5	12020	2022/03/09 
2022/03/10 	95.80000305175781	97.69999694824219	95.80000305175781	97.30000305175781	10000	2022/03/10 
2022/03/11 	96.19999694824219	97.0	96.19999694824219	97.0	9000	2022/03/11 
2022/03/14 	97.0999984741211	97.0999984741211	96.0999984741211	96.5	19000	2022/03/14 
2022/03/15 	95.5	96.4000015258789	95.5	95.9000015258789	11000	2022/03/15 
2022/03/16 	99.0	99.5	97.0	99.19999694824219	48010	2022/03/16 
2022/03/17 	99.19999694824219	100.5	98.5	99.9000015258789	25000	2022/03/17 
2022/03/18 	100.0	100.0	99.0999984741211	99.0999984741211	14000	2022/03/18 
2022/03/21 	99.4000015258789	99.9000015258789	99.30000305175781	99.80000305175781	4000	2022/03/21 
2022/03/22 	98.69999694824219	99.5999984741211	98.69999694824219	99.5999984741211	12000	2022/03/22 
2022/03/23 	98.69999694824219	99.19999694824219	98.69999694824219	99.19999694824219	7000	2022/03/23 
2022/03/24 	99.4000015258789	99.4000015258789	98.80000305175781	98.80000305175781	5000	2022/03/24 
2022/03/25 	98.9000015258789	100.0	98.9000015258789	99.5	12000	2022/03/25 
2022/03/28 	99.9000015258789	99.9000015258789	98.30000305175781	98.5	16000	2022/03/28 
2022/03/29 	99.69999694824219	99.69999694824219	99.19999694824219	99.19999694824219	3000	2022/03/29 
2022/03/30 	100.0	100.0	98.0	99.30000305175781	21000	2022/03/30 
2022/03/31 	98.5	98.5999984741211	98.19999694824219	98.5	11000	2022/03/31 
2022/04/01 	99.0	99.30000305175781	98.0	98.30000305175781	16000	2022/04/01 
2022/04/06 	98.5	99.0	98.5	98.5999984741211	5001	2022/04/06 
2022/04/07 	97.9000015258789	97.9000015258789	96.30000305175781	97.5	32000	2022/04/07 
2022/04/08 	98.0999984741211	98.80000305175781	97.0	97.80000305175781	47000	2022/04/08 
2022/04/11 	99.4000015258789	103.5	99.4000015258789	100.0	142100	2022/04/11 
2022/04/12 	101.0	102.5	100.0	100.5	20030	2022/04/12 
2022/04/13 	100.5	102.0	100.0	102.0	34040	2022/04/13 
2022/04/14 	103.0	107.0	103.0	105.0	259019	2022/04/14 
2022/04/15 	105.0	108.5	103.5	108.0	185071	2022/04/15 
2022/04/18 	109.0	112.5	105.0	106.0	155091	2022/04/18 
2022/04/19 	107.0	108.0	105.0	107.5	92041	2022/04/19 
2022/04/20 	109.5	109.5	107.0	107.5	62027	2022/04/20 
2022/04/21 	107.5	107.5	105.5	106.0	46000	2022/04/21 
2022/04/22 	106.5	106.5	105.5	106.5	43000	2022/04/22 
2022/04/25 	106.0	106.5	103.0	104.5	51000	2022/04/25 
2022/04/26 	105.0	106.5	105.0	105.5	37019	2022/04/26 
2022/04/27 	105.0	105.0	100.0	101.5	80000	2022/04/27 
2022/04/28 	102.0	103.5	99.0	102.0	82000	2022/04/28 
2022/04/29 	103.0	103.0	101.0	101.5	43000	2022/04/29 
2022/05/03 	100.5	101.5	99.69999694824219	100.0	91000	2022/05/03 
2022/05/04 	100.5	102.0	100.5	102.0	20001	2022/05/04 
2022/05/05 	102.5	104.0	102.0	104.0	20000	2022/05/05 
2022/05/06 	104.0	104.0	102.0	103.0	30020	2022/05/06 
2022/05/09 	102.5	107.0	101.5	105.5	120022	2022/05/09 
2022/05/10 	103.5	105.5	103.0	105.0	41068	2022/05/10 
2022/05/11 	110.5	110.5	106.0	106.5	106070	2022/05/11 
2022/05/12 	105.0	105.5	103.5	104.5	67329	2022/05/12 
2022/05/13 	104.5	106.0	104.5	104.5	27020	2022/05/13 
2022/05/16 	104.5	104.5	103.0	103.5	26019	2022/05/16 
2022/05/17 	103.5	104.5	103.5	104.5	9000	2022/05/17 
2022/05/18 	105.5	106.0	104.5	105.5	48000	2022/05/18 
2022/05/19 	105.0	106.0	104.0	104.5	36042	2022/05/19 
2022/05/20 	106.0	106.0	105.0	105.0	22000	2022/05/20 
2022/05/23 	104.5	104.5	104.0	104.0	36391	2022/05/23 
2022/05/24 	104.5	105.5	104.0	104.5	23100	2022/05/24 
2022/05/25 	105.0	106.5	105.0	106.0	30000	2022/05/25 
2022/05/26 	106.5	108.0	105.5	105.5	56019	2022/05/26 
2022/05/27 	107.0	109.0	107.0	108.0	81054	2022/05/27 
2022/05/30 	108.5	118.5	108.5	118.5	1557686	2022/05/30 
2022/05/31 	118.5	125.0	115.0	122.0	1377663	2022/05/31 
2022/06/01 	122.0	124.5	118.0	120.5	884102	2022/06/01 
2022/06/02 	120.5	129.0	119.5	120.5	836372	2022/06/02 
2022/06/06 	122.0	124.0	121.0	122.5	221028	2022/06/06 
2022/06/07 	123.0	123.0	116.5	120.5	312039	2022/06/07 
2022/06/08 	121.5	121.5	117.5	119.0	201155	2022/06/08 
2022/06/09 	119.0	122.0	116.0	121.5	192036	2022/06/09 
2022/06/10 	123.5	128.5	121.5	122.5	635000	2022/06/10 
2022/06/13 	120.0	123.5	118.5	120.0	220247	2022/06/13 
2022/06/14 	118.0	120.5	114.0	117.0	395000	2022/06/14 
2022/06/15 	117.0	119.0	115.0	116.0	174173	2022/06/15 
2022/06/16 	119.5	127.5	119.5	123.0	1298026	2022/06/16 
2022/06/17 	124.5	133.5	120.0	130.5	3178709	2022/06/17 
2022/06/20 	132.0	140.5	124.5	124.5	5708268	2022/06/20 
2022/06/21 	127.0	136.5	123.0	136.0	2954855	2022/06/21 
2022/06/22 	136.0	138.5	123.5	125.5	2705222	2022/06/22 
2022/06/23 	126.0	128.0	120.5	123.0	937050	2022/06/23 
2022/06/24 	127.5	132.0	125.5	126.0	963030	2022/06/24 
2022/06/27 	129.5	136.0	128.0	134.0	1250352	2022/06/27 
2022/06/28 	137.0	137.0	130.0	132.0	715000	2022/06/28 
2022/06/29 	130.0	133.0	127.0	131.0	670115	2022/06/29 
2022/06/30 	131.0	135.0	123.0	123.5	991131	2022/06/30 
2022/07/01 	125.0	127.0	120.0	122.5	805040	2022/07/01 
2022/07/04 	126.0	134.5	123.0	132.0	1564452	2022/07/04 
2022/07/05 	132.5	134.5	127.5	134.5	1512523	2022/07/05 
2022/07/06 	133.0	134.0	126.0	126.0	942000	2022/07/06 
2022/07/07 	128.5	133.0	123.5	131.0	878000	2022/07/07 
2022/07/08 	133.5	143.0	129.0	130.5	2692000	2022/07/08 
2022/07/11 	132.5	142.5	132.0	138.0	3011015	2022/07/11 
2022/07/12 	135.5	140.5	133.5	135.0	1313123	2022/07/12 
2022/07/13 	139.0	144.0	135.5	139.0	2653014	2022/07/13 
2022/07/14 	134.5	140.0	132.0	133.0	1816007	2022/07/14 
2022/07/15 	135.5	135.5	129.0	131.0	708036	2022/07/15 
2022/07/18 	130.0	134.0	126.0	132.0	1213100	2022/07/18 
2022/07/19 	131.0	133.0	130.0	130.5	328070	2022/07/19 
2022/07/20 	133.0	135.0	131.0	134.5	539099	2022/07/20 
2022/07/21 	135.5	136.5	130.5	133.0	620000	2022/07/21 
2022/07/22 	132.0	137.0	131.5	134.0	669076	2022/07/22 
2022/07/25 	136.0	140.0	132.5	139.0	1027384	2022/07/25 
2022/07/26 	139.0	145.5	133.5	135.5	2342156	2022/07/26 
2022/07/27 	135.5	137.5	134.0	135.0	315050	2022/07/27 
2022/07/28 	135.5	135.5	132.0	133.0	354605	2022/07/28 
2022/07/29 	135.0	138.0	133.5	137.5	358105	2022/07/29 
2022/08/01 	137.5	137.5	125.0	128.5	1708243	2022/08/01 
2022/08/02 	130.5	131.5	125.0	125.5	953030	2022/08/02 
2022/08/03 	123.5	126.0	122.5	122.5	420000	2022/08/03 
2022/08/04 	123.0	127.5	122.0	126.0	620000	2022/08/04 
2022/08/05 	128.5	130.0	127.5	127.5	329037	2022/08/05 
2022/08/08 	129.0	129.0	126.0	126.5	215037	2022/08/08 
2022/08/09 	124.5	130.0	124.5	129.0	346200	2022/08/09 
2022/08/10 	128.0	132.5	127.5	127.5	518000	2022/08/10 
2022/08/11 	121.0	125.0	115.5	116.0	1906058	2022/08/11 
2022/08/12 	114.0	120.5	114.0	119.0	975759	2022/08/12 
2022/08/15 	119.0	121.5	118.5	120.0	299000	2022/08/15 
2022/08/16 	120.0	120.5	117.0	118.0	229000	2022/08/16 
2022/08/17 	118.0	120.5	117.5	119.0	227000	2022/08/17 
2022/08/18 	118.0	119.0	116.5	117.0	170095	2022/08/18 
2022/08/19 	117.0	118.0	115.0	115.0	282037	2022/08/19 
2022/08/22 	114.5	117.5	114.0	115.5	85000	2022/08/22 
2022/08/23 	116.0	117.5	114.5	117.0	127170	2022/08/23 
2022/08/24 	117.5	120.0	117.5	118.5	178146	2022/08/24 
2022/08/25 	118.5	120.0	118.0	118.0	116013	2022/08/25 
2022/08/26 	118.5	121.0	118.0	119.5	311000	2022/08/26 
2022/08/29 	117.5	119.5	117.0	117.0	231000	2022/08/29 
2022/08/30 	117.0	119.0	117.0	117.5	81000	2022/08/30 
2022/08/31 	120.0	120.0	116.0	116.0	208000	2022/08/31 
2022/09/01 	115.0	116.0	114.0	115.5	151179	2022/09/01 
2022/09/02 	115.5	116.5	114.0	114.0	84002	2022/09/02 
2022/09/05 	114.0	116.5	114.0	114.5	123000	2022/09/05 
2022/09/06 	114.5	117.5	114.5	115.0	115002	2022/09/06 
2022/09/07 	115.0	116.0	114.0	114.0	160000	2022/09/07 
2022/09/08 	116.0	119.5	116.0	116.5	356478	2022/09/08 
2022/09/12 	119.5	122.5	118.0	120.5	552001	2022/09/12 
2022/09/13 	122.5	124.5	121.0	122.0	382014	2022/09/13 
2022/09/14 	119.5	124.5	119.0	123.0	301012	2022/09/14 
2022/09/15 	124.0	127.0	122.5	122.5	481155	2022/09/15 
2022/09/16 	123.5	124.5	122.0	123.5	143000	2022/09/16 
2022/09/19 	122.0	124.5	119.0	119.0	331000	2022/09/19 
2022/09/20 	120.0	123.0	120.0	123.0	124000	2022/09/20 
2022/09/21 	124.5	124.5	120.0	120.0	196008	2022/09/21 
2022/09/22 	118.5	126.5	118.5	125.5	433010	2022/09/22 
2022/09/23 	126.5	129.0	124.5	124.5	407000	2022/09/23 
2022/09/26 	127.0	133.0	120.5	120.5	1552156	2022/09/26 
2022/09/27 	119.5	126.0	118.5	122.0	488000	2022/09/27 
2022/09/28 	122.5	124.0	118.0	119.5	466000	2022/09/28 
2022/09/29 	122.5	128.5	122.5	125.0	684110	2022/09/29 
2022/09/30 	124.0	127.0	120.0	125.5	641000	2022/09/30 
2022/10/03 	124.5	127.0	123.0	124.0	323001	2022/10/03 
2022/10/04 	128.5	129.0	123.5	123.5	451001	2022/10/04 
2022/10/05 	124.5	125.5	121.0	121.0	319012	2022/10/05 
2022/10/06 	122.5	128.5	122.5	128.5	777180	2022/10/06 
2022/10/07 	130.5	130.5	127.5	128.5	660050	2022/10/07 
2022/10/11 	127.5	127.5	124.0	126.0	277000	2022/10/11 
2022/10/12 	126.5	126.5	121.0	122.5	521032	2022/10/12 
2022/10/13 	124.5	124.5	113.5	114.0	720021	2022/10/13 
2022/10/14 	118.5	120.5	117.0	120.0	432000	2022/10/14 
2022/10/17 	120.0	121.5	118.0	120.5	259000	2022/10/17 
2022/10/18 	121.5	122.0	119.0	119.0	163000	2022/10/18 
2022/10/19 	119.0	121.0	118.5	119.5	298823	2022/10/19 
2022/10/20 	119.0	120.0	113.5	115.0	677000	2022/10/20 
2022/10/21 	116.0	116.0	114.0	114.0	202000	2022/10/21 
2022/10/24 	117.5	118.0	115.5	117.0	140000	2022/10/24 
2022/10/25 	118.0	119.0	114.0	115.0	139000	2022/10/25 
2022/10/26 	115.0	115.0	110.0	110.5	340029	2022/10/26 
2022/10/27 	111.0	112.0	110.0	110.5	206000	2022/10/27 
2022/10/28 	113.0	115.5	109.5	109.5	282000	2022/10/28 
2022/10/31 	111.0	111.5	109.5	109.5	136000	2022/10/31 
2022/11/01 	108.5	113.0	108.0	110.0	207000	2022/11/01 
2022/11/02 	112.5	113.0	111.5	112.5	112000	2022/11/02 
2022/11/03 	110.0	114.5	110.0	114.0	74000	2022/11/03 
2022/11/04 	115.5	116.0	112.0	112.5	250011	2022/11/04 
2022/11/07 	113.0	114.0	111.0	112.5	226000	2022/11/07 
2022/11/08 	112.5	114.5	109.5	110.0	198014	2022/11/08 
2022/11/09 	111.5	113.0	110.0	111.0	249000	2022/11/09 
2022/11/10 	110.0	112.5	109.5	110.0	164017	2022/11/10 
2022/11/11 	111.5	112.5	109.0	111.0	202000	2022/11/11 
2022/11/14 	111.5	115.5	111.0	114.5	213000	2022/11/14 
2022/11/15 	114.5	115.5	113.0	113.0	146000	2022/11/15 
2022/11/16 	112.5	113.5	112.0	112.0	175000	2022/11/16 
2022/11/17 	112.0	114.5	111.5	113.0	118000	2022/11/17 
2022/11/18 	114.5	114.5	111.0	112.0	107000	2022/11/18 
2022/11/21 	113.0	115.0	111.5	113.0	224000	2022/11/21 
2022/11/22 	114.5	121.0	114.0	115.0	804000	2022/11/22 
2022/11/23 	117.0	119.0	114.5	115.5	497001	2022/11/23 
2022/11/24 	115.5	119.0	114.5	118.0	508000	2022/11/24 
2022/11/25 	119.0	119.0	115.0	117.0	326000	2022/11/25 
2022/11/28 	116.0	121.5	115.5	120.5	486000	2022/11/28 
2022/11/29 	121.0	123.0	119.5	121.0	410000	2022/11/29 
2022/11/30 	122.0	122.5	118.5	118.5	298000	2022/11/30 
2022/12/01 	119.5	121.5	119.0	120.0	383300	2022/12/01 
2022/12/02 	122.0	126.0	121.5	123.0	836010	2022/12/02 
2022/12/05 	123.5	130.0	123.5	125.0	1075000	2022/12/05 
2022/12/06 	125.5	129.5	125.5	126.0	741042	2022/12/06 
2022/12/07 	128.0	130.0	125.0	125.5	907010	2022/12/07 
2022/12/08 	125.5	128.5	125.5	125.5	450010	2022/12/08 
2022/12/09 	127.0	127.0	121.5	122.5	452025	2022/12/09 
2022/12/12 	120.0	125.0	120.0	120.5	514000	2022/12/12 
2022/12/13 	122.5	122.5	119.0	119.0	268020	2022/12/13 
2022/12/14 	119.5	122.0	119.5	120.0	245001	2022/12/14 
2022/12/15 	121.0	124.5	120.5	121.5	557009	2022/12/15 
2022/12/16 	120.0	120.5	116.5	116.5	422060	2022/12/16 
2022/12/19 	116.0	117.5	115.0	115.0	315014	2022/12/19 
2022/12/20 	115.0	116.0	112.0	112.5	424200	2022/12/20 
2022/12/21 	113.0	116.0	113.0	115.0	262010	2022/12/21 
2022/12/22 	117.0	118.5	116.5	118.0	320000	2022/12/22 
2022/12/23 	116.0	125.0	116.0	122.5	1034010	2022/12/23 
2022/12/26 	125.0	127.0	121.0	121.0	797000	2022/12/26 
2022/12/27 	123.0	123.0	120.0	121.0	156000	2022/12/27 
2022/12/28 	120.0	121.0	119.0	119.0	86009	2022/12/28 
2022/12/29 	118.0	120.5	118.0	118.5	94000	2022/12/29 
2022/12/30 	120.0	120.0	118.0	120.0	130021	2022/12/30 
2023/01/03 	119.5	121.5	119.0	121.0	99200	2023/01/03 
2023/01/04 	121.0	126.0	121.0	122.0	388015	2023/01/04 
2023/01/05 	124.0	128.5	123.0	125.0	608050	2023/01/05 
2023/01/06 	125.5	128.5	125.0	128.5	329164	2023/01/06 
2023/01/09 	128.5	128.5	126.5	126.5	195000	2023/01/09 
2023/01/10 	126.0	126.5	124.0	124.0	108050	2023/01/10 
2023/01/11 	125.0	125.5	122.5	122.5	151018	2023/01/11 
2023/01/12 	124.0	124.0	122.5	123.0	80000	2023/01/12 
2023/01/13 	126.0	126.0	122.0	124.5	165000	2023/01/13 
2023/01/16 	123.5	123.5	121.5	123.5	143000	2023/01/16 
2023/01/17 	123.5	125.5	123.0	125.0	151000	2023/01/17 
2023/01/30 	128.0	128.0	124.5	125.0	128000	2023/01/30 
2023/01/31 	126.0	127.0	124.5	126.5	140030	2023/01/31 
2023/02/01 	127.5	132.5	127.0	127.5	678000	2023/02/01 
2023/02/02 	127.5	127.5	125.0	125.5	223000	2023/02/02 
2023/02/03 	125.5	129.0	125.0	128.0	355000	2023/02/03 
2023/02/06 	128.0	131.0	126.5	127.0	215000	2023/02/06 
2023/02/07 	129.0	132.0	127.5	132.0	558034	2023/02/07 
2023/02/08 	132.5	136.5	130.0	130.5	944000	2023/02/08 
2023/02/09 	130.5	133.5	130.5	132.0	342000	2023/02/09 
2023/02/10 	133.5	137.5	133.0	133.5	757323	2023/02/10 
2023/02/13 	138.5	140.0	134.0	134.0	1080383	2023/02/13 
2023/02/14 	134.0	136.0	131.5	136.0	364127	2023/02/14 
2023/02/15 	136.5	136.5	133.0	134.0	221011	2023/02/15 
2023/02/16 	135.0	135.0	133.5	134.5	121020	2023/02/16 
2023/02/17 	134.5	138.5	134.0	138.0	497135	2023/02/17 
2023/02/20 	138.0	139.0	135.5	136.5	323000	2023/02/20 
2023/02/21 	136.5	139.0	135.5	136.0	263350	2023/02/21 
2023/02/22 	135.0	137.0	133.0	136.5	244200	2023/02/22 
2023/02/23 	137.5	138.0	135.0	136.0	172441	2023/02/23 
