Date	Open	High	Low	Close	Volume	Date
2020/03/09 	42.150001525878906	46.0	42.150001525878906	45.29999923706055	1050000	2020/03/09 
2020/03/10 	43.75	43.75	40.79999923706055	42.25	385000	2020/03/10 
2020/03/11 	42.650001525878906	43.75	41.099998474121094	41.29999923706055	195000	2020/03/11 
2020/03/12 	40.900001525878906	40.900001525878906	37.0	38.900001525878906	314000	2020/03/12 
2020/03/13 	37.0	37.29999923706055	35.29999923706055	37.0	196000	2020/03/13 
2020/03/16 	37.5	37.5	35.20000076293945	35.20000076293945	128000	2020/03/16 
2020/03/17 	34.849998474121094	34.849998474121094	31.700000762939453	32.0	159000	2020/03/17 
2020/03/18 	32.5	33.20000076293945	32.5	32.5	117000	2020/03/18 
2020/03/19 	31.5	31.5	29.25	29.5	226000	2020/03/19 
2020/03/20 	29.799999237060547	32.45000076293945	29.799999237060547	32.45000076293945	85000	2020/03/20 
2020/03/23 	32.349998474121094	32.349998474121094	31.850000381469727	32.04999923706055	53000	2020/03/23 
2020/03/24 	35.0	35.0	32.599998474121094	32.95000076293945	35000	2020/03/24 
2020/03/25 	33.900001525878906	34.599998474121094	33.04999923706055	33.04999923706055	52000	2020/03/25 
2020/03/26 	33.95000076293945	33.95000076293945	33.5	33.599998474121094	30000	2020/03/26 
2020/03/27 	33.54999923706055	33.849998474121094	33.0	33.79999923706055	47010	2020/03/27 
2020/03/30 	34.0	35.5	33.79999923706055	35.45000076293945	116000	2020/03/30 
2020/03/31 	36.5	37.0	35.54999923706055	36.400001525878906	49000	2020/03/31 
2020/04/01 	37.5	40.0	37.0	39.5	213000	2020/04/01 
2020/04/06 	38.150001525878906	41.0	37.099998474121094	40.20000076293945	200000	2020/04/06 
2020/04/07 	40.20000076293945	40.599998474121094	39.20000076293945	39.849998474121094	76000	2020/04/07 
2020/04/08 	39.849998474121094	40.0	39.04999923706055	39.150001525878906	84000	2020/04/08 
2020/04/09 	39.25	39.25	38.0	38.20000076293945	89000	2020/04/09 
2020/04/10 	38.20000076293945	38.54999923706055	38.20000076293945	38.54999923706055	11010	2020/04/10 
2020/04/13 	38.54999923706055	38.54999923706055	37.650001525878906	37.849998474121094	29000	2020/04/13 
2020/04/14 	38.400001525878906	39.20000076293945	38.099998474121094	38.849998474121094	51000	2020/04/14 
2020/04/15 	38.849998474121094	38.95000076293945	38.400001525878906	38.5	88000	2020/04/15 
2020/04/16 	38.349998474121094	38.5	37.75	38.29999923706055	28000	2020/04/16 
2020/04/17 	38.45000076293945	38.599998474121094	38.0	38.099998474121094	72000	2020/04/17 
2020/04/20 	37.650001525878906	37.95000076293945	37.5	37.95000076293945	14000	2020/04/20 
2020/04/21 	37.5	38.0	37.5	37.70000076293945	44000	2020/04/21 
2020/04/22 	37.70000076293945	37.900001525878906	37.5	37.849998474121094	34000	2020/04/22 
2020/04/23 	37.75	38.150001525878906	37.5	38.150001525878906	23000	2020/04/23 
2020/04/24 	37.70000076293945	38.099998474121094	37.70000076293945	37.849998474121094	14000	2020/04/24 
2020/04/27 	38.04999923706055	39.5	38.0	39.04999923706055	84000	2020/04/27 
2020/04/28 	39.04999923706055	39.25	38.650001525878906	39.25	37000	2020/04/28 
2020/04/29 	39.29999923706055	39.5	39.20000076293945	39.400001525878906	18000	2020/04/29 
2020/04/30 	39.45000076293945	39.79999923706055	39.400001525878906	39.45000076293945	37000	2020/04/30 
2020/05/04 	39.29999923706055	39.29999923706055	38.29999923706055	38.54999923706055	28000	2020/05/04 
2020/05/05 	39.0	39.0	38.5	38.79999923706055	38000	2020/05/05 
2020/05/06 	38.79999923706055	38.79999923706055	38.29999923706055	38.79999923706055	23000	2020/05/06 
2020/05/07 	38.849998474121094	39.0	38.29999923706055	38.849998474121094	20000	2020/05/07 
2020/05/08 	38.849998474121094	39.20000076293945	38.650001525878906	38.79999923706055	13000	2020/05/08 
2020/05/11 	38.5	38.5	38.0	38.29999923706055	35000	2020/05/11 
2020/05/12 	38.599998474121094	38.599998474121094	38.0	38.0	37000	2020/05/12 
2020/05/13 	38.45000076293945	38.849998474121094	38.04999923706055	38.79999923706055	25000	2020/05/13 
2020/05/14 	38.79999923706055	38.79999923706055	38.29999923706055	38.5	16000	2020/05/14 
2020/05/15 	38.599998474121094	38.95000076293945	38.5	38.849998474121094	16000	2020/05/15 
2020/05/18 	38.79999923706055	38.79999923706055	38.0	38.25	37000	2020/05/18 
2020/05/19 	38.75	38.79999923706055	38.5	38.79999923706055	12000	2020/05/19 
2020/05/20 	38.79999923706055	39.5	38.79999923706055	39.400001525878906	55000	2020/05/20 
2020/05/21 	39.599998474121094	43.29999923706055	39.599998474121094	43.29999923706055	323000	2020/05/21 
2020/05/22 	45.20000076293945	47.599998474121094	44.0	47.599998474121094	625990	2020/05/22 
2020/05/25 	49.400001525878906	50.0	46.0	46.20000076293945	799000	2020/05/25 
2020/05/26 	46.849998474121094	47.45000076293945	44.29999923706055	44.599998474121094	305000	2020/05/26 
2020/05/27 	43.5	45.45000076293945	42.849998474121094	42.849998474121094	210000	2020/05/27 
2020/05/28 	43.400001525878906	43.400001525878906	41.5	41.5	170000	2020/05/28 
2020/05/29 	42.349998474121094	42.349998474121094	40.79999923706055	41.79999923706055	75300	2020/05/29 
2020/06/01 	42.5	45.75	42.5	43.95000076293945	123260	2020/06/01 
2020/06/02 	44.5	44.5	43.04999923706055	43.79999923706055	59130	2020/06/02 
2020/06/03 	43.79999923706055	44.20000076293945	43.0	43.79999923706055	81000	2020/06/03 
2020/06/04 	43.79999923706055	43.79999923706055	43.099998474121094	43.25	41080	2020/06/04 
2020/06/05 	43.29999923706055	44.150001525878906	43.29999923706055	44.0	59200	2020/06/05 
2020/06/08 	44.20000076293945	45.099998474121094	44.0	44.599998474121094	82140	2020/06/08 
2020/06/09 	44.599998474121094	44.79999923706055	43.5	43.5	64500	2020/06/09 
2020/06/10 	43.25	43.5	42.54999923706055	43.5	61100	2020/06/10 
2020/06/11 	43.04999923706055	43.099998474121094	40.79999923706055	41.5	118000	2020/06/11 
2020/06/12 	39.599998474121094	41.849998474121094	39.599998474121094	41.599998474121094	128000	2020/06/12 
2020/06/15 	41.650001525878906	41.650001525878906	40.150001525878906	40.150001525878906	84348	2020/06/15 
2020/06/16 	40.79999923706055	41.5	40.400001525878906	41.5	65000	2020/06/16 
2020/06/17 	41.70000076293945	41.70000076293945	40.45000076293945	41.349998474121094	25000	2020/06/17 
2020/06/18 	41.400001525878906	41.400001525878906	40.900001525878906	41.099998474121094	27700	2020/06/18 
2020/06/19 	41.150001525878906	41.20000076293945	40.650001525878906	40.900001525878906	64000	2020/06/19 
2020/06/22 	40.900001525878906	41.900001525878906	40.849998474121094	40.95000076293945	36000	2020/06/22 
2020/06/23 	41.0	41.0	40.95000076293945	41.0	21052	2020/06/23 
2020/06/24 	41.5	41.79999923706055	40.900001525878906	41.0	28350	2020/06/24 
2020/06/29 	41.45000076293945	41.45000076293945	40.599998474121094	40.70000076293945	19248	2020/06/29 
2020/06/30 	41.0	41.0	40.70000076293945	40.75	28000	2020/06/30 
2020/07/01 	40.75	40.849998474121094	40.5	40.5	57000	2020/07/01 
2020/07/02 	40.599998474121094	40.75	40.54999923706055	40.599998474121094	73000	2020/07/02 
2020/07/03 	40.900001525878906	41.5	40.849998474121094	41.400001525878906	103000	2020/07/03 
2020/07/06 	41.900001525878906	45.150001525878906	41.900001525878906	45.099998474121094	264147	2020/07/06 
2020/07/07 	45.45000076293945	46.5	43.54999923706055	44.45000076293945	124247	2020/07/07 
2020/07/08 	44.0	44.54999923706055	44.0	44.099998474121094	56000	2020/07/08 
2020/07/09 	44.900001525878906	44.900001525878906	43.0	43.150001525878906	53000	2020/07/09 
2020/07/10 	43.20000076293945	43.20000076293945	42.20000076293945	42.25	55000	2020/07/10 
2020/07/13 	42.79999923706055	43.5	42.349998474121094	43.5	34000	2020/07/13 
2020/07/14 	43.5	43.5	42.79999923706055	42.79999923706055	7100	2020/07/14 
2020/07/15 	43.29999923706055	43.29999923706055	42.900001525878906	43.099998474121094	31000	2020/07/15 
2020/07/16 	43.20000076293945	44.45000076293945	43.04999923706055	43.150001525878906	21000	2020/07/16 
2020/07/17 	43.20000076293945	43.20000076293945	42.0	42.75	45000	2020/07/17 
2020/07/20 	42.75	42.75	42.0	42.25	29000	2020/07/20 
2020/07/21 	42.20000076293945	42.70000076293945	42.20000076293945	42.45000076293945	61000	2020/07/21 
2020/07/22 	42.45000076293945	42.599998474121094	41.79999923706055	41.95000076293945	137000	2020/07/22 
2020/07/23 	40.0	40.0	39.0	39.54999923706055	74000	2020/07/23 
2020/07/24 	39.5	39.5	38.70000076293945	38.70000076293945	37011	2020/07/24 
2020/07/27 	38.5	38.5	37.25	37.599998474121094	36000	2020/07/27 
2020/07/28 	37.599998474121094	37.599998474121094	36.20000076293945	36.45000076293945	64000	2020/07/28 
2020/07/29 	36.29999923706055	37.0	36.20000076293945	37.0	17000	2020/07/29 
2020/07/30 	37.0	37.099998474121094	36.54999923706055	36.70000076293945	7000	2020/07/30 
2020/07/31 	37.099998474121094	37.25	36.79999923706055	37.25	13000	2020/07/31 
2020/08/03 	37.0	37.0	36.5	36.900001525878906	44000	2020/08/03 
2020/08/04 	37.0	37.0	36.599998474121094	36.650001525878906	24100	2020/08/04 
2020/08/05 	36.79999923706055	36.79999923706055	36.5	36.70000076293945	31000	2020/08/05 
2020/08/06 	36.349998474121094	36.70000076293945	36.0	36.70000076293945	62000	2020/08/06 
2020/08/07 	36.349998474121094	36.79999923706055	36.349998474121094	36.650001525878906	20000	2020/08/07 
2020/08/10 	36.0	36.849998474121094	36.0	36.70000076293945	17000	2020/08/10 
2020/08/11 	36.70000076293945	36.70000076293945	36.099998474121094	36.29999923706055	12000	2020/08/11 
2020/08/12 	36.04999923706055	36.650001525878906	36.0	36.45000076293945	21001	2020/08/12 
2020/08/13 	36.5	37.150001525878906	36.04999923706055	36.70000076293945	45000	2020/08/13 
2020/08/14 	36.70000076293945	36.70000076293945	36.20000076293945	36.70000076293945	12000	2020/08/14 
2020/08/17 	36.79999923706055	37.400001525878906	36.79999923706055	37.400001525878906	12000	2020/08/17 
2020/08/18 	37.45000076293945	37.5	37.20000076293945	37.45000076293945	27000	2020/08/18 
2020/08/19 	37.5	37.5	37.099998474121094	37.25	22005	2020/08/19 
2020/08/20 	37.25	37.45000076293945	35.70000076293945	36.400001525878906	26000	2020/08/20 
2020/08/21 	36.599998474121094	36.70000076293945	36.20000076293945	36.70000076293945	25000	2020/08/21 
2020/08/24 	36.20000076293945	36.79999923706055	36.20000076293945	36.349998474121094	27010	2020/08/24 
2020/08/25 	36.25	36.75	36.25	36.5	9000	2020/08/25 
2020/08/26 	36.5	36.70000076293945	36.29999923706055	36.5	13000	2020/08/26 
2020/08/27 	36.849998474121094	37.400001525878906	36.849998474121094	37.0	24000	2020/08/27 
2020/08/28 	37.0	37.29999923706055	37.0	37.04999923706055	20000	2020/08/28 
2020/08/31 	37.45000076293945	37.45000076293945	36.849998474121094	37.0	22000	2020/08/31 
2020/09/01 	37.0	37.5	37.0	37.150001525878906	23000	2020/09/01 
2020/09/02 	37.5	37.900001525878906	37.20000076293945	37.20000076293945	13000	2020/09/02 
2020/09/03 	37.099998474121094	37.650001525878906	37.099998474121094	37.349998474121094	10000	2020/09/03 
2020/09/04 	37.20000076293945	37.25	37.0	37.0	16000	2020/09/04 
2020/09/07 	37.150001525878906	37.25	37.0	37.25	9000	2020/09/07 
2020/09/08 	37.29999923706055	37.349998474121094	36.75	37.29999923706055	11000	2020/09/08 
2020/09/09 	37.0	37.400001525878906	37.0	37.04999923706055	12000	2020/09/09 
2020/09/10 	37.04999923706055	37.599998474121094	37.0	37.0	35000	2020/09/10 
2020/09/11 	36.900001525878906	37.0	36.849998474121094	36.900001525878906	18000	2020/09/11 
2020/09/14 	36.849998474121094	37.54999923706055	36.849998474121094	37.5	5000	2020/09/14 
2020/09/15 	37.900001525878906	37.95000076293945	37.599998474121094	37.849998474121094	42000	2020/09/15 
2020/09/16 	37.650001525878906	37.849998474121094	37.400001525878906	37.849998474121094	9000	2020/09/16 
2020/09/17 	38.0	38.04999923706055	37.5	37.900001525878906	37000	2020/09/17 
2020/09/18 	38.0	38.0	37.95000076293945	37.95000076293945	6000	2020/09/18 
2020/09/21 	37.95000076293945	38.0	37.900001525878906	37.900001525878906	11000	2020/09/21 
2020/09/22 	37.5	37.599998474121094	37.5	37.54999923706055	4100	2020/09/22 
2020/09/23 	37.599998474121094	37.599998474121094	37.04999923706055	37.099998474121094	28092	2020/09/23 
2020/09/24 	37.099998474121094	37.099998474121094	36.70000076293945	36.79999923706055	15000	2020/09/24 
2020/09/25 	37.5	37.5	36.20000076293945	36.75	12000	2020/09/25 
2020/09/28 	36.25	36.849998474121094	36.20000076293945	36.849998474121094	33008	2020/09/28 
2020/09/29 	37.5	37.5	37.45000076293945	37.45000076293945	3000	2020/09/29 
2020/09/30 	37.400001525878906	37.5	37.400001525878906	37.5	8000	2020/09/30 
2020/10/05 	37.29999923706055	37.29999923706055	36.79999923706055	37.25	4000	2020/10/05 
2020/10/06 	37.29999923706055	37.29999923706055	37.0	37.25	4000	2020/10/06 
2020/10/07 	37.20000076293945	37.25	37.20000076293945	37.25	5000	2020/10/07 
2020/10/08 	36.70000076293945	37.400001525878906	36.400001525878906	37.400001525878906	23000	2020/10/08 
2020/10/12 	36.900001525878906	37.150001525878906	36.79999923706055	37.150001525878906	4010	2020/10/12 
2020/10/13 	37.150001525878906	37.150001525878906	37.150001525878906	37.150001525878906	1000	2020/10/13 
2020/10/14 	37.0	37.0	36.650001525878906	36.900001525878906	9000	2020/10/14 
2020/10/15 	37.04999923706055	37.04999923706055	37.04999923706055	37.04999923706055	3000	2020/10/15 
2020/10/16 	37.0	37.0	37.0	37.0	4000	2020/10/16 
2020/10/19 	37.0	38.0	36.650001525878906	37.650001525878906	50000	2020/10/19 
2020/10/20 	37.0	37.900001525878906	37.0	37.5	13000	2020/10/20 
2020/10/21 	37.099998474121094	37.349998474121094	37.04999923706055	37.349998474121094	4000	2020/10/21 
2020/10/22 	37.349998474121094	37.349998474121094	37.0	37.0	2000	2020/10/22 
2020/10/23 	37.5	37.5	37.0	37.04999923706055	5000	2020/10/23 
2020/10/26 	37.04999923706055	37.04999923706055	36.70000076293945	36.95000076293945	10000	2020/10/26 
2020/10/27 	36.95000076293945	37.0	36.95000076293945	37.0	2000	2020/10/27 
2020/10/28 	36.599998474121094	37.0	36.599998474121094	36.599998474121094	15000	2020/10/28 
2020/10/29 	36.5	36.5	36.20000076293945	36.25	14000	2020/10/29 
2020/10/30 	36.900001525878906	36.900001525878906	36.70000076293945	36.70000076293945	9000	2020/10/30 
2020/11/02 	36.70000076293945	36.70000076293945	36.70000076293945	36.70000076293945	1000	2020/11/02 
2020/11/03 	36.29999923706055	36.79999923706055	36.0	36.79999923706055	8000	2020/11/03 
2020/11/04 	36.20000076293945	36.599998474121094	36.20000076293945	36.599998474121094	8000	2020/11/04 
2020/11/05 	36.29999923706055	36.79999923706055	36.29999923706055	36.599998474121094	15000	2020/11/05 
2020/11/06 	36.70000076293945	37.0	36.29999923706055	37.0	13000	2020/11/06 
2020/11/09 	37.0	37.25	37.0	37.0	14000	2020/11/09 
2020/11/10 	36.95000076293945	37.0	36.29999923706055	36.349998474121094	23000	2020/11/10 
2020/11/11 	36.150001525878906	37.0	36.150001525878906	37.0	10000	2020/11/11 
2020/11/12 	36.70000076293945	36.70000076293945	36.400001525878906	36.400001525878906	14000	2020/11/12 
2020/11/13 	36.45000076293945	36.900001525878906	36.45000076293945	36.900001525878906	7000	2020/11/13 
2020/11/16 	36.900001525878906	36.900001525878906	36.849998474121094	36.849998474121094	5000	2020/11/16 
2020/11/17 	37.0	37.0	36.849998474121094	36.849998474121094	17000	2020/11/17 
2020/11/18 	36.849998474121094	36.95000076293945	36.599998474121094	36.900001525878906	20000	2020/11/18 
2020/11/19 	36.900001525878906	36.900001525878906	36.599998474121094	36.650001525878906	11000	2020/11/19 
2020/11/20 	36.650001525878906	36.95000076293945	36.599998474121094	36.95000076293945	16000	2020/11/20 
2020/11/23 	37.0	37.0	36.75	37.0	20000	2020/11/23 
2020/11/24 	37.0	37.0	36.849998474121094	36.849998474121094	3000	2020/11/24 
2020/11/25 	36.849998474121094	36.95000076293945	36.79999923706055	36.95000076293945	8000	2020/11/25 
2020/11/26 	36.75	36.900001525878906	36.650001525878906	36.900001525878906	8000	2020/11/26 
2020/11/27 	36.95000076293945	38.5	36.95000076293945	37.099998474121094	50000	2020/11/27 
2020/11/30 	37.099998474121094	37.29999923706055	37.099998474121094	37.29999923706055	50000	2020/11/30 
2020/12/01 	37.349998474121094	37.349998474121094	37.20000076293945	37.20000076293945	12000	2020/12/01 
2020/12/02 	37.25	37.400001525878906	36.75	37.0	31000	2020/12/02 
2020/12/03 	37.25	37.349998474121094	37.04999923706055	37.04999923706055	17000	2020/12/03 
2020/12/04 	37.099998474121094	37.20000076293945	37.0	37.0	14000	2020/12/04 
2020/12/07 	37.349998474121094	37.349998474121094	37.0	37.0	12000	2020/12/07 
2020/12/08 	37.0	37.04999923706055	36.5	36.70000076293945	13000	2020/12/08 
2020/12/09 	36.5	37.0	36.5	36.70000076293945	17000	2020/12/09 
2020/12/10 	36.650001525878906	36.95000076293945	36.400001525878906	36.54999923706055	27000	2020/12/10 
2020/12/11 	36.54999923706055	36.900001525878906	36.45000076293945	36.900001525878906	26000	2020/12/11 
2020/12/14 	36.70000076293945	36.70000076293945	36.599998474121094	36.599998474121094	9000	2020/12/14 
2020/12/15 	36.599998474121094	36.900001525878906	36.599998474121094	36.849998474121094	17000	2020/12/15 
2020/12/16 	37.0	37.0	36.70000076293945	36.900001525878906	25000	2020/12/16 
2020/12/17 	36.900001525878906	37.0	36.70000076293945	37.0	18000	2020/12/17 
2020/12/18 	37.04999923706055	37.29999923706055	37.0	37.29999923706055	39000	2020/12/18 
2020/12/21 	37.099998474121094	37.5	37.04999923706055	37.400001525878906	44000	2020/12/21 
2020/12/22 	37.400001525878906	37.400001525878906	36.70000076293945	36.95000076293945	17000	2020/12/22 
2020/12/23 	37.0	37.20000076293945	37.0	37.0	8000	2020/12/23 
2020/12/24 	37.099998474121094	37.099998474121094	37.04999923706055	37.099998474121094	11000	2020/12/24 
2020/12/25 	37.099998474121094	37.099998474121094	36.599998474121094	36.75	53000	2020/12/25 
2020/12/28 	36.75	37.0	36.599998474121094	37.0	21000	2020/12/28 
2020/12/29 	37.04999923706055	37.95000076293945	37.04999923706055	37.650001525878906	95495	2020/12/29 
2020/12/30 	37.70000076293945	37.75	37.400001525878906	37.400001525878906	36040	2020/12/30 
2020/12/31 	37.5	37.5	37.20000076293945	37.20000076293945	37000	2020/12/31 
2021/01/04 	37.29999923706055	38.25	37.04999923706055	37.25	55000	2021/01/04 
2021/01/05 	37.5	37.70000076293945	37.29999923706055	37.650001525878906	151000	2021/01/05 
2021/01/06 	38.150001525878906	40.599998474121094	38.150001525878906	39.0	294000	2021/01/06 
2021/01/07 	39.0	40.70000076293945	38.599998474121094	39.70000076293945	396000	2021/01/07 
2021/01/08 	39.900001525878906	39.900001525878906	38.70000076293945	38.70000076293945	84000	2021/01/08 
2021/01/11 	38.150001525878906	38.150001525878906	37.29999923706055	37.650001525878906	59000	2021/01/11 
2021/01/12 	37.75	37.75	37.099998474121094	37.25	66000	2021/01/12 
2021/01/13 	37.25	37.599998474121094	36.900001525878906	37.349998474121094	162000	2021/01/13 
2021/01/14 	37.400001525878906	38.0	37.400001525878906	37.75	101000	2021/01/14 
2021/01/15 	38.20000076293945	38.20000076293945	37.20000076293945	37.349998474121094	42000	2021/01/15 
2021/01/18 	37.5	37.70000076293945	37.5	37.70000076293945	11000	2021/01/18 
2021/01/19 	37.70000076293945	37.70000076293945	37.0	37.150001525878906	26000	2021/01/19 
2021/01/20 	37.150001525878906	37.150001525878906	36.400001525878906	36.400001525878906	41000	2021/01/20 
2021/01/21 	36.20000076293945	36.95000076293945	36.20000076293945	36.599998474121094	21104	2021/01/21 
2021/01/22 	36.29999923706055	37.0	36.25	36.79999923706055	16000	2021/01/22 
2021/01/25 	36.79999923706055	36.849998474121094	36.5	36.79999923706055	11000	2021/01/25 
2021/01/26 	36.5	36.75	36.45000076293945	36.650001525878906	15000	2021/01/26 
2021/01/27 	36.900001525878906	37.0	36.650001525878906	36.900001525878906	26000	2021/01/27 
2021/01/28 	36.70000076293945	36.849998474121094	36.349998474121094	36.849998474121094	6030	2021/01/28 
2021/01/29 	36.95000076293945	37.0	36.849998474121094	37.0	12000	2021/01/29 
2021/02/01 	35.79999923706055	36.95000076293945	35.0	35.75	33000	2021/02/01 
2021/02/02 	36.70000076293945	36.70000076293945	35.900001525878906	35.900001525878906	16000	2021/02/02 
2021/02/03 	35.79999923706055	36.099998474121094	35.79999923706055	36.099998474121094	8000	2021/02/03 
2021/02/04 	35.95000076293945	36.75	35.95000076293945	36.0	6100	2021/02/04 
2021/02/05 	36.150001525878906	36.900001525878906	36.150001525878906	36.150001525878906	9000	2021/02/05 
2021/02/17 	36.25	36.79999923706055	36.25	36.79999923706055	18000	2021/02/17 
2021/02/18 	36.95000076293945	36.95000076293945	36.79999923706055	36.79999923706055	12000	2021/02/18 
2021/02/19 	36.79999923706055	36.849998474121094	36.5	36.849998474121094	16015	2021/02/19 
2021/02/22 	36.849998474121094	38.5	36.79999923706055	37.70000076293945	57000	2021/02/22 
2021/02/23 	37.70000076293945	37.70000076293945	37.25	37.54999923706055	24000	2021/02/23 
2021/02/24 	37.599998474121094	37.599998474121094	37.29999923706055	37.29999923706055	8000	2021/02/24 
2021/02/25 	37.349998474121094	37.400001525878906	37.150001525878906	37.20000076293945	33067	2021/02/25 
2021/02/26 	37.29999923706055	37.29999923706055	37.099998474121094	37.20000076293945	36000	2021/02/26 
2021/03/02 	37.5	37.5	37.25	37.25	61000	2021/03/02 
2021/03/03 	39.0	40.95000076293945	37.599998474121094	39.95000076293945	1036000	2021/03/03 
2021/03/04 	40.25	43.0	39.04999923706055	41.0	772000	2021/03/04 
2021/03/05 	40.20000076293945	42.400001525878906	40.20000076293945	41.0	272492	2021/03/05 
2021/03/08 	41.54999923706055	41.79999923706055	39.0	39.099998474121094	221001	2021/03/08 
2021/03/09 	39.0	39.79999923706055	38.79999923706055	38.79999923706055	68000	2021/03/09 
2021/03/10 	39.0	39.900001525878906	38.5	39.150001525878906	54000	2021/03/10 
2021/03/11 	39.150001525878906	39.79999923706055	39.0	39.099998474121094	34000	2021/03/11 
2021/03/12 	39.150001525878906	39.400001525878906	38.650001525878906	38.95000076293945	51008	2021/03/12 
2021/03/15 	39.099998474121094	39.900001525878906	39.04999923706055	39.79999923706055	79000	2021/03/15 
2021/03/16 	40.5	43.75	40.5	41.150001525878906	1251000	2021/03/16 
2021/03/17 	40.70000076293945	41.20000076293945	39.95000076293945	39.95000076293945	214001	2021/03/17 
2021/03/18 	40.400001525878906	40.5	39.95000076293945	40.0	73000	2021/03/18 
2021/03/19 	39.5	40.04999923706055	39.349998474121094	39.70000076293945	61000	2021/03/19 
2021/03/22 	39.75	41.650001525878906	39.5	40.79999923706055	54000	2021/03/22 
2021/03/23 	41.0	41.0	39.849998474121094	39.849998474121094	53000	2021/03/23 
2021/03/24 	39.79999923706055	39.849998474121094	39.70000076293945	39.70000076293945	33000	2021/03/24 
2021/03/25 	39.75	40.400001525878906	39.70000076293945	40.099998474121094	68000	2021/03/25 
2021/03/26 	40.29999923706055	40.29999923706055	39.75	39.75	35000	2021/03/26 
2021/03/29 	39.75	40.0	39.75	39.75	45000	2021/03/29 
2021/03/30 	39.75	40.79999923706055	39.599998474121094	40.349998474121094	40000	2021/03/30 
2021/03/31 	40.349998474121094	40.349998474121094	38.95000076293945	39.650001525878906	33000	2021/03/31 
2021/04/01 	39.650001525878906	40.400001525878906	39.400001525878906	39.54999923706055	51000	2021/04/01 
2021/04/07 	39.599998474121094	41.29999923706055	39.599998474121094	39.849998474121094	80000	2021/04/07 
2021/04/08 	39.849998474121094	39.849998474121094	39.400001525878906	39.5	56150	2021/04/08 
2021/04/09 	39.20000076293945	39.25	39.099998474121094	39.20000076293945	31000	2021/04/09 
2021/04/12 	39.20000076293945	39.349998474121094	39.0	39.0	49000	2021/04/12 
2021/04/13 	39.04999923706055	39.349998474121094	39.0	39.0	40000	2021/04/13 
2021/04/14 	39.099998474121094	39.099998474121094	38.349998474121094	38.400001525878906	97000	2021/04/14 
2021/04/15 	39.29999923706055	39.45000076293945	38.45000076293945	39.099998474121094	55000	2021/04/15 
2021/04/16 	39.0	39.0	38.650001525878906	38.79999923706055	20000	2021/04/16 
2021/04/19 	38.849998474121094	39.0	38.70000076293945	38.900001525878906	26000	2021/04/19 
2021/04/20 	38.900001525878906	39.599998474121094	38.900001525878906	39.45000076293945	31000	2021/04/20 
2021/04/21 	39.70000076293945	40.54999923706055	39.70000076293945	39.70000076293945	124010	2021/04/21 
2021/04/22 	40.5	40.5	39.45000076293945	39.599998474121094	67000	2021/04/22 
2021/04/23 	39.650001525878906	40.349998474121094	39.400001525878906	39.75	56002	2021/04/23 
2021/04/26 	39.849998474121094	40.0	39.20000076293945	39.25	50000	2021/04/26 
2021/04/27 	39.25	39.25	38.95000076293945	38.95000076293945	54000	2021/04/27 
2021/04/28 	39.04999923706055	39.5	38.5	39.0	35000	2021/04/28 
2021/04/29 	38.79999923706055	39.04999923706055	38.79999923706055	39.04999923706055	17000	2021/04/29 
2021/05/03 	39.099998474121094	39.150001525878906	38.25	38.25	52101	2021/05/03 
2021/05/04 	38.29999923706055	38.29999923706055	36.20000076293945	36.25	186002	2021/05/04 
2021/05/05 	36.349998474121094	38.0	36.349998474121094	37.79999923706055	38000	2021/05/05 
2021/05/06 	37.79999923706055	37.79999923706055	36.70000076293945	37.0	17000	2021/05/06 
2021/05/07 	37.0	37.45000076293945	36.54999923706055	37.45000076293945	8000	2021/05/07 
2021/05/10 	37.5	37.79999923706055	37.5	37.79999923706055	6000	2021/05/10 
2021/05/11 	37.0	37.0	34.75	36.75	59000	2021/05/11 
2021/05/12 	35.099998474121094	37.400001525878906	35.099998474121094	35.70000076293945	46000	2021/05/12 
2021/05/13 	35.0	36.04999923706055	34.75	35.900001525878906	36000	2021/05/13 
2021/05/14 	36.79999923706055	37.5	36.79999923706055	36.900001525878906	7000	2021/05/14 
2021/05/17 	35.650001525878906	36.900001525878906	35.29999923706055	35.400001525878906	44000	2021/05/17 
2021/05/18 	35.5	36.900001525878906	35.400001525878906	36.900001525878906	8000	2021/05/18 
2021/05/19 	36.599998474121094	37.099998474121094	36.20000076293945	36.400001525878906	14100	2021/05/19 
2021/05/20 	36.400001525878906	36.400001525878906	36.400001525878906	36.400001525878906	4000	2021/05/20 
2021/05/21 	36.5	37.400001525878906	36.5	37.29999923706055	13000	2021/05/21 
2021/05/24 	37.650001525878906	37.650001525878906	37.599998474121094	37.599998474121094	4080	2021/05/24 
2021/05/25 	37.70000076293945	37.70000076293945	36.45000076293945	36.599998474121094	4000	2021/05/25 
2021/05/26 	36.5	36.95000076293945	36.099998474121094	36.95000076293945	24000	2021/05/26 
2021/05/27 	36.20000076293945	36.54999923706055	36.20000076293945	36.54999923706055	3000	2021/05/27 
2021/05/28 	36.599998474121094	36.70000076293945	36.29999923706055	36.29999923706055	36000	2021/05/28 
2021/05/31 	36.29999923706055	36.54999923706055	36.25	36.25	21000	2021/05/31 
2021/06/01 	36.5	37.900001525878906	36.5	37.900001525878906	16000	2021/06/01 
2021/06/02 	37.5	37.5	36.400001525878906	36.79999923706055	13000	2021/06/02 
2021/06/03 	36.650001525878906	36.95000076293945	36.599998474121094	36.70000076293945	13006	2021/06/03 
2021/06/04 	36.75	36.75	36.599998474121094	36.599998474121094	5000	2021/06/04 
2021/06/07 	36.599998474121094	37.5	36.599998474121094	36.650001525878906	9000	2021/06/07 
2021/06/08 	36.70000076293945	36.70000076293945	36.29999923706055	36.349998474121094	24000	2021/06/08 
2021/06/09 	36.099998474121094	36.099998474121094	35.599998474121094	35.849998474121094	104000	2021/06/09 
2021/06/10 	36.29999923706055	36.5	35.849998474121094	35.900001525878906	331000	2021/06/10 
2021/06/11 	36.70000076293945	37.5	36.70000076293945	37.25	28000	2021/06/11 
2021/06/15 	37.79999923706055	37.79999923706055	37.5	37.5	13000	2021/06/15 
2021/06/16 	36.5	36.849998474121094	36.5	36.849998474121094	6038	2021/06/16 
2021/06/17 	36.54999923706055	36.900001525878906	36.400001525878906	36.79999923706055	47000	2021/06/17 
2021/06/18 	36.54999923706055	36.70000076293945	36.54999923706055	36.70000076293945	7000	2021/06/18 
2021/06/21 	35.849998474121094	36.45000076293945	35.70000076293945	36.45000076293945	80000	2021/06/21 
2021/06/22 	36.45000076293945	36.45000076293945	35.79999923706055	36.04999923706055	15000	2021/06/22 
2021/06/23 	36.099998474121094	36.25	36.099998474121094	36.25	4000	2021/06/23 
2021/06/24 	36.45000076293945	37.0	36.45000076293945	37.0	3000	2021/06/24 
2021/06/25 	37.0	37.400001525878906	37.0	37.25	18000	2021/06/25 
2021/06/28 	37.25	37.45000076293945	37.150001525878906	37.45000076293945	23000	2021/06/28 
2021/06/29 	37.70000076293945	37.75	37.25	37.5	18000	2021/06/29 
2021/06/30 	37.75	37.900001525878906	37.5	37.5	35000	2021/06/30 
2021/07/01 	37.349998474121094	37.400001525878906	37.349998474121094	37.400001525878906	5000	2021/07/01 
2021/07/02 	37.79999923706055	37.79999923706055	37.5	37.5	5000	2021/07/02 
2021/07/05 	37.900001525878906	37.900001525878906	37.29999923706055	37.79999923706055	29000	2021/07/05 
2021/07/06 	37.79999923706055	37.900001525878906	37.400001525878906	37.400001525878906	21003	2021/07/06 
2021/07/07 	37.75	38.099998474121094	37.45000076293945	37.5	26300	2021/07/07 
2021/07/08 	37.5	37.599998474121094	37.45000076293945	37.5	22000	2021/07/08 
2021/07/09 	37.150001525878906	37.599998474121094	36.95000076293945	37.599998474121094	17000	2021/07/09 
2021/07/12 	38.5	41.349998474121094	38.5	39.20000076293945	134000	2021/07/12 
2021/07/13 	39.95000076293945	40.70000076293945	39.20000076293945	39.20000076293945	59000	2021/07/13 
2021/07/14 	39.5	39.5	37.849998474121094	38.29999923706055	69001	2021/07/14 
2021/07/15 	38.29999923706055	38.599998474121094	38.150001525878906	38.25	40000	2021/07/15 
2021/07/16 	38.20000076293945	38.95000076293945	37.45000076293945	38.150001525878906	61000	2021/07/16 
2021/07/19 	38.150001525878906	39.5	38.150001525878906	39.349998474121094	43026	2021/07/19 
2021/07/20 	39.29999923706055	40.5	39.29999923706055	40.0	155026	2021/07/20 
2021/07/21 	40.900001525878906	40.900001525878906	39.54999923706055	39.70000076293945	62001	2021/07/21 
2021/07/22 	39.75	40.900001525878906	39.75	39.95000076293945	100000	2021/07/22 
2021/07/23 	40.04999923706055	40.54999923706055	40.0	40.099998474121094	44000	2021/07/23 
2021/07/26 	40.849998474121094	40.849998474121094	39.599998474121094	40.0	102000	2021/07/26 
2021/07/27 	39.79999923706055	39.95000076293945	39.599998474121094	39.650001525878906	15000	2021/07/27 
2021/07/28 	38.650001525878906	39.45000076293945	38.599998474121094	38.79999923706055	22001	2021/07/28 
2021/07/29 	38.5	39.54999923706055	38.400001525878906	39.099998474121094	18000	2021/07/29 
2021/07/30 	39.70000076293945	39.70000076293945	38.79999923706055	38.79999923706055	21000	2021/07/30 
2021/08/02 	38.79999923706055	39.79999923706055	38.79999923706055	38.900001525878906	6000	2021/08/02 
2021/08/03 	38.900001525878906	39.04999923706055	38.900001525878906	38.900001525878906	11000	2021/08/03 
2021/08/04 	38.95000076293945	39.04999923706055	38.95000076293945	39.0	10000	2021/08/04 
2021/08/05 	39.5	39.5	38.70000076293945	38.849998474121094	12000	2021/08/05 
2021/08/06 	39.5	39.5	38.45000076293945	38.599998474121094	6000	2021/08/06 
2021/08/09 	38.79999923706055	39.0	38.79999923706055	38.79999923706055	17000	2021/08/09 
2021/08/10 	38.95000076293945	38.95000076293945	38.79999923706055	38.79999923706055	8000	2021/08/10 
2021/08/11 	38.20000076293945	38.20000076293945	36.70000076293945	37.150001525878906	127500	2021/08/11 
2021/08/12 	37.150001525878906	37.5	37.150001525878906	37.5	3000	2021/08/12 
2021/08/13 	37.5	37.5	37.25	37.25	13000	2021/08/13 
2021/08/16 	37.099998474121094	37.20000076293945	36.0	37.20000076293945	39001	2021/08/16 
2021/08/17 	37.20000076293945	37.20000076293945	35.599998474121094	35.900001525878906	149000	2021/08/17 
2021/08/18 	35.900001525878906	36.20000076293945	35.900001525878906	36.04999923706055	6000	2021/08/18 
2021/08/19 	35.900001525878906	35.900001525878906	34.45000076293945	34.5	161000	2021/08/19 
2021/08/20 	35.0	35.150001525878906	34.79999923706055	35.0	21300	2021/08/20 
2021/08/23 	35.20000076293945	35.849998474121094	35.20000076293945	35.849998474121094	20000	2021/08/23 
2021/08/24 	35.849998474121094	36.349998474121094	35.400001525878906	36.349998474121094	37000	2021/08/24 
2021/08/25 	36.79999923706055	36.79999923706055	36.349998474121094	36.70000076293945	12000	2021/08/25 
2021/08/26 	36.0	38.79999923706055	36.0	36.79999923706055	42000	2021/08/26 
2021/08/27 	37.900001525878906	38.0	37.150001525878906	37.29999923706055	15000	2021/08/27 
2021/08/30 	37.900001525878906	37.900001525878906	37.45000076293945	37.599998474121094	35000	2021/08/30 
2021/08/31 	37.150001525878906	37.150001525878906	35.599998474121094	36.0	28000	2021/08/31 
2021/09/01 	36.599998474121094	36.599998474121094	36.0	36.400001525878906	7000	2021/09/01 
2021/09/02 	36.400001525878906	36.400001525878906	36.400001525878906	36.400001525878906	9000	2021/09/02 
2021/09/03 	37.0	37.0	36.5	36.849998474121094	7000	2021/09/03 
2021/09/06 	36.45000076293945	36.5	36.29999923706055	36.29999923706055	8000	2021/09/06 
2021/09/07 	36.29999923706055	36.29999923706055	36.29999923706055	36.29999923706055	2000	2021/09/07 
2021/09/08 	36.400001525878906	36.400001525878906	36.25	36.29999923706055	28000	2021/09/08 
2021/09/09 	35.20000076293945	36.29999923706055	35.04999923706055	36.29999923706055	17000	2021/09/09 
2021/09/10 	36.400001525878906	36.400001525878906	35.20000076293945	35.5	34304	2021/09/10 
2021/09/13 	35.5	35.70000076293945	35.0	35.70000076293945	54000	2021/09/13 
2021/09/14 	35.5	36.29999923706055	35.5	36.29999923706055	5038	2021/09/14 
2021/09/15 	36.599998474121094	36.599998474121094	35.79999923706055	36.29999923706055	11658	2021/09/15 
2021/09/16 	36.5	36.5	35.849998474121094	35.849998474121094	13000	2021/09/16 
2021/09/17 	35.349998474121094	35.599998474121094	35.25	35.400001525878906	35000	2021/09/17 
2021/09/22 	35.400001525878906	35.400001525878906	35.20000076293945	35.25	27000	2021/09/22 
2021/09/23 	35.25	35.5	35.20000076293945	35.5	9000	2021/09/23 
2021/09/24 	35.349998474121094	35.5	35.349998474121094	35.5	2000	2021/09/24 
2021/09/27 	35.5	36.900001525878906	35.5	35.5	27000	2021/09/27 
2021/09/28 	36.0	36.0	35.599998474121094	35.70000076293945	25000	2021/09/28 
2021/09/29 	35.099998474121094	35.900001525878906	34.54999923706055	35.0	27000	2021/09/29 
2021/09/30 	35.0	35.5	35.0	35.5	5000	2021/09/30 
2021/10/01 	35.5	35.75	35.0	35.20000076293945	23000	2021/10/01 
2021/10/04 	35.099998474121094	35.29999923706055	34.5	34.79999923706055	25000	2021/10/04 
2021/10/05 	35.0	35.45000076293945	35.0	35.45000076293945	33000	2021/10/05 
2021/10/06 	35.0	35.20000076293945	35.0	35.20000076293945	16000	2021/10/06 
2021/10/07 	35.0	35.29999923706055	35.0	35.29999923706055	26000	2021/10/07 
2021/10/08 	35.04999923706055	35.099998474121094	34.849998474121094	34.849998474121094	31000	2021/10/08 
2021/10/12 	35.099998474121094	35.099998474121094	35.04999923706055	35.04999923706055	8000	2021/10/12 
2021/10/13 	34.95000076293945	35.20000076293945	34.45000076293945	35.0	46000	2021/10/13 
2021/10/14 	35.29999923706055	35.29999923706055	35.0	35.0	13000	2021/10/14 
2021/10/15 	34.650001525878906	35.099998474121094	34.45000076293945	34.5	46000	2021/10/15 
2021/10/18 	34.5	34.849998474121094	33.95000076293945	34.70000076293945	29001	2021/10/18 
2021/10/19 	34.599998474121094	34.95000076293945	34.400001525878906	34.95000076293945	10000	2021/10/19 
2021/10/20 	34.900001525878906	34.95000076293945	34.900001525878906	34.95000076293945	3000	2021/10/20 
2021/10/21 	35.25	35.25	35.20000076293945	35.20000076293945	4000	2021/10/21 
2021/10/22 	34.79999923706055	35.04999923706055	34.79999923706055	35.04999923706055	3000	2021/10/22 
2021/10/25 	35.099998474121094	35.099998474121094	35.0	35.0	17002	2021/10/25 
2021/10/26 	35.25	35.54999923706055	35.0	35.54999923706055	22000	2021/10/26 
2021/10/27 	35.099998474121094	35.099998474121094	35.04999923706055	35.04999923706055	2000	2021/10/27 
2021/10/28 	34.95000076293945	34.95000076293945	34.95000076293945	34.95000076293945	1000	2021/10/28 
2021/10/29 	34.650001525878906	35.29999923706055	34.650001525878906	35.29999923706055	6000	2021/10/29 
2021/11/01 	35.29999923706055	35.599998474121094	35.04999923706055	35.599998474121094	7000	2021/11/01 
2021/11/02 	35.099998474121094	35.099998474121094	35.0	35.04999923706055	10000	2021/11/02 
2021/11/03 	35.0	35.349998474121094	35.0	35.349998474121094	2000	2021/11/03 
2021/11/04 	35.400001525878906	35.400001525878906	35.04999923706055	35.20000076293945	10000	2021/11/04 
2021/11/05 	35.20000076293945	35.20000076293945	34.900001525878906	34.900001525878906	9000	2021/11/05 
2021/11/08 	34.849998474121094	35.400001525878906	34.75	34.95000076293945	30046	2021/11/08 
2021/11/09 	35.0	35.0	34.900001525878906	34.900001525878906	27000	2021/11/09 
2021/11/10 	35.0	35.099998474121094	35.0	35.099998474121094	4001	2021/11/10 
2021/11/11 	35.099998474121094	36.0	35.0	36.0	36055	2021/11/11 
2021/11/12 	36.0	36.0	36.0	36.0	0	2021/11/12 
2021/11/15 	35.150001525878906	35.5	35.150001525878906	35.5	6002	2021/11/15 
2021/11/16 	35.599998474121094	35.599998474121094	35.54999923706055	35.599998474121094	5000	2021/11/16 
2021/11/17 	35.599998474121094	35.599998474121094	35.599998474121094	35.599998474121094	2000	2021/11/17 
2021/11/18 	35.599998474121094	36.0	35.5	35.75	20000	2021/11/18 
2021/11/19 	35.75	35.79999923706055	35.75	35.79999923706055	6000	2021/11/19 
2021/11/22 	36.099998474121094	36.099998474121094	35.150001525878906	35.70000076293945	6000	2021/11/22 
2021/11/23 	35.70000076293945	35.900001525878906	35.70000076293945	35.900001525878906	10000	2021/11/23 
2021/11/24 	35.45000076293945	35.5	35.45000076293945	35.5	11000	2021/11/24 
2021/11/25 	35.5	35.650001525878906	35.5	35.650001525878906	2000	2021/11/25 
2021/11/26 	35.95000076293945	35.95000076293945	35.5	35.5	5000	2021/11/26 
2021/11/29 	35.29999923706055	35.29999923706055	35.29999923706055	35.29999923706055	2000	2021/11/29 
2021/11/30 	35.29999923706055	36.0	35.29999923706055	36.0	8000	2021/11/30 
2021/12/01 	35.900001525878906	36.0	35.20000076293945	35.20000076293945	7000	2021/12/01 
2021/12/02 	35.20000076293945	35.20000076293945	35.20000076293945	35.20000076293945	5000	2021/12/02 
2021/12/03 	35.79999923706055	35.79999923706055	35.5	35.599998474121094	15000	2021/12/03 
2021/12/06 	35.79999923706055	35.79999923706055	35.599998474121094	35.599998474121094	3000	2021/12/06 
2021/12/07 	35.599998474121094	35.650001525878906	35.599998474121094	35.599998474121094	5000	2021/12/07 
2021/12/08 	35.599998474121094	35.79999923706055	35.5	35.5	14050	2021/12/08 
2021/12/09 	35.54999923706055	35.54999923706055	35.5	35.5	16000	2021/12/09 
2021/12/10 	35.5	35.5	35.5	35.5	2000	2021/12/10 
2021/12/13 	35.45000076293945	35.45000076293945	35.400001525878906	35.400001525878906	4000	2021/12/13 
2021/12/14 	35.400001525878906	35.400001525878906	35.400001525878906	35.400001525878906	6000	2021/12/14 
2021/12/15 	35.29999923706055	35.29999923706055	35.29999923706055	35.29999923706055	1000	2021/12/15 
2021/12/16 	35.349998474121094	35.95000076293945	35.349998474121094	35.95000076293945	7000	2021/12/16 
2021/12/17 	34.849998474121094	35.75	34.849998474121094	35.349998474121094	3000	2021/12/17 
2021/12/20 	35.5	35.5	35.5	35.5	1000	2021/12/20 
2021/12/21 	35.5	35.5	35.400001525878906	35.400001525878906	2000	2021/12/21 
2021/12/22 	35.400001525878906	35.400001525878906	35.099998474121094	35.099998474121094	4000	2021/12/22 
2021/12/23 	35.150001525878906	35.150001525878906	35.099998474121094	35.099998474121094	2000	2021/12/23 
2021/12/24 	35.150001525878906	35.54999923706055	35.150001525878906	35.54999923706055	4000	2021/12/24 
2021/12/27 	35.54999923706055	35.54999923706055	35.45000076293945	35.5	8000	2021/12/27 
2021/12/28 	35.099998474121094	35.150001525878906	35.099998474121094	35.099998474121094	4000	2021/12/28 
2021/12/29 	35.25	35.29999923706055	35.25	35.25	13000	2021/12/29 
2021/12/30 	35.25	35.29999923706055	35.20000076293945	35.29999923706055	7000	2021/12/30 
2022/01/03 	35.29999923706055	35.29999923706055	35.04999923706055	35.04999923706055	7000	2022/01/03 
2022/01/04 	35.099998474121094	35.20000076293945	35.099998474121094	35.099998474121094	8043	2022/01/04 
2022/01/05 	35.20000076293945	35.20000076293945	35.04999923706055	35.04999923706055	7000	2022/01/05 
2022/01/06 	35.04999923706055	35.099998474121094	34.79999923706055	35.04999923706055	9000	2022/01/06 
2022/01/07 	34.75	35.0	34.650001525878906	35.0	9000	2022/01/07 
2022/01/10 	35.099998474121094	35.099998474121094	35.099998474121094	35.099998474121094	2000	2022/01/10 
2022/01/11 	34.79999923706055	34.79999923706055	34.04999923706055	34.45000076293945	17409	2022/01/11 
2022/01/12 	34.599998474121094	34.599998474121094	34.599998474121094	34.599998474121094	2000	2022/01/12 
2022/01/13 	34.5	34.5	34.45000076293945	34.45000076293945	6050	2022/01/13 
2022/01/14 	34.5	34.5	33.849998474121094	34.0	43050	2022/01/14 
2022/01/17 	34.0	34.400001525878906	34.0	34.099998474121094	23000	2022/01/17 
2022/01/18 	34.150001525878906	34.20000076293945	34.04999923706055	34.099998474121094	25000	2022/01/18 
2022/01/19 	34.099998474121094	34.70000076293945	34.0	34.70000076293945	24000	2022/01/19 
2022/01/20 	34.70000076293945	34.849998474121094	34.5	34.5	9000	2022/01/20 
2022/01/21 	34.599998474121094	34.599998474121094	34.400001525878906	34.45000076293945	29000	2022/01/21 
2022/01/24 	34.349998474121094	34.349998474121094	34.349998474121094	34.349998474121094	3000	2022/01/24 
2022/01/25 	34.349998474121094	34.5	34.349998474121094	34.5	13000	2022/01/25 
2022/01/26 	34.849998474121094	34.849998474121094	34.599998474121094	34.650001525878906	5000	2022/01/26 
2022/02/07 	34.599998474121094	34.900001525878906	34.599998474121094	34.70000076293945	9000	2022/02/07 
2022/02/08 	34.79999923706055	35.45000076293945	34.79999923706055	35.45000076293945	21000	2022/02/08 
2022/02/09 	35.70000076293945	36.20000076293945	35.20000076293945	35.25	45000	2022/02/09 
2022/02/10 	35.5	35.900001525878906	35.20000076293945	35.900001525878906	8000	2022/02/10 
2022/02/11 	35.900001525878906	36.20000076293945	35.650001525878906	36.0	34000	2022/02/11 
2022/02/14 	35.04999923706055	35.099998474121094	35.04999923706055	35.099998474121094	11000	2022/02/14 
2022/02/15 	35.099998474121094	36.099998474121094	35.099998474121094	36.0	17056	2022/02/15 
2022/02/16 	36.0	36.400001525878906	35.20000076293945	36.0	37000	2022/02/16 
2022/02/17 	36.0	36.099998474121094	35.650001525878906	35.650001525878906	7000	2022/02/17 
2022/02/18 	35.95000076293945	36.0	35.95000076293945	36.0	2000	2022/02/18 
2022/02/21 	35.95000076293945	35.95000076293945	35.95000076293945	35.95000076293945	2000	2022/02/21 
2022/02/22 	35.04999923706055	35.04999923706055	35.04999923706055	35.04999923706055	1000	2022/02/22 
2022/02/23 	36.400001525878906	36.400001525878906	36.400001525878906	36.400001525878906	1000	2022/02/23 
2022/02/24 	36.25	36.25	36.25	36.25	1000	2022/02/24 
2022/02/25 	36.25	36.25	36.25	36.25	0	2022/02/25 
2022/03/01 	35.04999923706055	36.20000076293945	35.04999923706055	36.20000076293945	10000	2022/03/01 
2022/03/02 	36.29999923706055	36.29999923706055	36.29999923706055	36.29999923706055	1000	2022/03/02 
2022/03/03 	35.20000076293945	35.20000076293945	35.20000076293945	35.20000076293945	2000	2022/03/03 
2022/03/04 	35.20000076293945	35.54999923706055	35.20000076293945	35.54999923706055	3000	2022/03/04 
2022/03/07 	35.5	35.5	35.5	35.5	1000	2022/03/07 
2022/03/08 	35.099998474121094	35.599998474121094	34.54999923706055	35.0	14000	2022/03/08 
2022/03/09 	35.0	35.0	34.54999923706055	34.54999923706055	6000	2022/03/09 
2022/03/10 	34.900001525878906	35.0	34.900001525878906	35.0	5000	2022/03/10 
2022/03/11 	35.0	35.099998474121094	35.0	35.099998474121094	3000	2022/03/11 
2022/03/14 	35.20000076293945	35.20000076293945	35.20000076293945	35.20000076293945	1000	2022/03/14 
2022/03/15 	35.20000076293945	35.20000076293945	35.20000076293945	35.20000076293945	0	2022/03/15 
2022/03/16 	35.150001525878906	35.150001525878906	34.79999923706055	35.099998474121094	4000	2022/03/16 
2022/03/17 	35.150001525878906	35.150001525878906	35.150001525878906	35.150001525878906	1000	2022/03/17 
2022/03/18 	35.20000076293945	35.20000076293945	35.20000076293945	35.20000076293945	1000	2022/03/18 
2022/03/21 	35.0	35.0	35.0	35.0	2000	2022/03/21 
2022/03/22 	35.04999923706055	35.04999923706055	35.0	35.0	10000	2022/03/22 
2022/03/23 	35.04999923706055	35.20000076293945	35.04999923706055	35.20000076293945	6000	2022/03/23 
2022/03/24 	35.849998474121094	35.849998474121094	35.849998474121094	35.849998474121094	1000	2022/03/24 
2022/03/25 	35.5	35.5	35.400001525878906	35.400001525878906	8000	2022/03/25 
2022/03/28 	35.29999923706055	35.29999923706055	34.900001525878906	34.95000076293945	11000	2022/03/28 
2022/03/29 	34.849998474121094	34.849998474121094	34.79999923706055	34.79999923706055	5000	2022/03/29 
2022/03/30 	35.5	35.5	35.150001525878906	35.400001525878906	8000	2022/03/30 
2022/03/31 	35.099998474121094	35.099998474121094	35.099998474121094	35.099998474121094	3000	2022/03/31 
2022/04/01 	35.849998474121094	36.0	35.20000076293945	35.20000076293945	6000	2022/04/01 
2022/04/06 	35.0	35.400001525878906	35.0	35.400001525878906	2000	2022/04/06 
2022/04/07 	35.400001525878906	35.54999923706055	35.04999923706055	35.04999923706055	21000	2022/04/07 
2022/04/08 	35.0	35.29999923706055	35.0	35.0	8000	2022/04/08 
2022/04/11 	35.0	35.0	34.95000076293945	34.95000076293945	4000	2022/04/11 
2022/04/12 	34.900001525878906	34.900001525878906	34.900001525878906	34.900001525878906	3000	2022/04/12 
2022/04/13 	34.900001525878906	35.150001525878906	34.849998474121094	35.150001525878906	10000	2022/04/13 
2022/04/14 	35.0	35.20000076293945	35.0	35.20000076293945	2000	2022/04/14 
2022/04/15 	35.25	35.25	35.25	35.25	1000	2022/04/15 
2022/04/18 	35.25	35.25	34.5	35.20000076293945	19000	2022/04/18 
2022/04/19 	35.25	35.25	35.25	35.25	2000	2022/04/19 
2022/04/20 	35.0	35.25	35.0	35.25	3000	2022/04/20 
2022/04/21 	35.0	35.0	34.900001525878906	35.0	4000	2022/04/21 
2022/04/22 	34.900001525878906	34.900001525878906	34.79999923706055	34.79999923706055	2000	2022/04/22 
2022/04/25 	34.79999923706055	34.79999923706055	34.79999923706055	34.79999923706055	3001	2022/04/25 
2022/04/26 	34.79999923706055	34.79999923706055	34.70000076293945	34.70000076293945	4000	2022/04/26 
2022/04/27 	34.5	35.599998474121094	34.5	35.599998474121094	2000	2022/04/27 
2022/04/28 	35.0	35.0	34.5	34.5	7000	2022/04/28 
2022/04/29 	34.5	34.5	34.349998474121094	34.349998474121094	3000	2022/04/29 
2022/05/03 	33.900001525878906	35.45000076293945	33.900001525878906	35.45000076293945	2000	2022/05/03 
2022/05/04 	34.20000076293945	34.20000076293945	34.150001525878906	34.150001525878906	2000	2022/05/04 
2022/05/05 	34.150001525878906	34.150001525878906	34.150001525878906	34.150001525878906	0	2022/05/05 
2022/05/06 	33.900001525878906	34.849998474121094	33.900001525878906	34.849998474121094	2000	2022/05/06 
2022/05/09 	33.900001525878906	33.900001525878906	33.5	33.5	24000	2022/05/09 
2022/05/10 	33.29999923706055	33.29999923706055	33.20000076293945	33.20000076293945	4000	2022/05/10 
2022/05/11 	33.29999923706055	34.20000076293945	32.5	32.5	10002	2022/05/11 
2022/05/12 	31.399999618530273	32.20000076293945	30.0	30.700000762939453	47083	2022/05/12 
2022/05/13 	31.0	31.100000381469727	29.899999618530273	30.0	58045	2022/05/13 
2022/05/16 	30.0	30.399999618530273	30.0	30.350000381469727	13080	2022/05/16 
2022/05/17 	29.75	30.299999237060547	29.75	30.0	9000	2022/05/17 
2022/05/18 	30.049999237060547	30.950000762939453	30.0	30.549999237060547	10120	2022/05/18 
2022/05/19 	30.899999618530273	31.0	30.899999618530273	31.0	16000	2022/05/19 
2022/05/20 	31.850000381469727	31.899999618530273	31.049999237060547	31.049999237060547	7000	2022/05/20 
2022/05/23 	31.850000381469727	31.850000381469727	31.5	31.5	7000	2022/05/23 
2022/05/24 	31.799999237060547	31.799999237060547	31.5	31.5	6000	2022/05/24 
2022/05/25 	31.549999237060547	31.549999237060547	31.5	31.5	3000	2022/05/25 
2022/05/26 	31.200000762939453	32.349998474121094	30.850000381469727	32.349998474121094	10000	2022/05/26 
2022/05/27 	32.45000076293945	32.45000076293945	32.400001525878906	32.400001525878906	3004	2022/05/27 
2022/05/30 	32.849998474121094	32.900001525878906	31.549999237060547	31.549999237060547	11000	2022/05/30 
2022/05/31 	31.700000762939453	31.700000762939453	31.700000762939453	31.700000762939453	1000	2022/05/31 
2022/06/01 	31.700000762939453	31.700000762939453	31.200000762939453	31.200000762939453	7024	2022/06/01 
2022/06/02 	32.099998474121094	32.099998474121094	32.099998474121094	32.099998474121094	1000	2022/06/02 
2022/06/06 	31.25	31.25	31.200000762939453	31.200000762939453	6000	2022/06/06 
2022/06/07 	31.100000381469727	31.100000381469727	31.100000381469727	31.100000381469727	4000	2022/06/07 
2022/06/08 	31.200000762939453	31.200000762939453	31.049999237060547	31.049999237060547	6000	2022/06/08 
2022/06/09 	31.049999237060547	31.049999237060547	30.100000381469727	30.350000381469727	31000	2022/06/09 
2022/06/10 	30.149999618530273	30.950000762939453	30.149999618530273	30.950000762939453	14000	2022/06/10 
2022/06/13 	30.950000762939453	30.950000762939453	30.25	30.25	4000	2022/06/13 
2022/06/14 	30.25	31.100000381469727	30.100000381469727	31.100000381469727	8000	2022/06/14 
2022/06/15 	30.950000762939453	31.549999237060547	30.950000762939453	31.549999237060547	9324	2022/06/15 
2022/06/16 	31.549999237060547	31.549999237060547	31.549999237060547	31.549999237060547	0	2022/06/16 
2022/06/17 	31.450000762939453	31.450000762939453	31.450000762939453	31.450000762939453	1000	2022/06/17 
2022/06/20 	31.450000762939453	31.450000762939453	30.100000381469727	30.100000381469727	15000	2022/06/20 
2022/06/21 	30.100000381469727	30.100000381469727	30.100000381469727	30.100000381469727	2000	2022/06/21 
2022/06/22 	30.25	30.25	30.25	30.25	1000	2022/06/22 
2022/06/23 	30.299999237060547	30.299999237060547	30.299999237060547	30.299999237060547	1000	2022/06/23 
2022/06/24 	30.399999618530273	30.850000381469727	30.149999618530273	30.850000381469727	10000	2022/06/24 
2022/06/27 	31.600000381469727	31.600000381469727	30.25	30.25	11226	2022/06/27 
2022/06/28 	30.299999237060547	30.299999237060547	30.299999237060547	30.299999237060547	2000	2022/06/28 
2022/06/29 	32.349998474121094	32.349998474121094	30.299999237060547	30.700000762939453	9000	2022/06/29 
2022/06/30 	30.049999237060547	30.649999618530273	30.049999237060547	30.299999237060547	9001	2022/06/30 
2022/07/01 	31.350000381469727	31.350000381469727	31.100000381469727	31.100000381469727	12226	2022/07/01 
2022/07/04 	31.049999237060547	31.350000381469727	31.049999237060547	31.350000381469727	5000	2022/07/04 
2022/07/05 	31.5	31.5	30.399999618530273	30.399999618530273	4000	2022/07/05 
2022/07/06 	30.25	30.25	30.200000762939453	30.200000762939453	3000	2022/07/06 
2022/07/07 	30.100000381469727	31.100000381469727	30.049999237060547	31.100000381469727	6000	2022/07/07 
2022/07/08 	31.049999237060547	31.350000381469727	31.049999237060547	31.350000381469727	13000	2022/07/08 
2022/07/11 	31.350000381469727	31.350000381469727	31.299999237060547	31.299999237060547	8000	2022/07/11 
2022/07/12 	30.799999237060547	30.799999237060547	30.799999237060547	30.799999237060547	7000	2022/07/12 
2022/07/13 	31.0	31.0	30.799999237060547	30.799999237060547	6000	2022/07/13 
2022/07/14 	30.799999237060547	30.799999237060547	30.799999237060547	30.799999237060547	1000	2022/07/14 
2022/07/15 	30.799999237060547	31.0	30.799999237060547	31.0	12000	2022/07/15 
2022/07/18 	30.549999237060547	30.600000381469727	30.549999237060547	30.600000381469727	3000	2022/07/18 
2022/07/19 	31.950000762939453	32.0	31.950000762939453	32.0	7000	2022/07/19 
2022/07/20 	32.0	32.0	31.25	31.850000381469727	6000	2022/07/20 
2022/07/21 	31.950000762939453	31.950000762939453	31.200000762939453	31.5	15000	2022/07/21 
2022/07/22 	31.899999618530273	32.0	31.899999618530273	31.950000762939453	16000	2022/07/22 
2022/07/25 	32.0	32.04999923706055	32.0	32.04999923706055	3000	2022/07/25 
2022/07/26 	32.5	32.599998474121094	32.29999923706055	32.599998474121094	10000	2022/07/26 
2022/07/27 	32.79999923706055	32.79999923706055	32.79999923706055	32.79999923706055	1000	2022/07/27 
2022/07/28 	32.29999923706055	32.75	31.399999618530273	31.399999618530273	5000	2022/07/28 
2022/07/29 	32.45000076293945	32.45000076293945	31.450000762939453	31.450000762939453	2000	2022/07/29 
2022/08/01 	32.79999923706055	32.79999923706055	32.0	32.0	2000	2022/08/01 
2022/08/02 	32.0	32.0	32.0	32.0	2000	2022/08/02 
2022/08/03 	32.95000076293945	32.95000076293945	32.95000076293945	32.95000076293945	1000	2022/08/03 
2022/08/04 	32.0	32.0	32.0	32.0	1000	2022/08/04 
2022/08/05 	32.29999923706055	32.29999923706055	32.29999923706055	32.29999923706055	1000	2022/08/05 
2022/08/08 	32.099998474121094	32.099998474121094	32.099998474121094	32.099998474121094	2000	2022/08/08 
2022/08/09 	30.600000381469727	30.600000381469727	30.600000381469727	30.600000381469727	3000	2022/08/09 
2022/08/10 	30.850000381469727	30.850000381469727	30.850000381469727	30.850000381469727	1000	2022/08/10 
2022/08/11 	30.899999618530273	30.899999618530273	30.899999618530273	30.899999618530273	1000	2022/08/11 
2022/08/12 	31.0	31.0	31.0	31.0	2000	2022/08/12 
2022/08/15 	31.799999237060547	31.799999237060547	31.799999237060547	31.799999237060547	2000	2022/08/15 
2022/08/16 	31.25	31.899999618530273	31.25	31.899999618530273	2000	2022/08/16 
2022/08/17 	31.899999618530273	31.899999618530273	31.5	31.899999618530273	4000	2022/08/17 
2022/08/18 	31.899999618530273	31.899999618530273	31.899999618530273	31.899999618530273	0	2022/08/18 
2022/08/19 	31.950000762939453	31.950000762939453	31.950000762939453	31.950000762939453	1000	2022/08/19 
2022/08/22 	31.950000762939453	31.950000762939453	31.950000762939453	31.950000762939453	0	2022/08/22 
2022/08/23 	32.0	32.0	31.100000381469727	31.100000381469727	4000	2022/08/23 
2022/08/24 	31.200000762939453	32.0	31.200000762939453	31.350000381469727	5000	2022/08/24 
2022/08/25 	31.350000381469727	32.75	31.350000381469727	32.29999923706055	6000	2022/08/25 
2022/08/26 	32.54999923706055	32.95000076293945	31.950000762939453	31.950000762939453	16000	2022/08/26 
2022/08/29 	32.0	32.0	31.649999618530273	31.649999618530273	5000	2022/08/29 
2022/08/30 	31.649999618530273	32.54999923706055	31.649999618530273	32.54999923706055	11000	2022/08/30 
2022/08/31 	32.150001525878906	32.400001525878906	32.150001525878906	32.150001525878906	5142	2022/08/31 
2022/09/01 	31.799999237060547	31.799999237060547	31.549999237060547	31.600000381469727	5000	2022/09/01 
2022/09/02 	31.600000381469727	31.600000381469727	31.600000381469727	31.600000381469727	0	2022/09/02 
2022/09/05 	31.600000381469727	31.600000381469727	30.899999618530273	31.0	16000	2022/09/05 
2022/09/06 	31.0	31.5	31.0	31.0	7000	2022/09/06 
2022/09/07 	31.049999237060547	31.25	31.049999237060547	31.200000762939453	5000	2022/09/07 
2022/09/08 	31.350000381469727	31.450000762939453	31.350000381469727	31.450000762939453	2000	2022/09/08 
2022/09/12 	32.79999923706055	32.79999923706055	32.150001525878906	32.150001525878906	3142	2022/09/12 
2022/09/13 	32.0	32.20000076293945	31.850000381469727	31.899999618530273	14040	2022/09/13 
2022/09/14 	31.549999237060547	32.79999923706055	31.549999237060547	32.79999923706055	21000	2022/09/14 
2022/09/15 	33.0	35.849998474121094	33.0	34.25	64000	2022/09/15 
2022/09/16 	34.20000076293945	34.54999923706055	34.20000076293945	34.29999923706055	8000	2022/09/16 
2022/09/19 	34.349998474121094	34.349998474121094	33.400001525878906	33.54999923706055	20000	2022/09/19 
2022/09/20 	33.650001525878906	35.349998474121094	33.650001525878906	35.25	37000	2022/09/20 
2022/09/21 	35.29999923706055	35.29999923706055	33.150001525878906	33.20000076293945	28000	2022/09/21 
2022/09/22 	33.349998474121094	33.79999923706055	33.349998474121094	33.650001525878906	9000	2022/09/22 
2022/09/23 	32.900001525878906	33.29999923706055	32.599998474121094	32.650001525878906	11000	2022/09/23 
2022/09/26 	32.650001525878906	32.650001525878906	32.5	32.5	8000	2022/09/26 
2022/09/27 	32.5	32.5	32.5	32.5	3000	2022/09/27 
2022/09/28 	33.70000076293945	33.70000076293945	32.0	32.0	10000	2022/09/28 
2022/09/29 	31.399999618530273	32.099998474121094	31.399999618530273	32.099998474121094	9000	2022/09/29 
2022/09/30 	32.099998474121094	32.099998474121094	32.099998474121094	32.099998474121094	1000	2022/09/30 
2022/10/03 	32.099998474121094	32.099998474121094	32.0	32.0	2000	2022/10/03 
2022/10/04 	32.150001525878906	32.150001525878906	32.150001525878906	32.150001525878906	1000	2022/10/04 
2022/10/05 	32.04999923706055	33.400001525878906	31.799999237060547	33.400001525878906	11000	2022/10/05 
2022/10/06 	32.5	32.5	32.0	32.0	4011	2022/10/06 
2022/10/07 	32.79999923706055	32.79999923706055	32.0	32.0	3000	2022/10/07 
2022/10/11 	32.0	32.0	31.399999618530273	31.5	8000	2022/10/11 
2022/10/12 	31.0	31.399999618530273	30.200000762939453	30.5	16016	2022/10/12 
2022/10/13 	30.350000381469727	31.5	30.350000381469727	31.5	12000	2022/10/13 
2022/10/14 	31.950000762939453	32.20000076293945	31.950000762939453	32.20000076293945	2000	2022/10/14 
2022/10/17 	32.20000076293945	32.20000076293945	32.20000076293945	32.20000076293945	0	2022/10/17 
2022/10/18 	31.950000762939453	32.0	31.950000762939453	31.950000762939453	9000	2022/10/18 
2022/10/19 	31.799999237060547	31.799999237060547	31.799999237060547	31.799999237060547	2000	2022/10/19 
2022/10/20 	31.549999237060547	31.549999237060547	31.25	31.25	7000	2022/10/20 
2022/10/21 	31.950000762939453	31.950000762939453	31.950000762939453	31.950000762939453	1000	2022/10/21 
2022/10/24 	30.549999237060547	31.0	30.549999237060547	31.0	9000	2022/10/24 
2022/10/25 	31.0	31.0	31.0	31.0	13010	2022/10/25 
2022/10/26 	31.049999237060547	31.5	31.0	31.5	5000	2022/10/26 
2022/10/27 	31.5	31.5	31.5	31.5	1000	2022/10/27 
2022/10/28 	31.5	31.549999237060547	31.5	31.549999237060547	8001	2022/10/28 
2022/10/31 	31.5	31.5	31.5	31.5	4020	2022/10/31 
2022/11/01 	31.5	31.5	31.5	31.5	6000	2022/11/01 
2022/11/02 	31.5	31.5	31.5	31.5	4000	2022/11/02 
2022/11/03 	31.5	31.5	31.5	31.5	11000	2022/11/03 
2022/11/04 	31.5	31.5	31.399999618530273	31.399999618530273	7000	2022/11/04 
2022/11/07 	31.450000762939453	31.450000762939453	31.399999618530273	31.399999618530273	9000	2022/11/07 
2022/11/08 	31.399999618530273	31.399999618530273	31.399999618530273	31.399999618530273	0	2022/11/08 
2022/11/09 	31.399999618530273	31.399999618530273	31.399999618530273	31.399999618530273	3000	2022/11/09 
2022/11/10 	31.049999237060547	31.5	31.049999237060547	31.5	5000	2022/11/10 
2022/11/11 	31.600000381469727	31.899999618530273	31.5	31.899999618530273	7000	2022/11/11 
2022/11/14 	31.950000762939453	33.400001525878906	31.950000762939453	33.25	21000	2022/11/14 
2022/11/15 	34.0	34.0	33.0	33.25	9000	2022/11/15 
2022/11/16 	33.25	33.25	33.25	33.25	0	2022/11/16 
2022/11/17 	32.5	33.0	32.04999923706055	33.0	8000	2022/11/17 
2022/11/18 	33.0	33.0	33.0	33.0	0	2022/11/18 
2022/11/21 	33.0	33.0	33.0	33.0	0	2022/11/21 
2022/11/22 	32.95000076293945	32.95000076293945	32.95000076293945	32.95000076293945	1010	2022/11/22 
2022/11/23 	32.25	32.400001525878906	32.25	32.400001525878906	3000	2022/11/23 
2022/11/24 	32.29999923706055	33.79999923706055	32.29999923706055	32.849998474121094	22000	2022/11/24 
2022/11/25 	32.650001525878906	32.650001525878906	31.600000381469727	32.54999923706055	9016	2022/11/25 
2022/11/28 	32.5	32.599998474121094	32.5	32.599998474121094	2000	2022/11/28 
2022/11/29 	32.599998474121094	32.650001525878906	32.599998474121094	32.650001525878906	7000	2022/11/29 
2022/11/30 	32.650001525878906	32.650001525878906	32.650001525878906	32.650001525878906	5000	2022/11/30 
2022/12/01 	32.650001525878906	32.900001525878906	32.150001525878906	32.900001525878906	8000	2022/12/01 
2022/12/02 	33.599998474121094	33.599998474121094	32.900001525878906	33.25	11000	2022/12/02 
2022/12/05 	33.29999923706055	33.29999923706055	33.29999923706055	33.29999923706055	7000	2022/12/05 
2022/12/06 	33.29999923706055	33.29999923706055	33.150001525878906	33.150001525878906	3030	2022/12/06 
2022/12/07 	33.29999923706055	33.349998474121094	33.29999923706055	33.29999923706055	3000	2022/12/07 
2022/12/08 	33.29999923706055	33.29999923706055	33.29999923706055	33.29999923706055	1000	2022/12/08 
2022/12/09 	33.29999923706055	33.54999923706055	33.29999923706055	33.54999923706055	2000	2022/12/09 
2022/12/12 	35.5	36.45000076293945	34.79999923706055	34.79999923706055	78000	2022/12/12 
2022/12/13 	34.95000076293945	35.599998474121094	34.70000076293945	34.70000076293945	25005	2022/12/13 
2022/12/14 	35.599998474121094	35.599998474121094	34.95000076293945	35.599998474121094	27000	2022/12/14 
2022/12/15 	35.04999923706055	35.79999923706055	34.900001525878906	35.650001525878906	19050	2022/12/15 
2022/12/16 	35.54999923706055	35.599998474121094	35.099998474121094	35.099998474121094	5000	2022/12/16 
2022/12/19 	35.54999923706055	35.54999923706055	35.099998474121094	35.099998474121094	2000	2022/12/19 
2022/12/20 	35.70000076293945	35.70000076293945	35.099998474121094	35.599998474121094	5000	2022/12/20 
2022/12/21 	34.5	35.599998474121094	34.5	35.599998474121094	3000	2022/12/21 
2022/12/22 	34.900001525878906	35.54999923706055	34.900001525878906	35.54999923706055	2000	2022/12/22 
2022/12/23 	35.54999923706055	35.54999923706055	35.54999923706055	35.54999923706055	1000	2022/12/23 
2022/12/26 	35.54999923706055	35.54999923706055	34.5	35.349998474121094	8020	2022/12/26 
2022/12/27 	35.400001525878906	35.400001525878906	35.400001525878906	35.400001525878906	1000	2022/12/27 
2022/12/28 	35.400001525878906	35.400001525878906	35.400001525878906	35.400001525878906	1000	2022/12/28 
2022/12/29 	34.099998474121094	35.599998474121094	34.099998474121094	35.599998474121094	9000	2022/12/29 
2022/12/30 	36.099998474121094	36.099998474121094	35.29999923706055	35.75	15000	2022/12/30 
2023/01/03 	35.70000076293945	35.70000076293945	35.70000076293945	35.70000076293945	7000	2023/01/03 
2023/01/04 	34.5	35.0	34.29999923706055	35.0	15000	2023/01/04 
2023/01/05 	36.150001525878906	36.150001525878906	34.599998474121094	35.5	15000	2023/01/05 
2023/01/06 	34.45000076293945	34.650001525878906	33.5	34.04999923706055	24000	2023/01/06 
2023/01/09 	34.54999923706055	34.599998474121094	33.849998474121094	34.150001525878906	20000	2023/01/09 
2023/01/10 	34.150001525878906	34.150001525878906	34.150001525878906	34.150001525878906	3000	2023/01/10 
2023/01/11 	34.20000076293945	34.349998474121094	33.29999923706055	34.349998474121094	6000	2023/01/11 
2023/01/12 	34.099998474121094	34.25	33.70000076293945	34.25	14000	2023/01/12 
2023/01/13 	33.650001525878906	34.5	33.650001525878906	34.45000076293945	13000	2023/01/13 
2023/01/16 	34.150001525878906	34.349998474121094	34.150001525878906	34.349998474121094	2000	2023/01/16 
2023/01/17 	34.900001525878906	34.900001525878906	33.650001525878906	34.79999923706055	7000	2023/01/17 
2023/01/30 	34.79999923706055	35.400001525878906	34.79999923706055	35.400001525878906	2000	2023/01/30 
2023/01/31 	35.349998474121094	35.349998474121094	34.29999923706055	35.20000076293945	6000	2023/01/31 
2023/02/02 	35.5	35.5	35.0	35.400001525878906	14000	2023/02/02 
2023/02/03 	35.0	35.0	34.75	34.75	6000	2023/02/03 
