Date	Open	High	Low	Close	Volume	Date
2022/01/20 	52.900001525878906	53.70000076293945	50.400001525878906	50.79999923706055	1973330	2022/01/20 
2022/01/21 	50.0	50.400001525878906	47.29999923706055	47.650001525878906	1704590	2022/01/21 
2022/01/24 	47.75	49.04999923706055	45.79999923706055	48.900001525878906	1027000	2022/01/24 
2022/01/25 	48.849998474121094	48.849998474121094	46.400001525878906	47.0	713200	2022/01/25 
2022/01/26 	47.349998474121094	47.45000076293945	45.599998474121094	45.79999923706055	1062520	2022/01/26 
2022/02/07 	46.29999923706055	46.599998474121094	45.5	46.400001525878906	391000	2022/02/07 
2022/02/08 	46.400001525878906	46.599998474121094	45.849998474121094	45.95000076293945	289400	2022/02/08 
2022/02/09 	45.95000076293945	46.29999923706055	44.95000076293945	45.79999923706055	526300	2022/02/09 
2022/02/10 	46.0	46.400001525878906	45.400001525878906	45.70000076293945	346868	2022/02/10 
2022/02/11 	45.70000076293945	45.70000076293945	44.900001525878906	45.0	338200	2022/02/11 
2022/02/14 	44.5	44.5	43.70000076293945	43.70000076293945	367629	2022/02/14 
2022/02/15 	44.0	44.75	44.0	44.099998474121094	165101	2022/02/15 
2022/02/16 	44.5	44.75	43.95000076293945	44.0	254326	2022/02/16 
2022/02/17 	44.150001525878906	44.349998474121094	43.54999923706055	43.650001525878906	242510	2022/02/17 
2022/02/18 	43.650001525878906	43.95000076293945	43.04999923706055	43.599998474121094	226349	2022/02/18 
2022/02/21 	43.400001525878906	43.400001525878906	43.0	43.29999923706055	248076	2022/02/21 
2022/02/22 	43.20000076293945	43.5	42.599998474121094	42.79999923706055	279744	2022/02/22 
2022/02/23 	42.79999923706055	43.04999923706055	42.70000076293945	42.849998474121094	170000	2022/02/23 
2022/02/24 	42.70000076293945	42.900001525878906	41.54999923706055	41.75	304508	2022/02/24 
2022/02/25 	41.75	42.150001525878906	41.70000076293945	42.150001525878906	118000	2022/02/25 
2022/03/01 	42.45000076293945	42.54999923706055	41.70000076293945	41.95000076293945	115300	2022/03/01 
2022/03/02 	42.29999923706055	42.29999923706055	41.75	42.099998474121094	97000	2022/03/02 
2022/03/03 	42.099998474121094	42.349998474121094	41.849998474121094	41.95000076293945	93200	2022/03/03 
2022/03/04 	41.95000076293945	45.599998474121094	41.95000076293945	44.04999923706055	551280	2022/03/04 
2022/03/07 	43.95000076293945	43.95000076293945	42.099998474121094	42.349998474121094	187736	2022/03/07 
2022/03/08 	42.349998474121094	42.349998474121094	41.0	41.20000076293945	123500	2022/03/08 
2022/03/09 	42.0	45.29999923706055	42.0	45.29999923706055	1302100	2022/03/09 
2022/03/10 	44.650001525878906	45.29999923706055	43.349998474121094	43.95000076293945	738375	2022/03/10 
2022/03/11 	43.5	44.400001525878906	42.400001525878906	43.70000076293945	386008	2022/03/11 
2022/03/14 	44.0	44.5	43.25	43.25	216200	2022/03/14 
2022/03/15 	43.0	43.0	41.75	41.849998474121094	254016	2022/03/15 
2022/03/16 	42.099998474121094	42.25	41.849998474121094	41.900001525878906	113001	2022/03/16 
2022/03/17 	42.54999923706055	43.400001525878906	42.54999923706055	43.0	198010	2022/03/17 
2022/03/18 	43.25	43.25	42.5	42.900001525878906	84139	2022/03/18 
2022/03/21 	43.099998474121094	43.5	42.900001525878906	42.95000076293945	67001	2022/03/21 
2022/03/22 	43.25	43.25	42.70000076293945	42.79999923706055	167067	2022/03/22 
2022/03/23 	43.099998474121094	43.099998474121094	42.75	43.0	149007	2022/03/23 
2022/03/24 	43.0	43.25	42.70000076293945	43.0	115021	2022/03/24 
2022/03/25 	43.04999923706055	43.29999923706055	42.849998474121094	42.849998474121094	150112	2022/03/25 
2022/03/28 	42.79999923706055	42.95000076293945	42.099998474121094	42.70000076293945	113001	2022/03/28 
2022/03/29 	42.54999923706055	42.900001525878906	42.54999923706055	42.70000076293945	96003	2022/03/29 
2022/03/30 	42.849998474121094	44.29999923706055	42.75	43.5	129067	2022/03/30 
2022/03/31 	43.5	43.5	42.849998474121094	42.95000076293945	72296	2022/03/31 
2022/04/01 	42.900001525878906	43.04999923706055	42.79999923706055	42.95000076293945	103000	2022/04/01 
2022/04/06 	43.0	43.0	42.29999923706055	42.75	79101	2022/04/06 
2022/04/07 	42.29999923706055	42.599998474121094	41.95000076293945	42.20000076293945	147500	2022/04/07 
2022/04/08 	41.79999923706055	42.29999923706055	41.650001525878906	41.79999923706055	170012	2022/04/08 
2022/04/11 	41.79999923706055	41.79999923706055	40.20000076293945	40.29999923706055	240225	2022/04/11 
2022/04/12 	40.29999923706055	40.29999923706055	37.0	39.099998474121094	631300	2022/04/12 
2022/04/13 	39.0	39.20000076293945	37.29999923706055	38.400001525878906	381000	2022/04/13 
2022/04/14 	38.400001525878906	38.79999923706055	38.400001525878906	38.5	107000	2022/04/14 
2022/04/15 	38.5	38.5	37.79999923706055	38.20000076293945	97000	2022/04/15 
2022/04/18 	37.599998474121094	38.099998474121094	37.599998474121094	37.79999923706055	102035	2022/04/18 
2022/04/19 	38.0	38.0	37.54999923706055	37.900001525878906	111000	2022/04/19 
2022/04/20 	38.20000076293945	38.20000076293945	37.75	37.75	82000	2022/04/20 
2022/04/21 	38.0	38.0	37.70000076293945	37.75	54000	2022/04/21 
2022/04/22 	37.29999923706055	38.0	37.29999923706055	37.599998474121094	92000	2022/04/22 
2022/04/25 	37.5	37.5	36.70000076293945	36.849998474121094	66118	2022/04/25 
2022/04/26 	36.79999923706055	36.79999923706055	36.400001525878906	36.5	88000	2022/04/26 
2022/04/27 	36.0	36.0	35.0	35.95000076293945	143100	2022/04/27 
2022/04/28 	35.95000076293945	36.5	35.900001525878906	36.04999923706055	35000	2022/04/28 
2022/04/29 	36.150001525878906	37.0	36.150001525878906	36.150001525878906	38041	2022/04/29 
2022/05/03 	36.20000076293945	36.349998474121094	36.20000076293945	36.25	16000	2022/05/03 
2022/05/04 	36.29999923706055	36.54999923706055	36.04999923706055	36.54999923706055	46055	2022/05/04 
2022/05/05 	36.79999923706055	38.04999923706055	36.79999923706055	37.150001525878906	98054	2022/05/05 
2022/05/06 	36.650001525878906	37.599998474121094	36.45000076293945	37.29999923706055	63100	2022/05/06 
2022/05/09 	36.5	36.900001525878906	35.849998474121094	36.099998474121094	97043	2022/05/09 
2022/05/10 	35.79999923706055	36.0	35.20000076293945	35.849998474121094	81100	2022/05/10 
2022/05/11 	36.0	36.04999923706055	35.75	35.79999923706055	23000	2022/05/11 
2022/05/12 	35.79999923706055	35.79999923706055	35.099998474121094	35.099998474121094	65000	2022/05/12 
2022/05/13 	35.25	36.150001525878906	35.20000076293945	36.150001525878906	114000	2022/05/13 
2022/05/16 	36.29999923706055	36.29999923706055	35.5	35.54999923706055	37062	2022/05/16 
2022/05/17 	35.79999923706055	35.95000076293945	35.54999923706055	35.900001525878906	79056	2022/05/17 
2022/05/18 	35.900001525878906	36.400001525878906	35.75	36.20000076293945	63344	2022/05/18 
2022/05/19 	35.75	36.0	35.650001525878906	35.79999923706055	45111	2022/05/19 
2022/05/20 	35.79999923706055	36.099998474121094	35.650001525878906	35.79999923706055	62120	2022/05/20 
2022/05/23 	35.79999923706055	36.099998474121094	35.79999923706055	36.099998474121094	17025	2022/05/23 
2022/05/24 	35.900001525878906	35.900001525878906	35.75	35.75	42000	2022/05/24 
2022/05/25 	35.70000076293945	35.95000076293945	35.650001525878906	35.95000076293945	21000	2022/05/25 
2022/05/26 	36.150001525878906	36.29999923706055	35.900001525878906	36.0	52030	2022/05/26 
2022/05/27 	36.20000076293945	36.29999923706055	35.95000076293945	36.0	78000	2022/05/27 
2022/05/30 	36.20000076293945	36.599998474121094	36.04999923706055	36.5	122000	2022/05/30 
2022/05/31 	36.400001525878906	36.400001525878906	36.04999923706055	36.099998474121094	15000	2022/05/31 
2022/06/01 	36.150001525878906	37.349998474121094	36.150001525878906	37.20000076293945	116000	2022/06/01 
2022/06/02 	37.099998474121094	37.099998474121094	36.70000076293945	37.099998474121094	55053	2022/06/02 
2022/06/06 	36.79999923706055	36.95000076293945	36.75	36.95000076293945	25030	2022/06/06 
2022/06/07 	36.75	36.75	36.25	36.599998474121094	113030	2022/06/07 
2022/06/08 	36.900001525878906	36.900001525878906	36.5	36.5	8000	2022/06/08 
2022/06/09 	36.349998474121094	36.5	36.349998474121094	36.45000076293945	42030	2022/06/09 
2022/06/10 	36.29999923706055	36.400001525878906	36.150001525878906	36.25	62000	2022/06/10 
2022/06/13 	36.150001525878906	36.150001525878906	35.29999923706055	35.5	96100	2022/06/13 
2022/06/14 	35.349998474121094	35.900001525878906	34.599998474121094	35.25	71080	2022/06/14 
2022/06/15 	35.099998474121094	35.79999923706055	34.70000076293945	35.150001525878906	110655	2022/06/15 
2022/06/16 	35.5	35.5	35.0	35.0	37000	2022/06/16 
2022/06/17 	34.599998474121094	35.150001525878906	34.20000076293945	34.75	92058	2022/06/17 
2022/06/20 	34.45000076293945	34.75	34.45000076293945	34.5	29071	2022/06/20 
2022/06/21 	34.849998474121094	35.650001525878906	34.5	35.650001525878906	99000	2022/06/21 
2022/06/22 	36.29999923706055	36.5	35.04999923706055	35.45000076293945	144056	2022/06/22 
2022/06/23 	35.099998474121094	35.900001525878906	34.20000076293945	35.5	555042	2022/06/23 
2022/06/24 	32.5	32.900001525878906	32.150001525878906	32.75	86000	2022/06/24 
2022/06/27 	32.150001525878906	32.849998474121094	32.150001525878906	32.79999923706055	39000	2022/06/27 
2022/06/28 	32.75	33.599998474121094	32.75	33.349998474121094	58001	2022/06/28 
2022/06/29 	32.70000076293945	32.79999923706055	32.5	32.5	21000	2022/06/29 
2022/06/30 	32.5	32.5	31.100000381469727	31.299999237060547	55033	2022/06/30 
2022/07/01 	31.299999237060547	31.299999237060547	29.649999618530273	29.850000381469727	124000	2022/07/01 
2022/07/04 	29.0	30.649999618530273	28.600000381469727	29.299999237060547	65097	2022/07/04 
2022/07/05 	29.950000762939453	29.950000762939453	29.149999618530273	29.149999618530273	14000	2022/07/05 
2022/07/06 	29.149999618530273	29.299999237060547	28.950000762939453	29.049999237060547	33150	2022/07/06 
2022/07/07 	28.600000381469727	29.0	27.799999237060547	28.100000381469727	59000	2022/07/07 
2022/07/08 	28.399999618530273	28.399999618530273	27.149999618530273	27.5	150018	2022/07/08 
2022/07/11 	28.299999237060547	28.299999237060547	26.5	26.75	116000	2022/07/11 
2022/07/12 	25.649999618530273	27.0	25.649999618530273	25.850000381469727	153000	2022/07/12 
2022/07/13 	27.350000381469727	27.350000381469727	25.950000762939453	25.950000762939453	49010	2022/07/13 
2022/07/14 	26.0	27.0	26.0	27.0	53000	2022/07/14 
2022/07/15 	27.0	27.600000381469727	26.899999618530273	27.299999237060547	51014	2022/07/15 
2022/07/18 	27.0	28.649999618530273	27.0	28.399999618530273	53054	2022/07/18 
2022/07/19 	28.399999618530273	28.899999618530273	28.299999237060547	28.399999618530273	39000	2022/07/19 
2022/07/20 	28.299999237060547	29.0	27.5	28.0	47000	2022/07/20 
2022/07/21 	28.5	28.700000762939453	28.0	28.600000381469727	36000	2022/07/21 
2022/07/22 	29.0	29.0	28.100000381469727	28.899999618530273	23000	2022/07/22 
2022/07/25 	28.950000762939453	28.950000762939453	28.200000762939453	28.850000381469727	14000	2022/07/25 
2022/07/26 	29.299999237060547	29.700000762939453	28.899999618530273	28.899999618530273	91000	2022/07/26 
2022/07/27 	29.299999237060547	29.299999237060547	28.700000762939453	29.049999237060547	44000	2022/07/27 
2022/07/28 	29.25	29.25	28.850000381469727	29.049999237060547	39000	2022/07/28 
2022/07/29 	29.25	29.299999237060547	28.799999237060547	28.799999237060547	42000	2022/07/29 
2022/08/01 	28.799999237060547	28.799999237060547	28.450000762939453	28.450000762939453	24053	2022/08/01 
2022/08/02 	28.049999237060547	28.049999237060547	27.5	27.5	54000	2022/08/02 
2022/08/03 	27.649999618530273	28.0	27.350000381469727	27.450000762939453	37000	2022/08/03 
2022/08/04 	27.600000381469727	27.649999618530273	26.450000762939453	27.25	58000	2022/08/04 
2022/08/05 	26.899999618530273	28.100000381469727	26.899999618530273	28.0	38000	2022/08/05 
2022/08/08 	28.0	28.0	27.600000381469727	27.899999618530273	20000	2022/08/08 
2022/08/09 	27.799999237060547	28.0	27.450000762939453	27.799999237060547	20000	2022/08/09 
2022/08/10 	27.700000762939453	28.399999618530273	27.5	27.899999618530273	62000	2022/08/10 
2022/08/11 	28.100000381469727	28.149999618530273	27.899999618530273	28.049999237060547	39000	2022/08/11 
2022/08/12 	28.049999237060547	28.600000381469727	28.0	28.450000762939453	79243	2022/08/12 
2022/08/15 	28.649999618530273	28.700000762939453	28.25	28.600000381469727	37053	2022/08/15 
2022/08/16 	28.200000762939453	28.549999237060547	28.200000762939453	28.5	39050	2022/08/16 
2022/08/17 	28.5	29.0	28.350000381469727	28.899999618530273	72000	2022/08/17 
2022/08/18 	29.100000381469727	29.100000381469727	28.549999237060547	28.850000381469727	34400	2022/08/18 
2022/08/19 	28.700000762939453	28.899999618530273	28.600000381469727	28.600000381469727	80000	2022/08/19 
2022/08/22 	28.600000381469727	28.600000381469727	28.549999237060547	28.549999237060547	10000	2022/08/22 
2022/08/23 	28.600000381469727	28.600000381469727	28.25	28.399999618530273	35000	2022/08/23 
2022/08/24 	28.450000762939453	28.450000762939453	28.049999237060547	28.049999237060547	49000	2022/08/24 
2022/08/25 	27.850000381469727	28.399999618530273	27.850000381469727	28.049999237060547	46000	2022/08/25 
2022/08/26 	28.200000762939453	28.399999618530273	28.0	28.0	34000	2022/08/26 
2022/08/29 	27.950000762939453	27.950000762939453	27.299999237060547	27.299999237060547	79000	2022/08/29 
2022/08/30 	27.700000762939453	27.799999237060547	27.350000381469727	27.649999618530273	45000	2022/08/30 
2022/08/31 	27.899999618530273	27.899999618530273	27.600000381469727	27.850000381469727	47000	2022/08/31 
2022/09/01 	28.049999237060547	28.049999237060547	27.700000762939453	27.799999237060547	36000	2022/09/01 
2022/09/02 	27.850000381469727	28.399999618530273	27.799999237060547	28.200000762939453	108000	2022/09/02 
2022/09/05 	27.950000762939453	28.25	27.75	28.100000381469727	31000	2022/09/05 
2022/09/06 	28.0	28.399999618530273	27.850000381469727	27.850000381469727	51030	2022/09/06 
2022/09/07 	27.5	27.799999237060547	27.299999237060547	27.799999237060547	50000	2022/09/07 
2022/09/08 	28.299999237060547	28.299999237060547	27.649999618530273	28.0	24000	2022/09/08 
2022/09/12 	28.0	28.649999618530273	27.649999618530273	28.0	35000	2022/09/12 
2022/09/13 	28.100000381469727	28.100000381469727	27.649999618530273	27.799999237060547	52030	2022/09/13 
2022/09/14 	27.600000381469727	27.950000762939453	27.5	27.649999618530273	48055	2022/09/14 
2022/09/15 	27.600000381469727	27.799999237060547	27.600000381469727	27.75	33000	2022/09/15 
2022/09/16 	27.5	27.75	27.5	27.700000762939453	12030	2022/09/16 
2022/09/19 	27.700000762939453	27.700000762939453	27.200000762939453	27.200000762939453	19053	2022/09/19 
2022/09/20 	27.700000762939453	27.700000762939453	27.200000762939453	27.200000762939453	28020	2022/09/20 
2022/09/21 	27.200000762939453	27.350000381469727	27.049999237060547	27.100000381469727	15000	2022/09/21 
2022/09/22 	27.0	27.0	26.600000381469727	26.600000381469727	59000	2022/09/22 
2022/09/23 	26.600000381469727	26.600000381469727	26.25	26.600000381469727	15000	2022/09/23 
2022/09/26 	26.5	26.5	24.799999237060547	25.100000381469727	88030	2022/09/26 
2022/09/27 	24.700000762939453	25.450000762939453	24.700000762939453	25.100000381469727	77000	2022/09/27 
2022/09/28 	25.0	25.0	23.899999618530273	24.299999237060547	113000	2022/09/28 
2022/09/29 	24.5	24.899999618530273	23.600000381469727	24.25	73050	2022/09/29 
2022/09/30 	23.549999237060547	24.450000762939453	23.5	24.450000762939453	35010	2022/09/30 
2022/10/03 	24.700000762939453	24.700000762939453	23.600000381469727	24.149999618530273	46000	2022/10/03 
2022/10/04 	24.25	24.600000381469727	23.799999237060547	24.450000762939453	64030	2022/10/04 
2022/10/05 	24.399999618530273	25.100000381469727	24.200000762939453	24.399999618530273	46000	2022/10/05 
2022/10/06 	24.200000762939453	24.200000762939453	24.100000381469727	24.200000762939453	25000	2022/10/06 
2022/10/07 	24.100000381469727	24.5	24.100000381469727	24.299999237060547	9000	2022/10/07 
2022/10/11 	24.299999237060547	24.299999237060547	23.600000381469727	23.799999237060547	8000	2022/10/11 
2022/10/12 	23.850000381469727	23.850000381469727	23.5	23.5	28000	2022/10/12 
2022/10/13 	23.399999618530273	23.399999618530273	21.149999618530273	22.899999618530273	146000	2022/10/13 
2022/10/14 	22.799999237060547	23.25	22.799999237060547	22.850000381469727	32000	2022/10/14 
2022/10/17 	22.75	22.75	22.25	22.649999618530273	55000	2022/10/17 
2022/10/18 	22.549999237060547	22.600000381469727	21.899999618530273	22.5	106000	2022/10/18 
2022/10/19 	22.100000381469727	22.350000381469727	22.0	22.350000381469727	46025	2022/10/19 
2022/10/20 	23.149999618530273	23.149999618530273	21.899999618530273	22.299999237060547	81000	2022/10/20 
2022/10/21 	22.0	22.299999237060547	21.799999237060547	22.299999237060547	50000	2022/10/21 
2022/10/24 	22.899999618530273	22.899999618530273	21.75	21.75	56600	2022/10/24 
2022/10/25 	22.049999237060547	22.049999237060547	21.0	22.049999237060547	86014	2022/10/25 
2022/10/26 	21.399999618530273	22.0	21.049999237060547	22.0	91000	2022/10/26 
2022/10/27 	22.0	22.0	21.5	21.600000381469727	77000	2022/10/27 
2022/10/28 	21.600000381469727	21.75	21.200000762939453	21.75	39001	2022/10/28 
2022/10/31 	21.75	21.899999618530273	21.649999618530273	21.75	26070	2022/10/31 
2022/11/01 	21.649999618530273	21.950000762939453	21.600000381469727	21.850000381469727	28000	2022/11/01 
2022/11/02 	21.75	22.0	21.700000762939453	21.799999237060547	42025	2022/11/02 
2022/11/03 	21.799999237060547	21.799999237060547	21.600000381469727	21.700000762939453	19000	2022/11/03 
2022/11/04 	21.600000381469727	22.25	21.600000381469727	22.25	45000	2022/11/04 
2022/11/07 	22.299999237060547	22.600000381469727	22.0	22.600000381469727	49069	2022/11/07 
2022/11/08 	22.600000381469727	23.100000381469727	22.600000381469727	23.0	84066	2022/11/08 
2022/11/09 	22.950000762939453	23.0	22.850000381469727	22.950000762939453	30000	2022/11/09 
2022/11/10 	22.799999237060547	22.799999237060547	22.200000762939453	22.799999237060547	21025	2022/11/10 
2022/11/11 	23.600000381469727	23.600000381469727	22.850000381469727	23.100000381469727	41000	2022/11/11 
2022/11/14 	23.049999237060547	23.899999618530273	23.0	23.700000762939453	59000	2022/11/14 
2022/11/15 	23.700000762939453	23.700000762939453	23.25	23.600000381469727	30040	2022/11/15 
2022/11/16 	23.399999618530273	23.549999237060547	23.299999237060547	23.549999237060547	44130	2022/11/16 
2022/11/17 	23.600000381469727	23.75	23.549999237060547	23.75	106000	2022/11/17 
2022/11/18 	23.799999237060547	23.850000381469727	23.5	23.649999618530273	30040	2022/11/18 
2022/11/21 	23.5	23.549999237060547	23.350000381469727	23.549999237060547	20040	2022/11/21 
2022/11/22 	23.299999237060547	23.399999618530273	23.200000762939453	23.399999618530273	13066	2022/11/22 
2022/11/23 	23.25	23.549999237060547	23.25	23.450000762939453	34000	2022/11/23 
2022/11/24 	23.799999237060547	23.799999237060547	23.5	23.700000762939453	62000	2022/11/24 
2022/11/25 	23.649999618530273	23.75	23.5	23.700000762939453	52040	2022/11/25 
2022/11/28 	23.700000762939453	24.0	23.700000762939453	23.899999618530273	54000	2022/11/28 
2022/11/29 	23.899999618530273	24.399999618530273	23.75	24.399999618530273	148000	2022/11/29 
2022/11/30 	24.600000381469727	24.700000762939453	24.100000381469727	24.700000762939453	112000	2022/11/30 
2022/12/01 	25.0	25.350000381469727	24.700000762939453	25.149999618530273	66000	2022/12/01 
2022/12/02 	24.899999618530273	25.600000381469727	24.899999618530273	25.549999237060547	43000	2022/12/02 
2022/12/05 	25.549999237060547	27.700000762939453	25.549999237060547	27.700000762939453	114016	2022/12/05 
2022/12/06 	27.700000762939453	28.100000381469727	27.0	27.5	196002	2022/12/06 
2022/12/07 	27.649999618530273	27.649999618530273	27.100000381469727	27.450000762939453	91097	2022/12/07 
2022/12/08 	27.149999618530273	27.450000762939453	26.799999237060547	27.450000762939453	29000	2022/12/08 
2022/12/09 	27.399999618530273	27.5	27.399999618530273	27.5	19055	2022/12/09 
2022/12/12 	27.149999618530273	27.600000381469727	26.149999618530273	27.049999237060547	956030	2022/12/12 
2022/12/13 	26.600000381469727	27.200000762939453	26.600000381469727	27.200000762939453	36066	2022/12/13 
2022/12/14 	27.0	27.5	27.0	27.5	21000	2022/12/14 
2022/12/15 	27.350000381469727	27.5	27.299999237060547	27.5	37000	2022/12/15 
2022/12/16 	27.0	27.25	27.0	27.0	41000	2022/12/16 
2022/12/19 	26.600000381469727	26.75	26.5	26.649999618530273	34030	2022/12/19 
2022/12/20 	27.0	27.0	26.200000762939453	26.5	49000	2022/12/20 
2022/12/21 	26.5	27.5	26.450000762939453	26.950000762939453	1422105	2022/12/21 
2022/12/22 	27.5	27.75	27.0	27.399999618530273	85000	2022/12/22 
2022/12/23 	27.399999618530273	27.399999618530273	27.0	27.350000381469727	36105	2022/12/23 
2022/12/26 	27.100000381469727	27.100000381469727	26.700000762939453	27.0	32081	2022/12/26 
2022/12/27 	27.0	27.100000381469727	26.899999618530273	27.0	10030	2022/12/27 
2022/12/28 	26.700000762939453	26.75	26.450000762939453	26.450000762939453	20040	2022/12/28 
2022/12/29 	26.100000381469727	26.100000381469727	26.0	26.100000381469727	63000	2022/12/29 
2022/12/30 	26.100000381469727	26.5	26.0	26.5	33000	2022/12/30 
2023/01/03 	26.799999237060547	26.950000762939453	26.799999237060547	26.950000762939453	10000	2023/01/03 
2023/01/04 	26.5	26.899999618530273	26.5	26.899999618530273	18056	2023/01/04 
2023/01/05 	27.0	27.0	26.75	26.950000762939453	6000	2023/01/05 
2023/01/06 	26.899999618530273	26.950000762939453	26.200000762939453	26.700000762939453	59550	2023/01/06 
2023/01/09 	26.5	27.100000381469727	26.5	26.899999618530273	23000	2023/01/09 
2023/01/10 	26.75	26.850000381469727	26.600000381469727	26.850000381469727	24030	2023/01/10 
2023/01/11 	26.75	27.049999237060547	26.600000381469727	27.049999237060547	11000	2023/01/11 
2023/01/12 	27.049999237060547	27.049999237060547	26.700000762939453	26.950000762939453	15044	2023/01/12 
2023/01/13 	26.899999618530273	27.600000381469727	26.899999618530273	27.0	75000	2023/01/13 
2023/01/16 	27.0	27.299999237060547	27.0	27.200000762939453	14030	2023/01/16 
2023/01/17 	27.200000762939453	27.399999618530273	27.200000762939453	27.200000762939453	25018	2023/01/17 
2023/01/30 	27.25	27.450000762939453	27.25	27.299999237060547	27000	2023/01/30 
2023/01/31 	27.100000381469727	27.25	27.049999237060547	27.25	16001	2023/01/31 
2023/02/01 	27.600000381469727	27.600000381469727	27.100000381469727	27.399999618530273	26000	2023/02/01 
2023/02/02 	27.399999618530273	27.399999618530273	27.049999237060547	27.399999618530273	48030	2023/02/02 
2023/02/03 	27.5	27.5	27.299999237060547	27.399999618530273	18000	2023/02/03 
2023/02/06 	27.049999237060547	27.5	27.049999237060547	27.5	11000	2023/02/06 
2023/02/07 	27.5	27.5	27.350000381469727	27.450000762939453	8890	2023/02/07 
2023/02/08 	27.5	27.5	27.25	27.450000762939453	72030	2023/02/08 
2023/02/09 	27.5	27.600000381469727	27.399999618530273	27.600000381469727	27000	2023/02/09 
2023/02/10 	27.5	27.549999237060547	27.299999237060547	27.299999237060547	59045	2023/02/10 
2023/02/13 	27.299999237060547	27.299999237060547	27.049999237060547	27.049999237060547	24000	2023/02/13 
2023/02/14 	27.100000381469727	27.100000381469727	26.950000762939453	27.0	29030	2023/02/14 
2023/02/15 	27.0	27.0	26.899999618530273	27.0	22000	2023/02/15 
2023/02/16 	27.100000381469727	27.649999618530273	27.0	27.649999618530273	160073	2023/02/16 
2023/02/17 	27.5	27.75	27.5	27.700000762939453	57030	2023/02/17 
2023/02/20 	29.950000762939453	30.450000762939453	28.850000381469727	30.450000762939453	733110	2023/02/20 
2023/02/21 	33.45000076293945	33.45000076293945	31.0	31.350000381469727	2898010	2023/02/21 
2023/02/22 	30.549999237060547	32.5	30.549999237060547	31.75	541057	2023/02/22 
2023/02/23 	31.899999618530273	31.899999618530273	31.299999237060547	31.600000381469727	149047	2023/02/23 
2023/02/24 	31.700000762939453	31.700000762939453	30.950000762939453	31.149999618530273	164000	2023/02/24 
2023/03/01 	31.0	31.0	30.0	30.649999618530273	184005	2023/03/01 
2023/03/02 	30.350000381469727	30.549999237060547	30.200000762939453	30.350000381469727	87000	2023/03/02 
2023/03/03 	30.350000381469727	31.350000381469727	30.350000381469727	30.75	77000	2023/03/03 
2023/03/06 	31.649999618530273	31.649999618530273	30.700000762939453	31.0	109001	2023/03/06 
2023/03/07 	31.0	31.0	30.299999237060547	30.399999618530273	83000	2023/03/07 
2023/03/08 	30.350000381469727	30.649999618530273	30.200000762939453	30.649999618530273	72001	2023/03/08 
2023/03/09 	31.899999618530273	33.25	31.600000381469727	32.099998474121094	655000	2023/03/09 
2023/03/10 	32.45000076293945	32.45000076293945	29.850000381469727	30.649999618530273	313000	2023/03/10 
2023/03/13 	30.299999237060547	31.049999237060547	30.299999237060547	30.700000762939453	83066	2023/03/13 
2023/03/14 	30.100000381469727	30.799999237060547	30.100000381469727	30.549999237060547	103093	2023/03/14 
2023/03/15 	30.600000381469727	30.600000381469727	30.25	30.600000381469727	84000	2023/03/15 
2023/03/16 	30.200000762939453	30.600000381469727	30.100000381469727	30.100000381469727	128000	2023/03/16 
2023/03/17 	30.149999618530273	30.5	30.100000381469727	30.5	47000	2023/03/17 
2023/03/20 	30.299999237060547	30.549999237060547	30.299999237060547	30.549999237060547	19000	2023/03/20 
2023/03/21 	30.649999618530273	31.700000762939453	30.649999618530273	31.25	99000	2023/03/21 
2023/03/22 	31.700000762939453	31.700000762939453	31.149999618530273	31.450000762939453	56000	2023/03/22 
2023/03/23 	31.450000762939453	33.0	31.450000762939453	32.20000076293945	364047	2023/03/23 
2023/03/24 	32.400001525878906	32.79999923706055	32.150001525878906	32.5	297047	2023/03/24 
2023/03/27 	33.45000076293945	33.95000076293945	32.400001525878906	32.45000076293945	416094	2023/03/27 
2023/03/28 	32.150001525878906	32.29999923706055	31.5	32.099998474121094	144000	2023/03/28 
2023/03/29 	32.45000076293945	32.45000076293945	31.799999237060547	32.25	167150	2023/03/29 
2023/03/30 	32.25	32.400001525878906	31.950000762939453	32.25	112250	2023/03/30 
2023/03/31 	32.29999923706055	32.29999923706055	31.649999618530273	32.0	109000	2023/03/31 
2023/04/06 	31.799999237060547	32.04999923706055	31.5	32.0	64230	2023/04/06 
2023/04/07 	32.54999923706055	32.54999923706055	32.0	32.400001525878906	94000	2023/04/07 
