Date	Open	High	Low	Close	Volume	Date
2020/05/20 	60.139583587646484	61.92885971069336	58.35030746459961	59.24494552612305	3124724	2020/05/20 
2020/05/21 	59.44375228881836	60.43779754638672	59.44375228881836	60.43779754638672	2050458	2020/05/21 
2020/05/22 	59.64256286621094	65.50741577148438	59.64256286621094	64.9109878540039	2589171	2020/05/22 
2020/05/25 	65.70622253417969	69.78179931640625	65.70622253417969	69.58299255371094	2142373	2020/05/25 
2020/05/26 	70.17941284179688	70.77584075927734	66.50145721435547	66.60086059570312	1574996	2020/05/26 
2020/05/27 	66.50145721435547	66.60086059570312	62.624691009521484	64.81158447265625	962986	2020/05/27 
2020/05/28 	65.60681915283203	65.60681915283203	62.52528381347656	63.61873245239258	638825	2020/05/28 
2020/05/29 	63.91694641113281	64.31455993652344	62.624691009521484	63.12171173095703	295761	2020/05/29 
2020/06/01 	63.22111511230469	63.91694641113281	61.630645751953125	61.630645751953125	534337	2020/06/01 
2020/06/02 	62.12766647338867	63.320518493652344	60.73600769042969	61.53124237060547	526657	2020/06/02 
2020/06/03 	61.630645751953125	62.028263092041016	60.43779754638672	60.73600769042969	859157	2020/06/03 
2020/06/04 	61.03422164916992	61.53124237060547	60.83541488647461	61.43183898925781	528146	2020/06/04 
2020/06/05 	61.630645751953125	63.91694641113281	61.630645751953125	63.320518493652344	633031	2020/06/05 
2020/06/08 	63.61873245239258	63.61873245239258	62.72409439086914	63.12171173095703	327018	2020/06/08 
2020/06/09 	63.51932907104492	64.31455993652344	63.022308349609375	63.12171173095703	366373	2020/06/09 
2020/06/10 	63.22111511230469	63.22111511230469	62.52528381347656	62.8234977722168	302803	2020/06/10 
2020/06/11 	62.8234977722168	63.12171173095703	61.73004913330078	62.12766647338867	491980	2020/06/11 
2020/06/12 	61.43183898925781	61.73004913330078	60.73600769042969	61.73004913330078	213270	2020/06/12 
2020/06/15 	61.8294563293457	62.72409439086914	61.630645751953125	62.52528381347656	223330	2020/06/15 
2020/06/16 	62.92290115356445	65.20919799804688	62.72409439086914	65.01039123535156	741416	2020/06/16 
2020/06/17 	65.70622253417969	67.89311981201172	65.20919799804688	67.49549865722656	957010	2020/06/17 
2020/06/18 	67.89311981201172	67.89311981201172	65.40801239013672	66.60086059570312	580768	2020/06/18 
2020/06/19 	66.8990707397461	67.49549865722656	65.70622253417969	66.79966735839844	391381	2020/06/19 
2020/06/22 	66.99848175048828	67.29669189453125	66.20323944091797	66.99848175048828	440675	2020/06/22 
2020/06/23 	66.99848175048828	67.29669189453125	64.61277770996094	65.30860137939453	374303	2020/06/23 
2020/06/24 	65.60681915283203	65.60681915283203	64.21515655517578	64.51337432861328	324216	2020/06/24 
2020/06/29 	64.51337432861328	65.30860137939453	64.4139633178711	64.81158447265625	133797	2020/06/29 
2020/06/30 	65.20919799804688	65.20919799804688	64.11575317382812	65.01039123535156	207234	2020/06/30 
2020/07/01 	65.40801239013672	65.50741577148438	64.31455993652344	64.7121810913086	282684	2020/07/01 
2020/07/02 	64.81158447265625	64.9109878540039	64.31455993652344	64.4139633178711	247750	2020/07/02 
2020/07/03 	64.61277770996094	65.30860137939453	64.31455993652344	64.4139633178711	251498	2020/07/03 
2020/07/06 	65.10979461669922	65.10979461669922	64.61277770996094	64.81158447265625	291737	2020/07/06 
2020/07/07 	64.9109878540039	64.9109878540039	64.21515655517578	64.4139633178711	181153	2020/07/07 
2020/07/08 	64.9109878540039	65.01039123535156	64.31455993652344	65.01039123535156	191138	2020/07/08 
2020/07/09 	65.01039123535156	67.99252319335938	64.61277770996094	67.49549865722656	448803	2020/07/09 
2020/07/10 	67.59490203857422	67.59490203857422	65.10979461669922	65.60681915283203	323399	2020/07/10 
2020/07/13 	66.50145721435547	66.50145721435547	65.60681915283203	66.40205383300781	577540	2020/07/13 
2020/07/14 	66.60086059570312	67.99252319335938	66.40205383300781	67.1972885131836	935025	2020/07/14 
2020/07/15 	64.81158447265625	65.10979461669922	64.11575317382812	64.61277770996094	593586	2020/07/15 
2020/07/16 	65.20919799804688	65.30860137939453	64.21515655517578	64.51337432861328	175164	2020/07/16 
2020/07/17 	64.51337432861328	65.10979461669922	63.61873245239258	64.11575317382812	352097	2020/07/17 
2020/07/20 	64.51337432861328	64.51337432861328	62.52528381347656	62.92290115356445	313869	2020/07/20 
2020/07/21 	62.92290115356445	63.320518493652344	61.8294563293457	62.028263092041016	319000	2020/07/21 
2020/07/22 	62.8234977722168	63.51932907104492	62.028263092041016	62.32647705078125	227354	2020/07/22 
2020/07/23 	63.12171173095703	63.81753921508789	62.624691009521484	63.61873245239258	193225	2020/07/23 
2020/07/24 	63.718135833740234	64.01634979248047	62.8234977722168	62.92290115356445	163976	2020/07/24 
2020/07/27 	62.92290115356445	63.81753921508789	61.92885971069336	63.51932907104492	434588	2020/07/27 
2020/07/28 	63.51932907104492	64.01634979248047	63.12171173095703	63.419925689697266	390325	2020/07/28 
2020/07/29 	63.419925689697266	65.10979461669922	63.419925689697266	65.01039123535156	277654	2020/07/29 
2020/07/30 	65.60681915283203	69.48358154296875	65.30860137939453	68.39013671875	958887	2020/07/30 
2020/07/31 	68.29073333740234	68.58894348144531	67.1972885131836	67.59490203857422	460060	2020/07/31 
2020/08/03 	68.58894348144531	72.0680923461914	67.79370880126953	70.57703399658203	868438	2020/08/03 
2020/08/04 	70.57703399658203	72.0680923461914	69.6823959350586	71.57107543945312	668275	2020/08/04 
2020/08/05 	72.76392364501953	75.5472412109375	72.26690673828125	74.45379638671875	657222	2020/08/05 
2020/08/06 	74.5531997680664	78.0323486328125	71.8692855834961	77.13771057128906	961181	2020/08/06 
2020/08/07 	76.54129028320312	78.0323486328125	75.44783782958984	75.44783782958984	567400	2020/08/07 
2020/08/10 	75.5472412109375	77.23711395263672	74.05618286132812	74.3543930053711	376518	2020/08/10 
2020/08/11 	73.26094818115234	77.0383071899414	72.86332702636719	75.845458984375	447666	2020/08/11 
2020/08/12 	76.8395004272461	76.8395004272461	70.57703399658203	73.06214141845703	1008057	2020/08/12 
2020/08/13 	73.95677947998047	73.95677947998047	71.57107543945312	72.56511688232422	410445	2020/08/13 
2020/08/14 	72.56511688232422	73.3603515625	71.47167205810547	71.57107543945312	287110	2020/08/14 
2020/08/17 	72.46571350097656	73.06214141845703	71.47167205810547	72.66452026367188	245889	2020/08/17 
2020/08/18 	73.06214141845703	73.75796508789062	72.66452026367188	73.75796508789062	319905	2020/08/18 
2020/08/19 	73.95677947998047	74.15558624267578	72.56511688232422	73.26094818115234	284696	2020/08/19 
2020/08/20 	73.26094818115234	73.26094818115234	66.10383605957031	68.98656463623047	513122	2020/08/20 
2020/08/21 	69.48358154296875	70.57703399658203	68.88716125488281	70.37821960449219	204216	2020/08/21 
2020/08/24 	70.67643737792969	70.67643737792969	69.58299255371094	70.57703399658203	218577	2020/08/24 
2020/08/25 	71.47167205810547	72.3663101196289	70.57703399658203	71.47167205810547	206228	2020/08/25 
2020/08/26 	71.76988220214844	71.76988220214844	70.17941284179688	71.07405090332031	229386	2020/08/26 
2020/08/27 	71.47167205810547	71.57107543945312	69.58299255371094	70.875244140625	281688	2020/08/27 
2020/08/28 	70.875244140625	70.97464752197266	69.3841781616211	70.67643737792969	210252	2020/08/28 
2020/08/31 	70.77584075927734	71.07405090332031	69.58299255371094	70.17941284179688	216389	2020/08/31 
2020/09/01 	70.37821960449219	71.27285766601562	69.3841781616211	70.47763061523438	214276	2020/09/01 
2020/09/02 	70.47763061523438	70.77584075927734	69.6823959350586	69.8812026977539	182230	2020/09/02 
2020/09/03 	70.57703399658203	70.57703399658203	69.58299255371094	70.17941284179688	190146	2020/09/03 
2020/09/04 	69.6823959350586	69.6823959350586	68.58894348144531	69.48358154296875	208240	2020/09/04 
2020/09/07 	69.48358154296875	70.17941284179688	68.39013671875	68.88716125488281	171169	2020/09/07 
2020/09/08 	69.28477478027344	70.08000946044922	67.09788513183594	69.58299255371094	270612	2020/09/08 
2020/09/09 	69.3841781616211	70.97464752197266	68.58894348144531	70.37821960449219	268640	2020/09/09 
2020/09/10 	70.57703399658203	72.56511688232422	70.27881622314453	71.96868896484375	452898	2020/09/10 
2020/09/11 	72.46571350097656	72.46571350097656	71.27285766601562	71.57107543945312	177054	2020/09/11 
2020/09/14 	71.57107543945312	72.26690673828125	70.27881622314453	70.57703399658203	170012	2020/09/14 
2020/09/15 	70.77584075927734	71.37226867675781	70.17941284179688	70.47763061523438	154027	2020/09/15 
2020/09/16 	70.97464752197266	70.97464752197266	69.48358154296875	70.47763061523438	111665	2020/09/16 
2020/09/17 	70.67643737792969	71.07405090332031	69.3841781616211	70.47763061523438	257534	2020/09/17 
2020/09/18 	70.875244140625	71.47167205810547	69.58299255371094	70.08000946044922	268600	2020/09/18 
2020/09/21 	70.17941284179688	70.17941284179688	69.08596801757812	69.58299255371094	228360	2020/09/21 
2020/09/22 	69.58299255371094	70.27881622314453	68.09192657470703	69.78179931640625	204216	2020/09/22 
2020/09/23 	69.98060607910156	70.77584075927734	69.28477478027344	69.98060607910156	246568	2020/09/23 
2020/09/24 	69.98060607910156	72.0680923461914	68.98656463623047	69.3841781616211	164982	2020/09/24 
2020/09/25 	69.48358154296875	70.17941284179688	68.39013671875	69.3841781616211	148886	2020/09/25 
2020/09/28 	69.78179931640625	69.78179931640625	68.48954010009766	69.48358154296875	210343	2020/09/28 
2020/09/29 	69.98060607910156	71.07405090332031	69.8812026977539	70.875244140625	351292	2020/09/29 
2020/09/30 	70.875244140625	71.96868896484375	70.77584075927734	71.37226867675781	377247	2020/09/30 
2020/10/05 	71.37226867675781	71.96868896484375	70.47763061523438	71.67047882080078	218300	2020/10/05 
2020/10/06 	71.96868896484375	72.0680923461914	70.57703399658203	71.37226867675781	272624	2020/10/06 
2020/10/07 	71.57107543945312	72.1675033569336	71.27285766601562	71.8692855834961	321917	2020/10/07 
2020/10/08 	72.0680923461914	72.26690673828125	71.27285766601562	71.8692855834961	239426	2020/10/08 
2020/10/12 	71.8692855834961	72.0680923461914	70.57703399658203	71.57107543945312	282684	2020/10/12 
2020/10/13 	71.57107543945312	71.67047882080078	70.57703399658203	71.67047882080078	184096	2020/10/13 
2020/10/14 	71.67047882080078	74.5531997680664	71.37226867675781	72.86332702636719	504057	2020/10/14 
2020/10/15 	72.86332702636719	74.95082092285156	72.76392364501953	74.3543930053711	588636	2020/10/15 
2020/10/16 	74.65260314941406	75.14962768554688	73.75796508789062	74.05618286132812	235450	2020/10/16 
2020/10/19 	73.06214141845703	74.75201416015625	72.96273040771484	74.45379638671875	274777	2020/10/19 
2020/10/20 	74.65260314941406	74.65260314941406	73.95677947998047	74.5531997680664	343043	2020/10/20 
2020/10/21 	74.65260314941406	75.34843444824219	74.05618286132812	74.95082092285156	368193	2020/10/21 
2020/10/22 	74.95082092285156	74.95082092285156	74.05618286132812	74.75201416015625	717351	2020/10/22 
2020/10/23 	74.15558624267578	74.5531997680664	73.95677947998047	74.45379638671875	697228	2020/10/23 
2020/10/26 	74.25498962402344	76.04426574707031	73.75796508789062	75.94486236572266	844102	2020/10/26 
2020/10/27 	75.94486236572266	77.0383071899414	74.25498962402344	76.74009704589844	642829	2020/10/27 
2020/10/28 	76.44187927246094	79.42401123046875	76.14366912841797	78.33056640625	658925	2020/10/28 
2020/10/29 	77.83354187011719	80.61685943603516	76.54129028320312	80.31864929199219	533724	2020/10/29 
2020/10/30 	80.11984252929688	80.11984252929688	78.52937316894531	79.12580108642578	665481	2020/10/30 
2020/11/02 	79.12580108642578	79.92103576660156	77.23711395263672	79.02639770507812	522311	2020/11/02 
2020/11/03 	79.3246078491211	80.11984252929688	78.42996978759766	79.12580108642578	407568	2020/11/03 
2020/11/04 	79.42401123046875	80.31864929199219	78.52937316894531	79.3246078491211	487979	2020/11/04 
2020/11/05 	79.3246078491211	79.5234146118164	78.0323486328125	78.0323486328125	387307	2020/11/05 
2020/11/06 	78.33056640625	78.72817993164062	77.0383071899414	77.53533172607422	313000	2020/11/06 
2020/11/09 	77.63473510742188	78.82758331298828	76.74009704589844	76.93890380859375	326062	2020/11/09 
2020/11/10 	77.23711395263672	79.02639770507812	75.34843444824219	78.23116302490234	526255	2020/11/10 
2020/11/11 	78.23116302490234	78.92698669433594	76.64069366455078	78.62877655029297	498972	2020/11/11 
2020/11/12 	78.92698669433594	79.42401123046875	78.0323486328125	79.12580108642578	352097	2020/11/12 
2020/11/13 	79.12580108642578	79.5234146118164	78.0323486328125	79.3246078491211	484889	2020/11/13 
2020/11/16 	79.82162475585938	79.82162475585938	79.02639770507812	79.5234146118164	348073	2020/11/16 
2020/11/17 	79.5234146118164	80.02043914794922	78.52937316894531	79.22520446777344	457767	2020/11/17 
2020/11/18 	79.82162475585938	79.92103576660156	78.42996978759766	79.02639770507812	459738	2020/11/18 
2020/11/19 	79.12580108642578	79.12580108642578	77.3365249633789	78.0323486328125	366182	2020/11/19 
2020/11/20 	78.0323486328125	78.0323486328125	77.0383071899414	77.53533172607422	353123	2020/11/20 
2020/11/23 	77.53533172607422	77.53533172607422	76.34247589111328	77.0383071899414	369199	2020/11/23 
2020/11/24 	76.93890380859375	77.3365249633789	76.64069366455078	77.13771057128906	373223	2020/11/24 
2020/11/25 	77.3365249633789	77.93294525146484	76.54129028320312	76.54129028320312	608917	2020/11/25 
2020/11/26 	77.0383071899414	81.01448059082031	77.0383071899414	80.91507720947266	752563	2020/11/26 
2020/11/27 	80.91507720947266	82.80375671386719	79.12580108642578	82.70435333251953	854289	2020/11/27 
2020/11/30 	82.70435333251953	84.09600830078125	82.50554656982422	83.30078125	544332	2020/11/30 
2020/12/01 	83.20137023925781	83.20137023925781	81.21328735351562	81.61090850830078	861461	2020/12/01 
2020/12/02 	81.5114974975586	82.30673217773438	79.5234146118164	82.30673217773438	828804	2020/12/02 
2020/12/03 	82.30673217773438	83.40018463134766	81.21328735351562	83.40018463134766	814143	2020/12/03 
2020/12/04 	83.40018463134766	83.9966049194336	82.30673217773438	83.20137023925781	368294	2020/12/04 
2020/12/07 	83.0025634765625	83.0025634765625	80.11984252929688	81.90911865234375	477112	2020/12/07 
2020/12/08 	81.5114974975586	81.5114974975586	78.72817993164062	79.92103576660156	842086	2020/12/08 
2020/12/09 	79.80000305175781	80.9000015258789	79.0	80.30000305175781	646000	2020/12/09 
2020/12/10 	80.30000305175781	80.30000305175781	79.0	79.30000305175781	504000	2020/12/10 
2020/12/11 	79.9000015258789	82.0	79.9000015258789	80.69999694824219	477160	2020/12/11 
2020/12/14 	80.69999694824219	81.5999984741211	79.80000305175781	81.19999694824219	554130	2020/12/14 
2020/12/15 	81.19999694824219	81.69999694824219	79.9000015258789	80.5	377090	2020/12/15 
2020/12/16 	80.9000015258789	81.9000015258789	80.0	80.5	486000	2020/12/16 
2020/12/17 	80.5	80.5	79.0999984741211	80.30000305175781	395210	2020/12/17 
2020/12/18 	80.0999984741211	80.69999694824219	79.0	80.0999984741211	544150	2020/12/18 
2020/12/21 	80.0999984741211	80.19999694824219	78.9000015258789	79.5	362070	2020/12/21 
2020/12/22 	79.5	79.80000305175781	78.5999984741211	79.19999694824219	406251	2020/12/22 
2020/12/23 	79.69999694824219	79.69999694824219	78.80000305175781	79.4000015258789	380141	2020/12/23 
2020/12/24 	79.4000015258789	79.5999984741211	78.80000305175781	79.4000015258789	244000	2020/12/24 
2020/12/25 	79.5999984741211	80.0	78.0999984741211	78.69999694824219	392000	2020/12/25 
2020/12/28 	78.69999694824219	78.69999694824219	77.30000305175781	77.30000305175781	349000	2020/12/28 
2020/12/29 	77.0	77.9000015258789	75.30000305175781	77.9000015258789	320000	2020/12/29 
2020/12/30 	77.5	77.5	75.0	76.0	316000	2020/12/30 
2020/12/31 	75.9000015258789	78.80000305175781	74.0	78.4000015258789	660959	2020/12/31 
2021/01/04 	78.9000015258789	80.4000015258789	78.19999694824219	79.5	566616	2021/01/04 
2021/01/05 	79.4000015258789	80.0	78.0	79.4000015258789	454034	2021/01/05 
2021/01/06 	79.69999694824219	79.69999694824219	77.69999694824219	78.0999984741211	496554	2021/01/06 
2021/01/07 	78.30000305175781	78.30000305175781	74.0	76.80000305175781	1153685	2021/01/07 
2021/01/08 	77.0999984741211	77.0999984741211	75.0	76.5	372034	2021/01/08 
2021/01/11 	75.9000015258789	77.4000015258789	74.30000305175781	77.4000015258789	1169412	2021/01/11 
2021/01/12 	77.30000305175781	79.4000015258789	76.4000015258789	77.9000015258789	468137	2021/01/12 
2021/01/13 	78.0	79.5	78.0	79.4000015258789	677755	2021/01/13 
2021/01/14 	79.30000305175781	80.9000015258789	79.0999984741211	80.69999694824219	872650	2021/01/14 
2021/01/15 	81.0	81.5	80.0	80.19999694824219	563260	2021/01/15 
2021/01/18 	80.4000015258789	80.9000015258789	78.5	80.80000305175781	465129	2021/01/18 
2021/01/19 	80.80000305175781	82.5	80.0999984741211	81.30000305175781	681197	2021/01/19 
2021/01/20 	81.19999694824219	81.5	79.5999984741211	81.0	480343	2021/01/20 
2021/01/21 	81.0999984741211	83.80000305175781	81.0	83.69999694824219	1539070	2021/01/21 
2021/01/22 	83.5	85.0	83.0	84.9000015258789	1020034	2021/01/22 
2021/01/25 	85.4000015258789	85.4000015258789	82.5999984741211	84.5999984741211	648250	2021/01/25 
2021/01/26 	84.69999694824219	84.69999694824219	82.0	83.0999984741211	947080	2021/01/26 
2021/01/27 	83.30000305175781	84.9000015258789	81.30000305175781	83.0	884140	2021/01/27 
2021/01/28 	82.69999694824219	84.69999694824219	82.0	83.19999694824219	508309	2021/01/28 
2021/01/29 	83.19999694824219	83.4000015258789	80.5	82.0999984741211	1008328	2021/01/29 
2021/02/01 	82.0999984741211	83.5999984741211	80.4000015258789	83.0	615190	2021/02/01 
2021/02/02 	83.0	83.9000015258789	82.19999694824219	82.9000015258789	839280	2021/02/02 
2021/02/03 	82.80000305175781	82.9000015258789	81.0	82.69999694824219	532230	2021/02/03 
2021/02/04 	82.5	82.5	81.0	81.0	612715	2021/02/04 
2021/02/05 	80.80000305175781	81.80000305175781	80.0999984741211	81.80000305175781	835110	2021/02/05 
2021/02/17 	81.80000305175781	83.69999694824219	80.19999694824219	83.4000015258789	649120	2021/02/17 
2021/02/18 	83.30000305175781	84.9000015258789	83.30000305175781	84.4000015258789	456160	2021/02/18 
2021/02/19 	84.4000015258789	84.80000305175781	83.5999984741211	84.30000305175781	338150	2021/02/19 
2021/02/22 	84.30000305175781	84.4000015258789	82.0999984741211	83.9000015258789	362450	2021/02/22 
2021/02/23 	83.80000305175781	84.0999984741211	83.0	83.69999694824219	379300	2021/02/23 
2021/02/24 	83.0	83.0	82.0	82.0	356000	2021/02/24 
2021/02/25 	82.19999694824219	83.19999694824219	82.0999984741211	82.9000015258789	310000	2021/02/25 
2021/02/26 	82.5999984741211	82.5999984741211	81.5	82.5	211688	2021/02/26 
2021/03/02 	82.5999984741211	84.19999694824219	82.4000015258789	83.0	373150	2021/03/02 
2021/03/03 	83.4000015258789	83.9000015258789	81.5999984741211	83.80000305175781	490750	2021/03/03 
2021/03/04 	83.69999694824219	83.69999694824219	81.69999694824219	83.0	366003	2021/03/04 
2021/03/05 	82.80000305175781	82.80000305175781	81.5	82.5	277130	2021/03/05 
2021/03/08 	82.80000305175781	83.4000015258789	82.0	82.69999694824219	224000	2021/03/08 
2021/03/09 	82.9000015258789	83.5	82.0	83.4000015258789	256070	2021/03/09 
2021/03/10 	83.9000015258789	83.9000015258789	82.69999694824219	83.5	326090	2021/03/10 
2021/03/11 	83.5	83.5999984741211	82.5	82.9000015258789	343646	2021/03/11 
2021/03/12 	82.80000305175781	83.0999984741211	82.0	82.9000015258789	434123	2021/03/12 
2021/03/15 	84.19999694824219	84.4000015258789	83.30000305175781	83.9000015258789	547000	2021/03/15 
2021/03/16 	84.0999984741211	90.0	83.80000305175781	88.5	1521028	2021/03/16 
2021/03/17 	88.19999694824219	89.4000015258789	87.4000015258789	88.4000015258789	1370481	2021/03/17 
2021/03/18 	88.0999984741211	89.80000305175781	88.0999984741211	89.30000305175781	540000	2021/03/18 
2021/03/19 	88.9000015258789	89.0	86.0	86.0999984741211	937304	2021/03/19 
2021/03/22 	85.80000305175781	85.80000305175781	82.0999984741211	82.5999984741211	837378	2021/03/22 
2021/03/23 	83.0	83.0999984741211	77.5	80.69999694824219	2000175	2021/03/23 
2021/03/24 	80.69999694824219	81.30000305175781	79.19999694824219	80.69999694824219	385114	2021/03/24 
2021/03/25 	80.69999694824219	81.69999694824219	80.5	81.69999694824219	308140	2021/03/25 
2021/03/26 	82.0	84.5999984741211	81.69999694824219	83.0	367466	2021/03/26 
2021/03/29 	84.0	84.0	82.69999694824219	82.80000305175781	377000	2021/03/29 
2021/03/30 	83.0	83.0	80.9000015258789	81.0999984741211	637668	2021/03/30 
2021/03/31 	81.69999694824219	82.30000305175781	81.0	81.4000015258789	367000	2021/03/31 
2021/04/01 	82.0	82.0	80.0	81.0	586405	2021/04/01 
2021/04/07 	81.80000305175781	81.9000015258789	80.5	81.5999984741211	383014	2021/04/07 
2021/04/08 	81.69999694824219	82.9000015258789	80.4000015258789	82.30000305175781	474344	2021/04/08 
2021/04/09 	82.5999984741211	83.9000015258789	82.0999984741211	82.30000305175781	351090	2021/04/09 
2021/04/12 	82.5999984741211	82.80000305175781	80.80000305175781	81.4000015258789	436190	2021/04/12 
2021/04/13 	81.4000015258789	81.69999694824219	80.5	81.30000305175781	419000	2021/04/13 
2021/04/14 	81.30000305175781	81.69999694824219	79.5	80.30000305175781	678167	2021/04/14 
2021/04/15 	80.5	80.9000015258789	79.5	80.30000305175781	448000	2021/04/15 
2021/04/16 	80.30000305175781	80.69999694824219	79.5	80.30000305175781	316200	2021/04/16 
2021/04/19 	80.4000015258789	81.5	80.0	80.5999984741211	284053	2021/04/19 
2021/04/20 	80.69999694824219	81.19999694824219	80.0	80.4000015258789	553000	2021/04/20 
2021/04/21 	80.4000015258789	80.4000015258789	79.0999984741211	79.4000015258789	548400	2021/04/21 
2021/04/22 	79.5999984741211	80.0	78.69999694824219	79.30000305175781	265200	2021/04/22 
2021/04/23 	79.5999984741211	79.80000305175781	79.30000305175781	79.80000305175781	210000	2021/04/23 
2021/04/26 	79.9000015258789	80.30000305175781	79.0	80.0	283000	2021/04/26 
2021/04/27 	80.0	80.0	78.9000015258789	79.19999694824219	519000	2021/04/27 
2021/04/28 	78.9000015258789	79.30000305175781	78.69999694824219	79.19999694824219	136216	2021/04/28 
2021/04/29 	79.19999694824219	79.80000305175781	78.69999694824219	79.5999984741211	292719	2021/04/29 
2021/05/03 	79.19999694824219	79.5	78.19999694824219	78.80000305175781	319000	2021/05/03 
2021/05/04 	78.5999984741211	78.5999984741211	76.0	77.0	190756	2021/05/04 
2021/05/05 	76.80000305175781	78.0	76.5999984741211	78.0	68005	2021/05/05 
2021/05/06 	77.4000015258789	78.30000305175781	77.4000015258789	77.5	41095	2021/05/06 
2021/05/07 	77.69999694824219	77.69999694824219	77.0	77.4000015258789	22000	2021/05/07 
2021/05/10 	77.5	77.9000015258789	76.80000305175781	77.9000015258789	114005	2021/05/10 
2021/05/11 	77.4000015258789	77.5	76.80000305175781	77.19999694824219	109416	2021/05/11 
2021/05/12 	77.19999694824219	77.19999694824219	72.19999694824219	72.9000015258789	224000	2021/05/12 
2021/05/13 	72.19999694824219	74.30000305175781	71.19999694824219	73.9000015258789	116045	2021/05/13 
2021/05/14 	73.80000305175781	73.9000015258789	73.4000015258789	73.69999694824219	104000	2021/05/14 
2021/05/17 	72.0	73.0	69.0	73.0	969000	2021/05/17 
2021/05/18 	71.0999984741211	73.5	70.5	73.19999694824219	146046	2021/05/18 
2021/05/19 	72.0	73.5	71.5	73.4000015258789	122000	2021/05/19 
2021/05/20 	72.19999694824219	74.4000015258789	72.19999694824219	74.4000015258789	100000	2021/05/20 
2021/05/21 	75.9000015258789	76.5	75.0	76.5	103953	2021/05/21 
2021/05/24 	76.5	76.5	75.69999694824219	76.30000305175781	103221	2021/05/24 
2021/05/25 	76.30000305175781	76.4000015258789	75.0	76.0	164000	2021/05/25 
2021/05/26 	75.80000305175781	79.5	75.69999694824219	78.9000015258789	255000	2021/05/26 
2021/05/27 	78.9000015258789	78.9000015258789	77.4000015258789	78.5	55400	2021/05/27 
2021/05/28 	78.19999694824219	80.30000305175781	78.19999694824219	80.30000305175781	525366	2021/05/28 
2021/05/31 	80.30000305175781	80.4000015258789	79.0999984741211	80.19999694824219	603000	2021/05/31 
2021/06/01 	80.30000305175781	80.30000305175781	79.0999984741211	79.5999984741211	68080	2021/06/01 
2021/06/02 	79.4000015258789	79.9000015258789	78.69999694824219	79.5999984741211	120067	2021/06/02 
2021/06/03 	78.80000305175781	79.19999694824219	77.5999984741211	77.5999984741211	66071	2021/06/03 
2021/06/04 	77.5999984741211	77.5999984741211	76.69999694824219	76.69999694824219	19000	2021/06/04 
2021/06/07 	76.69999694824219	77.4000015258789	75.5999984741211	75.69999694824219	37000	2021/06/07 
2021/06/08 	76.0999984741211	77.80000305175781	76.0	77.80000305175781	50120	2021/06/08 
2021/06/09 	76.0	77.30000305175781	76.0	76.80000305175781	36130	2021/06/09 
2021/06/10 	77.5999984741211	77.5999984741211	76.30000305175781	77.0	16000	2021/06/10 
2021/06/11 	76.5	77.0	76.0	77.0	23000	2021/06/11 
2021/06/15 	77.0	77.0	76.0	76.80000305175781	57000	2021/06/15 
2021/06/16 	76.5999984741211	76.5999984741211	75.69999694824219	76.5	148424	2021/06/16 
2021/06/17 	76.0	76.69999694824219	75.0	76.30000305175781	289101	2021/06/17 
2021/06/18 	75.5	76.5	75.0	76.5	165000	2021/06/18 
2021/06/21 	75.5999984741211	76.0	75.30000305175781	75.30000305175781	56000	2021/06/21 
2021/06/22 	75.5	76.5999984741211	75.5	76.0	57569	2021/06/22 
2021/06/23 	75.4000015258789	75.9000015258789	75.30000305175781	75.30000305175781	38250	2021/06/23 
2021/06/24 	75.19999694824219	75.5	75.0	75.0	78000	2021/06/24 
2021/06/25 	75.0999984741211	75.4000015258789	75.0	75.4000015258789	92000	2021/06/25 
2021/06/28 	75.19999694824219	75.30000305175781	75.0	75.0	200000	2021/06/28 
2021/06/29 	75.0999984741211	75.5	75.0	75.5	110272	2021/06/29 
2021/06/30 	75.5	75.69999694824219	75.0	75.5999984741211	464020	2021/06/30 
2021/07/01 	75.69999694824219	76.0999984741211	75.5	75.69999694824219	79087	2021/07/01 
2021/07/02 	75.9000015258789	75.9000015258789	74.5	75.5999984741211	73000	2021/07/02 
2021/07/05 	75.5	76.0	74.5	75.5999984741211	110168	2021/07/05 
2021/07/06 	75.5999984741211	75.5999984741211	74.5	74.9000015258789	46000	2021/07/06 
2021/07/07 	75.0	75.0999984741211	74.80000305175781	75.0999984741211	13100	2021/07/07 
2021/07/08 	75.0	75.30000305175781	74.80000305175781	74.80000305175781	451100	2021/07/08 
2021/07/09 	74.80000305175781	75.30000305175781	74.5999984741211	75.19999694824219	64000	2021/07/09 
2021/07/12 	74.5999984741211	75.80000305175781	74.5999984741211	75.5	94614	2021/07/12 
2021/07/13 	75.0999984741211	75.4000015258789	74.5999984741211	75.19999694824219	104000	2021/07/13 
2021/07/14 	75.19999694824219	75.19999694824219	74.5999984741211	75.0	39130	2021/07/14 
2021/07/15 	75.0	76.0	74.5	76.0	147000	2021/07/15 
2021/07/16 	75.80000305175781	75.9000015258789	75.0	75.19999694824219	108000	2021/07/16 
2021/07/19 	75.19999694824219	76.5	75.19999694824219	75.5	25000	2021/07/19 
2021/07/20 	75.5	75.5999984741211	74.69999694824219	75.4000015258789	120000	2021/07/20 
2021/07/21 	75.4000015258789	75.9000015258789	74.9000015258789	75.0	109000	2021/07/21 
2021/07/22 	75.0	75.9000015258789	75.0	75.69999694824219	102000	2021/07/22 
2021/07/23 	75.5999984741211	75.69999694824219	75.0	75.30000305175781	42000	2021/07/23 
2021/07/26 	75.30000305175781	75.5999984741211	75.0999984741211	75.4000015258789	87100	2021/07/26 
2021/07/27 	75.30000305175781	76.30000305175781	75.30000305175781	75.5	184248	2021/07/27 
2021/07/28 	75.5	76.0	74.80000305175781	75.0	161000	2021/07/28 
2021/07/29 	75.0	75.5	74.80000305175781	75.5	90000	2021/07/29 
2021/07/30 	75.5	75.5	74.69999694824219	75.19999694824219	57064	2021/07/30 
2021/08/02 	75.19999694824219	75.30000305175781	74.69999694824219	75.0999984741211	67000	2021/08/02 
2021/08/03 	75.0	75.19999694824219	74.5999984741211	75.19999694824219	99000	2021/08/03 
2021/08/04 	74.9000015258789	75.5	74.69999694824219	75.0999984741211	89000	2021/08/04 
2021/08/05 	75.9000015258789	75.9000015258789	75.0999984741211	75.0999984741211	113055	2021/08/05 
2021/08/06 	75.19999694824219	75.19999694824219	74.5	75.0	173530	2021/08/06 
2021/08/09 	67.9000015258789	70.80000305175781	67.9000015258789	69.30000305175781	147669	2021/08/09 
2021/08/10 	69.19999694824219	70.4000015258789	68.9000015258789	69.4000015258789	91305	2021/08/10 
2021/08/11 	69.0999984741211	69.5	67.4000015258789	69.5	100044	2021/08/11 
2021/08/12 	69.4000015258789	69.5	68.4000015258789	69.5	90020	2021/08/12 
2021/08/13 	69.4000015258789	69.4000015258789	68.30000305175781	69.0999984741211	75346	2021/08/13 
2021/08/16 	68.9000015258789	68.9000015258789	67.80000305175781	68.0	60000	2021/08/16 
2021/08/17 	68.0	68.19999694824219	66.5999984741211	67.0	62000	2021/08/17 
2021/08/18 	67.0	67.0	66.19999694824219	66.80000305175781	45000	2021/08/18 
2021/08/19 	65.4000015258789	67.0	64.0	65.9000015258789	128564	2021/08/19 
2021/08/20 	66.0	66.5	64.19999694824219	65.4000015258789	40200	2021/08/20 
2021/08/23 	65.5	65.80000305175781	63.900001525878906	64.69999694824219	60032	2021/08/23 
2021/08/24 	64.69999694824219	64.69999694824219	63.0	63.900001525878906	118000	2021/08/24 
2021/08/25 	63.900001525878906	63.900001525878906	62.900001525878906	63.099998474121094	81000	2021/08/25 
2021/08/26 	63.099998474121094	63.29999923706055	63.0	63.29999923706055	54000	2021/08/26 
2021/08/27 	63.20000076293945	63.29999923706055	62.900001525878906	63.20000076293945	100000	2021/08/27 
2021/08/30 	63.20000076293945	63.20000076293945	63.0	63.20000076293945	55010	2021/08/30 
2021/08/31 	62.79999923706055	63.20000076293945	62.5	63.20000076293945	57275	2021/08/31 
2021/09/01 	62.900001525878906	63.5	62.5	63.5	74100	2021/09/01 
2021/09/02 	63.29999923706055	64.30000305175781	62.79999923706055	64.0	118150	2021/09/02 
2021/09/03 	64.0	65.4000015258789	63.79999923706055	65.0999984741211	130250	2021/09/03 
2021/09/06 	64.69999694824219	64.69999694824219	63.79999923706055	64.5	73000	2021/09/06 
2021/09/07 	64.5	64.80000305175781	63.400001525878906	64.19999694824219	61000	2021/09/07 
2021/09/08 	63.5	63.5	62.5	63.0	79250	2021/09/08 
2021/09/09 	62.20000076293945	63.400001525878906	62.0	63.29999923706055	84000	2021/09/09 
2021/09/10 	63.29999923706055	64.19999694824219	62.400001525878906	64.19999694824219	60197	2021/09/10 
2021/09/13 	64.19999694824219	65.30000305175781	64.0	65.0	91000	2021/09/13 
2021/09/14 	65.0	65.0999984741211	64.0	64.69999694824219	89013	2021/09/14 
2021/09/15 	64.0999984741211	64.0999984741211	62.5	62.70000076293945	80000	2021/09/15 
2021/09/16 	62.20000076293945	62.29999923706055	60.5	60.5	182020	2021/09/16 
2021/09/17 	60.599998474121094	61.599998474121094	58.900001525878906	60.0	138000	2021/09/17 
2021/09/22 	56.79999923706055	59.900001525878906	55.5	59.900001525878906	254000	2021/09/22 
2021/09/23 	59.099998474121094	65.80000305175781	58.29999923706055	65.80000305175781	288420	2021/09/23 
2021/09/24 	65.80000305175781	70.0	64.19999694824219	70.0	557001	2021/09/24 
2021/09/27 	70.0	70.5	68.0999984741211	70.0	208137	2021/09/27 
2021/09/28 	70.0	70.0	67.9000015258789	68.5	103000	2021/09/28 
2021/09/29 	68.4000015258789	68.5	66.5999984741211	68.19999694824219	95100	2021/09/29 
2021/09/30 	67.5999984741211	68.0999984741211	66.80000305175781	67.19999694824219	81045	2021/09/30 
2021/10/01 	67.19999694824219	67.19999694824219	65.5	65.9000015258789	79116	2021/10/01 
2021/10/04 	66.0	66.0	64.69999694824219	65.0999984741211	28000	2021/10/04 
2021/10/05 	64.19999694824219	66.5	64.19999694824219	66.30000305175781	65000	2021/10/05 
2021/10/06 	66.30000305175781	68.0	66.0	66.5	11090	2021/10/06 
2021/10/07 	66.5	66.9000015258789	65.19999694824219	66.0999984741211	52240	2021/10/07 
2021/10/08 	65.5	65.80000305175781	64.5999984741211	64.5999984741211	20000	2021/10/08 
2021/10/12 	64.4000015258789	64.4000015258789	63.0	64.4000015258789	55000	2021/10/12 
2021/10/13 	64.5	64.5999984741211	63.70000076293945	64.5	16000	2021/10/13 
2021/10/14 	64.5999984741211	65.9000015258789	64.0	64.69999694824219	13000	2021/10/14 
2021/10/15 	64.69999694824219	64.9000015258789	64.0	64.9000015258789	58000	2021/10/15 
2021/10/18 	64.69999694824219	64.69999694824219	63.400001525878906	63.599998474121094	39000	2021/10/18 
2021/10/19 	63.599998474121094	64.80000305175781	63.599998474121094	64.5	19000	2021/10/19 
2021/10/20 	64.5	65.0	63.599998474121094	63.79999923706055	15000	2021/10/20 
2021/10/21 	63.70000076293945	64.0	63.0	63.0	15000	2021/10/21 
2021/10/22 	63.0	63.29999923706055	63.0	63.0	4000	2021/10/22 
2021/10/25 	62.900001525878906	62.900001525878906	62.29999923706055	62.79999923706055	13000	2021/10/25 
2021/10/26 	62.099998474121094	63.599998474121094	62.099998474121094	63.0	137000	2021/10/26 
2021/10/27 	63.0	63.5	62.79999923706055	63.099998474121094	63000	2021/10/27 
2021/10/28 	62.29999923706055	63.29999923706055	62.29999923706055	63.0	64000	2021/10/28 
2021/10/29 	63.79999923706055	64.5999984741211	63.0	63.29999923706055	75000	2021/10/29 
2021/11/01 	63.29999923706055	64.0	63.099998474121094	63.400001525878906	58000	2021/11/01 
2021/11/02 	63.5	64.0999984741211	62.5	63.20000076293945	56000	2021/11/02 
2021/11/03 	62.400001525878906	62.79999923706055	62.0	62.5	79000	2021/11/03 
2021/11/04 	62.5	62.900001525878906	62.0	62.0	50000	2021/11/04 
2021/11/05 	62.0	63.0	62.0	62.70000076293945	34000	2021/11/05 
2021/11/08 	62.20000076293945	63.0	61.400001525878906	61.70000076293945	74001	2021/11/08 
2021/11/09 	61.5	61.5	61.0	61.5	39000	2021/11/09 
2021/11/10 	61.5	61.5	60.79999923706055	61.099998474121094	16000	2021/11/10 
2021/11/11 	60.0	61.0	59.0	60.900001525878906	74000	2021/11/11 
2021/11/12 	60.20000076293945	60.79999923706055	60.099998474121094	60.29999923706055	24000	2021/11/12 
2021/11/15 	60.20000076293945	62.0	60.20000076293945	60.400001525878906	19010	2021/11/15 
2021/11/16 	60.400001525878906	61.400001525878906	60.400001525878906	61.400001525878906	27000	2021/11/16 
2021/11/17 	61.0	61.70000076293945	60.79999923706055	60.79999923706055	26000	2021/11/17 
2021/11/18 	60.599998474121094	61.0	60.29999923706055	61.0	23020	2021/11/18 
2021/11/19 	61.0	61.29999923706055	60.0	61.0	41000	2021/11/19 
2021/11/22 	61.0	61.0	60.29999923706055	61.0	27068	2021/11/22 
2021/11/23 	61.0	61.099998474121094	60.099998474121094	60.5	23000	2021/11/23 
2021/11/24 	60.79999923706055	60.79999923706055	60.0	60.099998474121094	25000	2021/11/24 
2021/11/25 	60.099998474121094	61.0	60.0	60.0	14000	2021/11/25 
2021/11/26 	59.70000076293945	60.0	59.0	60.0	30000	2021/11/26 
2021/11/29 	60.0	60.0	59.400001525878906	60.0	9000	2021/11/29 
2021/11/30 	60.0	60.0	59.20000076293945	60.0	17000	2021/11/30 
2021/12/01 	60.0	60.0	59.400001525878906	59.599998474121094	16000	2021/12/01 
2021/12/02 	59.900001525878906	59.900001525878906	59.20000076293945	59.79999923706055	29000	2021/12/02 
2021/12/03 	59.79999923706055	60.0	58.5	60.0	80000	2021/12/03 
2021/12/06 	60.400001525878906	60.400001525878906	59.29999923706055	59.70000076293945	14000	2021/12/06 
2021/12/07 	59.099998474121094	59.70000076293945	59.0	59.400001525878906	40100	2021/12/07 
2021/12/08 	59.900001525878906	59.900001525878906	59.0	59.400001525878906	28034	2021/12/08 
2021/12/09 	59.79999923706055	59.79999923706055	59.0	59.0	35000	2021/12/09 
2021/12/10 	59.0	59.0	58.0	58.400001525878906	66000	2021/12/10 
2021/12/13 	58.0	58.29999923706055	56.599998474121094	58.20000076293945	125010	2021/12/13 
2021/12/14 	59.0	59.0	57.70000076293945	58.900001525878906	45000	2021/12/14 
2021/12/15 	59.0	59.0	58.400001525878906	58.5	7000	2021/12/15 
2021/12/16 	59.0	59.0	58.20000076293945	58.20000076293945	29000	2021/12/16 
2021/12/17 	58.5	58.70000076293945	57.5	58.70000076293945	29000	2021/12/17 
2021/12/20 	58.099998474121094	58.5	58.0	58.5	8000	2021/12/20 
2021/12/21 	57.599998474121094	58.599998474121094	57.599998474121094	58.400001525878906	38000	2021/12/21 
2021/12/22 	57.900001525878906	58.20000076293945	57.70000076293945	57.900001525878906	39000	2021/12/22 
2021/12/23 	57.29999923706055	58.5	57.29999923706055	58.5	137065	2021/12/23 
2021/12/24 	58.5	58.5	57.79999923706055	58.29999923706055	20000	2021/12/24 
2021/12/27 	58.29999923706055	58.400001525878906	58.099998474121094	58.400001525878906	7625	2021/12/27 
2021/12/28 	58.099998474121094	58.5	57.900001525878906	58.20000076293945	31000	2021/12/28 
2021/12/29 	58.20000076293945	58.20000076293945	57.79999923706055	58.20000076293945	17000	2021/12/29 
2021/12/30 	58.099998474121094	59.79999923706055	58.0	58.099998474121094	38035	2021/12/30 
2022/01/03 	57.79999923706055	58.0	57.5	57.900001525878906	25010	2022/01/03 
2022/01/04 	58.0	58.0	57.0	57.0	25000	2022/01/04 
2022/01/05 	56.900001525878906	56.900001525878906	56.5	56.5	15100	2022/01/05 
2022/01/06 	56.29999923706055	57.5	56.0	56.79999923706055	16010	2022/01/06 
2022/01/07 	55.79999923706055	57.5	55.79999923706055	56.79999923706055	10000	2022/01/07 
2022/01/10 	55.599998474121094	57.29999923706055	55.599998474121094	56.599998474121094	10000	2022/01/10 
2022/01/11 	56.20000076293945	56.29999923706055	56.0	56.099998474121094	29089	2022/01/11 
2022/01/12 	56.099998474121094	56.099998474121094	55.5	55.5	22034	2022/01/12 
2022/01/13 	55.20000076293945	55.5	55.20000076293945	55.29999923706055	20000	2022/01/13 
2022/01/14 	54.900001525878906	56.0	54.5	56.0	40000	2022/01/14 
2022/01/17 	56.5	56.5	56.29999923706055	56.29999923706055	3000	2022/01/17 
2022/01/18 	56.29999923706055	56.5	56.29999923706055	56.5	6000	2022/01/18 
2022/01/19 	56.5	56.5	55.5	56.400001525878906	7000	2022/01/19 
2022/01/20 	55.599998474121094	56.099998474121094	55.400001525878906	56.099998474121094	8000	2022/01/20 
2022/01/21 	56.099998474121094	56.29999923706055	55.70000076293945	55.70000076293945	5000	2022/01/21 
2022/01/24 	55.0	56.099998474121094	55.0	56.099998474121094	12000	2022/01/24 
2022/01/25 	56.0	56.70000076293945	56.0	56.400001525878906	11000	2022/01/25 
2022/01/26 	56.400001525878906	62.0	54.79999923706055	62.0	95500	2022/01/26 
2022/02/07 	62.0	62.0	59.0	59.900001525878906	57010	2022/02/07 
2022/02/08 	59.900001525878906	59.900001525878906	59.0	59.900001525878906	17000	2022/02/08 
2022/02/09 	59.900001525878906	59.900001525878906	58.70000076293945	59.0	35000	2022/02/09 
2022/02/10 	59.0	59.5	58.0	58.599998474121094	39000	2022/02/10 
2022/02/11 	59.0	59.0	56.5	56.5	26050	2022/02/11 
2022/02/14 	56.5	56.599998474121094	55.0	56.599998474121094	117068	2022/02/14 
2022/02/15 	56.599998474121094	57.29999923706055	56.0	57.0	96000	2022/02/15 
2022/02/16 	56.29999923706055	58.599998474121094	56.29999923706055	58.599998474121094	135000	2022/02/16 
2022/02/17 	58.599998474121094	60.0	58.29999923706055	60.0	44000	2022/02/17 
2022/02/18 	60.0	65.30000305175781	59.20000076293945	65.30000305175781	135510	2022/02/18 
2022/02/21 	65.0	65.0	63.5	65.0	144000	2022/02/21 
2022/02/22 	63.900001525878906	64.30000305175781	63.5	64.30000305175781	61000	2022/02/22 
2022/02/23 	64.30000305175781	65.0	63.5	64.30000305175781	104103	2022/02/23 
2022/02/24 	64.30000305175781	64.30000305175781	62.79999923706055	64.0	82000	2022/02/24 
2022/02/25 	64.0	64.0	62.5	62.5	107000	2022/02/25 
2022/03/01 	63.0	63.0	62.29999923706055	62.29999923706055	15000	2022/03/01 
2022/03/02 	62.0	62.5	61.5	62.5	21000	2022/03/02 
2022/03/03 	62.400001525878906	62.400001525878906	61.20000076293945	61.5	45000	2022/03/03 
2022/03/04 	61.5	61.70000076293945	61.0	61.70000076293945	22000	2022/03/04 
2022/03/07 	61.400001525878906	61.400001525878906	59.5	60.5	67000	2022/03/07 
2022/03/08 	59.099998474121094	60.29999923706055	58.5	58.70000076293945	36000	2022/03/08 
2022/03/09 	60.400001525878906	60.400001525878906	59.099998474121094	60.0	17000	2022/03/09 
2022/03/10 	61.0	62.0	59.70000076293945	61.0	31000	2022/03/10 
2022/03/11 	62.0	62.0	59.79999923706055	60.29999923706055	23000	2022/03/11 
2022/03/14 	60.5	61.400001525878906	60.400001525878906	60.70000076293945	261310	2022/03/14 
2022/03/15 	60.400001525878906	60.79999923706055	60.20000076293945	60.5	40004	2022/03/15 
2022/03/16 	60.5	60.5	59.29999923706055	60.5	58022	2022/03/16 
2022/03/17 	60.5	61.400001525878906	60.20000076293945	60.900001525878906	71000	2022/03/17 
2022/03/18 	61.400001525878906	61.400001525878906	60.79999923706055	61.0	38000	2022/03/18 
2022/03/21 	60.599998474121094	62.0	60.599998474121094	61.5	111000	2022/03/21 
2022/03/22 	62.0	62.0	60.099998474121094	60.79999923706055	109000	2022/03/22 
2022/03/23 	60.79999923706055	61.29999923706055	60.5	61.0	60000	2022/03/23 
2022/03/24 	61.0	61.0	60.0	60.20000076293945	71005	2022/03/24 
2022/03/25 	60.0	60.79999923706055	60.0	60.79999923706055	26000	2022/03/25 
2022/03/28 	60.79999923706055	61.5	60.29999923706055	60.29999923706055	17103	2022/03/28 
2022/03/29 	60.5	60.5	59.900001525878906	60.5	34000	2022/03/29 
2022/03/30 	60.5	60.5	59.900001525878906	60.0	39000	2022/03/30 
2022/03/31 	60.0	60.5	59.900001525878906	60.0	22000	2022/03/31 
2022/04/01 	60.0	60.5	60.0	60.0	28000	2022/04/01 
2022/04/06 	60.0	60.20000076293945	59.5	60.20000076293945	32000	2022/04/06 
2022/04/07 	60.400001525878906	60.400001525878906	59.29999923706055	60.0	24000	2022/04/07 
2022/04/08 	59.20000076293945	60.0	59.099998474121094	60.0	31000	2022/04/08 
2022/04/11 	60.0	60.0	58.79999923706055	60.0	31000	2022/04/11 
2022/04/12 	60.0	60.0	59.0	59.900001525878906	45000	2022/04/12 
2022/04/13 	59.900001525878906	59.900001525878906	59.0	59.900001525878906	72000	2022/04/13 
2022/04/14 	59.900001525878906	61.0	59.0	60.0	86000	2022/04/14 
2022/04/15 	60.0	60.0	59.29999923706055	59.79999923706055	14000	2022/04/15 
2022/04/18 	59.900001525878906	60.0	58.79999923706055	59.0	56025	2022/04/18 
2022/04/19 	59.0	59.0	58.0	58.0	67000	2022/04/19 
2022/04/20 	59.5	59.5	57.5	57.599998474121094	33000	2022/04/20 
2022/04/21 	57.29999923706055	58.5	57.29999923706055	57.900001525878906	32001	2022/04/21 
2022/04/22 	57.900001525878906	57.900001525878906	57.29999923706055	57.5	34000	2022/04/22 
2022/04/25 	57.099998474121094	58.099998474121094	56.0	58.0	81000	2022/04/25 
2022/04/26 	58.20000076293945	58.20000076293945	57.0	57.900001525878906	26000	2022/04/26 
2022/04/27 	57.099998474121094	57.099998474121094	56.5	56.5	11100	2022/04/27 
2022/04/28 	56.599998474121094	58.5	56.5	57.099998474121094	8000	2022/04/28 
2022/04/29 	56.29999923706055	57.099998474121094	56.29999923706055	57.099998474121094	12000	2022/04/29 
2022/05/03 	57.099998474121094	57.099998474121094	57.0	57.099998474121094	4000	2022/05/03 
2022/05/04 	57.0	58.70000076293945	56.29999923706055	56.29999923706055	18001	2022/05/04 
2022/05/05 	57.5	57.5	56.29999923706055	56.70000076293945	20000	2022/05/05 
2022/05/06 	56.0	56.70000076293945	56.0	56.5	21000	2022/05/06 
2022/05/09 	57.0	57.0	55.099998474121094	56.5	17000	2022/05/09 
2022/05/10 	56.400001525878906	56.400001525878906	55.29999923706055	56.29999923706055	4000	2022/05/10 
2022/05/11 	55.29999923706055	55.79999923706055	55.0	55.0	45000	2022/05/11 
2022/05/12 	56.70000076293945	56.70000076293945	54.599998474121094	54.599998474121094	18000	2022/05/12 
2022/05/13 	56.0	56.0	55.400001525878906	55.5	5000	2022/05/13 
2022/05/16 	56.5	56.5	55.5	55.5	2000	2022/05/16 
2022/05/17 	56.20000076293945	56.20000076293945	55.0	55.599998474121094	7000	2022/05/17 
2022/05/18 	56.099998474121094	56.099998474121094	54.29999923706055	55.0	22000	2022/05/18 
2022/05/19 	53.900001525878906	54.0	53.70000076293945	53.900001525878906	29018	2022/05/19 
2022/05/20 	55.099998474121094	56.5	54.599998474121094	55.70000076293945	19000	2022/05/20 
2022/05/23 	55.599998474121094	56.5	55.599998474121094	56.400001525878906	11000	2022/05/23 
2022/05/24 	56.5	56.5	56.0	56.0	5000	2022/05/24 
2022/05/25 	56.0	56.0	56.0	56.0	1000	2022/05/25 
2022/05/26 	56.0	56.0	56.0	56.0	1000	2022/05/26 
2022/05/27 	56.400001525878906	56.400001525878906	56.29999923706055	56.29999923706055	3000	2022/05/27 
2022/05/30 	56.5	56.5	56.0	56.5	12000	2022/05/30 
2022/05/31 	57.0	57.0	56.400001525878906	56.5	32000	2022/05/31 
2022/06/01 	56.5	57.0	55.599998474121094	55.599998474121094	46005	2022/06/01 
2022/06/02 	54.29999923706055	56.0	54.29999923706055	56.0	28000	2022/06/02 
2022/06/06 	56.400001525878906	56.400001525878906	55.29999923706055	55.400001525878906	25000	2022/06/06 
2022/06/07 	55.29999923706055	56.20000076293945	55.099998474121094	55.599998474121094	20000	2022/06/07 
2022/06/08 	55.900001525878906	56.099998474121094	55.900001525878906	56.099998474121094	15000	2022/06/08 
2022/06/09 	56.0	56.0	55.099998474121094	55.79999923706055	24000	2022/06/09 
2022/06/10 	55.0	55.900001525878906	55.0	55.900001525878906	25000	2022/06/10 
2022/06/13 	55.099998474121094	56.0	54.29999923706055	56.0	52000	2022/06/13 
2022/06/14 	55.900001525878906	55.900001525878906	54.5	54.599998474121094	32000	2022/06/14 
2022/06/15 	55.29999923706055	55.5	54.599998474121094	55.29999923706055	23218	2022/06/15 
2022/06/16 	55.79999923706055	55.79999923706055	54.79999923706055	55.29999923706055	5000	2022/06/16 
2022/06/17 	55.20000076293945	55.20000076293945	54.400001525878906	55.20000076293945	10000	2022/06/17 
2022/06/20 	55.5	55.79999923706055	54.400001525878906	54.400001525878906	24000	2022/06/20 
2022/06/21 	54.5	55.400001525878906	54.20000076293945	55.400001525878906	12000	2022/06/21 
2022/06/22 	55.5	55.5	55.400001525878906	55.400001525878906	2000	2022/06/22 
2022/06/23 	55.400001525878906	56.0	54.79999923706055	55.400001525878906	17000	2022/06/23 
2022/06/24 	55.79999923706055	55.900001525878906	54.70000076293945	55.0	14000	2022/06/24 
2022/06/27 	56.0	56.0	54.599998474121094	55.0	20000	2022/06/27 
2022/06/28 	55.5	55.5	54.29999923706055	54.79999923706055	9000	2022/06/28 
2022/06/29 	54.79999923706055	54.79999923706055	54.0	54.400001525878906	11000	2022/06/29 
2022/06/30 	54.400001525878906	54.400001525878906	53.599998474121094	54.29999923706055	7000	2022/06/30 
2022/07/01 	54.20000076293945	54.20000076293945	52.400001525878906	54.0	20002	2022/07/01 
2022/07/04 	54.0	54.400001525878906	54.0	54.0	14000	2022/07/04 
2022/07/05 	55.20000076293945	55.400001525878906	53.29999923706055	55.29999923706055	36000	2022/07/05 
2022/07/06 	55.5	55.900001525878906	55.29999923706055	55.400001525878906	6000	2022/07/06 
2022/07/07 	55.400001525878906	55.5	54.599998474121094	55.5	14000	2022/07/07 
2022/07/08 	55.5	55.599998474121094	55.20000076293945	55.5	6000	2022/07/08 
2022/07/11 	57.79999923706055	57.79999923706055	54.599998474121094	55.0	769000	2022/07/11 
2022/07/12 	54.599998474121094	55.0	53.599998474121094	54.5	23000	2022/07/12 
2022/07/13 	55.0	55.0	52.599998474121094	54.79999923706055	73000	2022/07/13 
2022/07/14 	54.0	55.0	54.0	54.79999923706055	4000	2022/07/14 
2022/07/15 	54.099998474121094	55.0	53.5	55.0	25000	2022/07/15 
2022/07/18 	55.5	55.5	54.20000076293945	54.20000076293945	29060	2022/07/18 
2022/07/19 	54.20000076293945	54.29999923706055	54.20000076293945	54.29999923706055	3000	2022/07/19 
2022/07/20 	54.20000076293945	54.599998474121094	53.5	54.599998474121094	27000	2022/07/20 
2022/07/21 	55.0	56.099998474121094	54.900001525878906	56.099998474121094	43025	2022/07/21 
2022/07/22 	52.099998474121094	52.099998474121094	50.400001525878906	51.599998474121094	40000	2022/07/22 
2022/07/25 	52.0	52.29999923706055	50.599998474121094	51.70000076293945	26000	2022/07/25 
2022/07/26 	51.70000076293945	51.70000076293945	50.5	51.29999923706055	14000	2022/07/26 
2022/07/27 	51.400001525878906	51.400001525878906	50.599998474121094	51.099998474121094	17000	2022/07/27 
2022/07/28 	51.5	53.0	50.599998474121094	53.0	36000	2022/07/28 
2022/07/29 	53.0	54.0	53.0	54.0	125157	2022/07/29 
2022/08/01 	54.20000076293945	54.5	53.5	54.0	10000	2022/08/01 
2022/08/02 	53.900001525878906	53.900001525878906	53.0	53.79999923706055	16000	2022/08/02 
2022/08/03 	54.0	54.0	53.0	53.79999923706055	5000	2022/08/03 
2022/08/04 	53.79999923706055	54.0	53.0	53.5	12000	2022/08/04 
2022/08/05 	53.900001525878906	54.0	53.900001525878906	53.900001525878906	15000	2022/08/05 
2022/08/08 	54.5	54.5	54.0	54.400001525878906	31041	2022/08/08 
2022/08/09 	55.0	55.0	53.29999923706055	54.70000076293945	53001	2022/08/09 
2022/08/10 	54.099998474121094	54.70000076293945	53.900001525878906	54.20000076293945	18409	2022/08/10 
2022/08/11 	54.0	56.70000076293945	54.0	56.5	170068	2022/08/11 
2022/08/12 	57.0	57.0	55.79999923706055	56.79999923706055	15000	2022/08/12 
2022/08/15 	56.79999923706055	57.0	55.20000076293945	57.0	62000	2022/08/15 
2022/08/16 	57.0	57.0	55.5	56.900001525878906	95000	2022/08/16 
2022/08/17 	56.599998474121094	56.599998474121094	55.29999923706055	55.5	77000	2022/08/17 
2022/08/18 	55.5	55.5	54.79999923706055	55.0	13000	2022/08/18 
2022/08/19 	54.099998474121094	55.099998474121094	54.099998474121094	55.0	33000	2022/08/19 
2022/08/22 	55.0	55.0	55.0	55.0	9000	2022/08/22 
2022/08/23 	55.0	55.0	54.400001525878906	54.599998474121094	21000	2022/08/23 
2022/08/24 	54.599998474121094	54.599998474121094	54.099998474121094	54.29999923706055	19000	2022/08/24 
2022/08/25 	54.29999923706055	54.400001525878906	53.599998474121094	53.70000076293945	23000	2022/08/25 
2022/08/26 	53.70000076293945	54.099998474121094	53.0	54.0	40000	2022/08/26 
2022/08/29 	53.900001525878906	53.900001525878906	53.0	53.5	22000	2022/08/29 
2022/08/30 	52.79999923706055	54.0	52.79999923706055	54.0	24000	2022/08/30 
2022/08/31 	54.0	55.20000076293945	53.599998474121094	53.70000076293945	14000	2022/08/31 
2022/09/01 	53.099998474121094	53.900001525878906	52.20000076293945	53.79999923706055	67000	2022/09/01 
2022/09/02 	54.0	54.0	53.29999923706055	53.79999923706055	36000	2022/09/02 
2022/09/05 	53.79999923706055	54.0	53.79999923706055	54.0	13000	2022/09/05 
2022/09/06 	53.900001525878906	53.900001525878906	52.29999923706055	53.900001525878906	37000	2022/09/06 
2022/09/07 	53.79999923706055	53.79999923706055	52.70000076293945	53.5	26000	2022/09/07 
2022/09/08 	52.79999923706055	54.20000076293945	52.70000076293945	54.20000076293945	58000	2022/09/08 
2022/09/12 	54.099998474121094	55.5	53.400001525878906	55.5	37000	2022/09/12 
2022/09/13 	54.900001525878906	54.900001525878906	54.0	54.0	15000	2022/09/13 
2022/09/14 	54.099998474121094	54.099998474121094	53.0	53.0	16000	2022/09/14 
2022/09/15 	53.0	53.5	52.900001525878906	53.29999923706055	8000	2022/09/15 
2022/09/16 	53.29999923706055	53.29999923706055	52.599998474121094	52.79999923706055	18000	2022/09/16 
2022/09/19 	53.20000076293945	53.20000076293945	51.5	52.79999923706055	21000	2022/09/19 
2022/09/20 	52.79999923706055	53.0	51.70000076293945	52.79999923706055	25000	2022/09/20 
2022/09/21 	52.70000076293945	53.0	50.29999923706055	50.29999923706055	23140	2022/09/21 
2022/09/22 	51.400001525878906	53.79999923706055	50.79999923706055	53.79999923706055	65100	2022/09/22 
2022/09/23 	53.5	53.5	51.79999923706055	52.5	29000	2022/09/23 
2022/09/26 	52.0	52.0	50.20000076293945	51.0	40000	2022/09/26 
2022/09/27 	51.5	51.5	50.0	50.5	31000	2022/09/27 
2022/09/28 	50.599998474121094	50.599998474121094	49.5	50.0	31000	2022/09/28 
2022/09/29 	51.70000076293945	51.70000076293945	49.900001525878906	51.0	33000	2022/09/29 
2022/09/30 	50.79999923706055	51.0	50.0	51.0	30000	2022/09/30 
2022/10/03 	50.5	50.5	50.0	50.5	17000	2022/10/03 
2022/10/04 	50.5	52.0	50.29999923706055	51.0	18000	2022/10/04 
2022/10/05 	50.599998474121094	51.20000076293945	50.29999923706055	51.20000076293945	28000	2022/10/05 
2022/10/06 	50.400001525878906	50.900001525878906	50.400001525878906	50.5	18000	2022/10/06 
2022/10/07 	50.5	50.5	49.79999923706055	50.5	20101	2022/10/07 
2022/10/11 	50.400001525878906	50.400001525878906	48.0	50.099998474121094	20000	2022/10/11 
2022/10/12 	50.29999923706055	50.29999923706055	49.0	50.0	27000	2022/10/12 
2022/10/13 	50.0	50.0	49.0	50.0	21000	2022/10/13 
2022/10/14 	50.20000076293945	50.20000076293945	49.25	49.900001525878906	44000	2022/10/14 
2022/10/17 	49.79999923706055	49.79999923706055	49.25	49.349998474121094	11000	2022/10/17 
2022/10/18 	49.849998474121094	49.849998474121094	49.04999923706055	49.45000076293945	12000	2022/10/18 
2022/10/19 	49.0	49.349998474121094	48.79999923706055	48.79999923706055	17000	2022/10/19 
2022/10/20 	48.70000076293945	48.70000076293945	47.0	47.79999923706055	22000	2022/10/20 
2022/10/21 	48.0	48.5	47.0	47.0	13000	2022/10/21 
2022/10/24 	47.0	47.5	46.29999923706055	46.75	11000	2022/10/24 
2022/10/25 	46.75	48.349998474121094	46.400001525878906	48.0	18000	2022/10/25 
2022/10/26 	47.95000076293945	48.29999923706055	46.75	48.29999923706055	23000	2022/10/26 
2022/10/27 	47.5	48.0	47.45000076293945	47.95000076293945	17000	2022/10/27 
2022/10/28 	47.25	47.900001525878906	47.0	47.900001525878906	618000	2022/10/28 
2022/10/31 	47.150001525878906	48.0	47.150001525878906	48.0	17000	2022/10/31 
2022/11/01 	48.099998474121094	48.099998474121094	47.349998474121094	47.599998474121094	16000	2022/11/01 
2022/11/02 	47.150001525878906	47.849998474121094	46.95000076293945	47.54999923706055	15000	2022/11/02 
2022/11/03 	47.5	47.54999923706055	46.599998474121094	47.5	19000	2022/11/03 
2022/11/04 	48.0	49.0	47.5	47.5	7000	2022/11/04 
2022/11/07 	47.150001525878906	47.900001525878906	47.150001525878906	47.650001525878906	12483	2022/11/07 
2022/11/08 	47.75	47.75	47.650001525878906	47.70000076293945	5000	2022/11/08 
2022/11/09 	47.70000076293945	47.75	47.0	47.650001525878906	24000	2022/11/09 
2022/11/10 	47.0	47.5	46.0	46.79999923706055	446000	2022/11/10 
2022/11/11 	47.70000076293945	48.099998474121094	46.45000076293945	47.099998474121094	31000	2022/11/11 
2022/11/14 	46.79999923706055	46.79999923706055	42.70000076293945	43.29999923706055	73000	2022/11/14 
2022/11/15 	43.400001525878906	46.95000076293945	42.900001525878906	46.25	106074	2022/11/15 
2022/11/16 	46.349998474121094	46.349998474121094	45.29999923706055	45.29999923706055	21000	2022/11/16 
2022/11/17 	45.29999923706055	46.099998474121094	45.29999923706055	46.099998474121094	16000	2022/11/17 
2022/11/18 	46.29999923706055	49.5	46.099998474121094	48.79999923706055	61000	2022/11/18 
2022/11/21 	49.0	49.0	46.20000076293945	48.79999923706055	65000	2022/11/21 
2022/11/22 	48.849998474121094	48.849998474121094	47.5	47.900001525878906	18000	2022/11/22 
2022/11/23 	48.0	48.04999923706055	47.099998474121094	48.04999923706055	16000	2022/11/23 
2022/11/24 	48.95000076293945	48.95000076293945	47.45000076293945	48.5	10000	2022/11/24 
2022/11/25 	48.29999923706055	50.20000076293945	48.29999923706055	48.95000076293945	28000	2022/11/25 
2022/11/28 	49.0	49.0	48.5	48.95000076293945	4000	2022/11/28 
2022/11/29 	49.599998474121094	50.20000076293945	48.0	48.04999923706055	17000	2022/11/29 
2022/11/30 	48.04999923706055	48.04999923706055	47.20000076293945	47.599998474121094	19000	2022/11/30 
2022/12/01 	48.0	48.0	47.099998474121094	47.70000076293945	14000	2022/12/01 
2022/12/02 	47.04999923706055	48.0	47.04999923706055	48.0	20000	2022/12/02 
2022/12/05 	48.29999923706055	48.29999923706055	47.79999923706055	48.25	14000	2022/12/05 
2022/12/06 	48.04999923706055	48.04999923706055	47.400001525878906	48.0	17000	2022/12/06 
2022/12/07 	48.349998474121094	48.349998474121094	47.20000076293945	47.20000076293945	13308	2022/12/07 
2022/12/08 	47.70000076293945	47.79999923706055	47.0	47.79999923706055	13000	2022/12/08 
2022/12/09 	47.79999923706055	48.099998474121094	47.099998474121094	48.099998474121094	52000	2022/12/09 
2022/12/12 	48.0	48.0	47.20000076293945	47.20000076293945	7000	2022/12/12 
2022/12/13 	47.79999923706055	47.79999923706055	46.95000076293945	47.099998474121094	14000	2022/12/13 
2022/12/14 	47.599998474121094	47.95000076293945	46.70000076293945	47.95000076293945	22000	2022/12/14 
2022/12/15 	47.900001525878906	47.95000076293945	47.400001525878906	47.900001525878906	12000	2022/12/15 
2022/12/16 	48.0	48.0	47.0	47.0	20000	2022/12/16 
2022/12/19 	46.95000076293945	47.0	46.5	47.0	109000	2022/12/19 
2022/12/20 	47.0	47.099998474121094	46.5	47.099998474121094	93000	2022/12/20 
2022/12/21 	47.099998474121094	47.5	46.5	46.5	20416	2022/12/21 
2022/12/22 	46.900001525878906	46.900001525878906	46.5	46.79999923706055	12000	2022/12/22 
2022/12/23 	47.0	47.04999923706055	46.0	47.04999923706055	43000	2022/12/23 
2022/12/26 	47.04999923706055	47.04999923706055	46.20000076293945	46.20000076293945	16000	2022/12/26 
2022/12/27 	46.0	46.5	45.599998474121094	45.849998474121094	35000	2022/12/27 
2022/12/28 	45.95000076293945	46.25	45.150001525878906	46.25	27034	2022/12/28 
2022/12/29 	46.0	46.900001525878906	45.900001525878906	46.900001525878906	6001	2022/12/29 
2022/12/30 	46.849998474121094	47.5	45.900001525878906	47.5	68000	2022/12/30 
2023/01/03 	46.900001525878906	47.20000076293945	46.45000076293945	46.79999923706055	5008	2023/01/03 
2023/01/04 	47.0	47.0	46.099998474121094	47.0	8000	2023/01/04 
2023/01/05 	47.29999923706055	47.29999923706055	45.599998474121094	45.599998474121094	34000	2023/01/05 
2023/01/06 	45.599998474121094	45.79999923706055	45.349998474121094	45.75	10000	2023/01/06 
2023/01/09 	46.25	46.25	45.5	45.95000076293945	9000	2023/01/09 
2023/01/10 	46.04999923706055	46.04999923706055	45.70000076293945	46.0	11000	2023/01/10 
2023/01/11 	46.0	46.0	45.650001525878906	46.0	8000	2023/01/11 
2023/01/12 	45.95000076293945	45.95000076293945	44.75	45.0	52000	2023/01/12 
2023/01/13 	45.0	45.79999923706055	45.0	45.29999923706055	24022	2023/01/13 
2023/01/16 	45.29999923706055	46.0	44.900001525878906	45.349998474121094	24000	2023/01/16 
2023/01/17 	45.349998474121094	45.75	44.79999923706055	45.75	58000	2023/01/17 
2023/01/30 	45.849998474121094	45.849998474121094	45.0	45.75	42021	2023/01/30 
2023/01/31 	45.70000076293945	45.70000076293945	45.20000076293945	45.20000076293945	19000	2023/01/31 
2023/02/01 	45.70000076293945	49.0	44.79999923706055	49.0	104000	2023/02/01 
2023/02/02 	47.599998474121094	47.599998474121094	45.79999923706055	45.79999923706055	91200	2023/02/02 
2023/02/03 	45.599998474121094	45.70000076293945	44.599998474121094	44.95000076293945	136000	2023/02/03 
2023/02/06 	44.5	44.95000076293945	44.5	44.95000076293945	13000	2023/02/06 
2023/02/07 	44.95000076293945	45.04999923706055	44.45000076293945	44.75	22000	2023/02/07 
2023/02/08 	44.650001525878906	44.650001525878906	44.400001525878906	44.45000076293945	23000	2023/02/08 
2023/02/09 	44.25	44.5	43.79999923706055	44.5	65000	2023/02/09 
2023/02/10 	44.400001525878906	44.400001525878906	43.75	43.849998474121094	26000	2023/02/10 
2023/02/13 	43.75	43.75	42.79999923706055	43.5	38033	2023/02/13 
2023/02/14 	43.5	43.5	42.79999923706055	42.900001525878906	29000	2023/02/14 
2023/02/15 	42.900001525878906	43.0	42.70000076293945	43.0	57000	2023/02/15 
2023/02/16 	43.0	43.29999923706055	42.79999923706055	43.099998474121094	19000	2023/02/16 
2023/02/17 	43.0	43.099998474121094	42.54999923706055	42.599998474121094	16000	2023/02/17 
2023/02/20 	42.599998474121094	43.0	42.5	42.79999923706055	15000	2023/02/20 
2023/02/21 	42.79999923706055	43.25	42.79999923706055	43.25	18000	2023/02/21 
2023/02/22 	43.20000076293945	43.29999923706055	43.099998474121094	43.29999923706055	12000	2023/02/22 
2023/02/23 	43.29999923706055	44.29999923706055	43.25	44.099998474121094	23000	2023/02/23 
2023/02/24 	44.20000076293945	44.20000076293945	43.29999923706055	43.5	19000	2023/02/24 
2023/03/01 	44.0	44.0	43.099998474121094	43.099998474121094	23006	2023/03/01 
2023/03/02 	43.04999923706055	43.099998474121094	42.0	42.0	134000	2023/03/02 
2023/03/03 	41.95000076293945	42.650001525878906	41.599998474121094	42.599998474121094	29008	2023/03/03 
2023/03/06 	42.599998474121094	42.599998474121094	41.70000076293945	41.70000076293945	59000	2023/03/06 
2023/03/07 	41.70000076293945	42.54999923706055	41.5	42.54999923706055	35000	2023/03/07 
2023/03/08 	42.349998474121094	42.5	42.0	42.04999923706055	18000	2023/03/08 
2023/03/09 	42.04999923706055	42.099998474121094	41.5	42.099998474121094	76001	2023/03/09 
2023/03/10 	42.0	42.0	41.20000076293945	41.20000076293945	44000	2023/03/10 
2023/03/13 	41.150001525878906	41.79999923706055	40.70000076293945	41.79999923706055	46100	2023/03/13 
2023/03/14 	41.79999923706055	42.20000076293945	41.5	41.95000076293945	18000	2023/03/14 
2023/03/15 	41.95000076293945	42.150001525878906	41.29999923706055	41.75	27050	2023/03/15 
2023/03/16 	41.849998474121094	41.849998474121094	40.400001525878906	41.20000076293945	17000	2023/03/16 
2023/03/17 	41.75	41.75	41.04999923706055	41.29999923706055	17000	2023/03/17 
2023/03/20 	40.75	42.099998474121094	40.75	41.70000076293945	11024	2023/03/20 
2023/03/21 	41.25	41.70000076293945	41.150001525878906	41.400001525878906	15000	2023/03/21 
2023/03/22 	41.20000076293945	41.400001525878906	41.04999923706055	41.04999923706055	30050	2023/03/22 
2023/03/23 	41.04999923706055	41.400001525878906	41.04999923706055	41.29999923706055	14000	2023/03/23 
2023/03/24 	41.29999923706055	41.650001525878906	41.29999923706055	41.400001525878906	9000	2023/03/24 
2023/03/27 	41.650001525878906	41.650001525878906	41.5	41.599998474121094	12024	2023/03/27 
2023/03/28 	41.650001525878906	41.95000076293945	41.400001525878906	41.599998474121094	17000	2023/03/28 
2023/03/29 	41.599998474121094	41.599998474121094	40.5	40.54999923706055	49000	2023/03/29 
2023/03/30 	41.0	41.599998474121094	41.0	41.099998474121094	50000	2023/03/30 
2023/03/31 	41.0	41.79999923706055	41.0	41.20000076293945	22000	2023/03/31 
2023/04/06 	41.29999923706055	41.29999923706055	40.20000076293945	40.599998474121094	38034	2023/04/06 
2023/04/07 	40.599998474121094	41.0	40.349998474121094	40.849998474121094	17034	2023/04/07 
