Date	Open	High	Low	Close	Volume	Date
2019/11/19 	368.0	585.0	368.0	570.0	1289770	2019/11/19 
2019/11/20 	572.0	595.0	550.0	565.0	360393	2019/11/20 
2019/11/21 	560.0	565.0	520.010009765625	539.989990234375	455648	2019/11/21 
2019/11/22 	540.0	540.0	478.010009765625	480.1199951171875	485426	2019/11/22 
2019/11/25 	485.0	495.0	448.010009765625	455.0	422287	2019/11/25 
2019/11/26 	460.0	478.0	452.0	473.989990234375	218346	2019/11/26 
2019/11/27 	472.0	473.0	435.010009765625	461.0	257703	2019/11/27 
2019/11/28 	451.0	497.0	451.0	489.0	254799	2019/11/28 
2019/11/29 	494.989990234375	515.3300170898438	485.0	498.0	365481	2019/11/29 
2019/12/02 	505.0	525.0	485.0	522.989990234375	267534	2019/12/02 
2019/12/03 	515.0	520.0	505.0	508.0	111811	2019/12/03 
2019/12/04 	508.0	508.0	494.0	500.0	134788	2019/12/04 
2019/12/05 	503.0	503.0	495.0	502.0	107171	2019/12/05 
2019/12/06 	497.0	502.0	478.0	481.989990234375	276975	2019/12/06 
2019/12/09 	490.0	494.7300109863281	468.010009765625	480.0	227636	2019/12/09 
2019/12/10 	480.0	505.0	479.0	487.0	188612	2019/12/10 
2019/12/11 	495.0	498.0	485.010009765625	490.0	116160	2019/12/11 
2019/12/12 	490.0	493.989990234375	486.0	487.0	57882	2019/12/12 
2019/12/13 	486.0	494.989990234375	483.0	484.0	87899	2019/12/13 
2019/12/16 	487.0	491.0	478.010009765625	484.0	54281	2019/12/16 
2019/12/17 	489.0	502.0	485.0	497.79998779296875	175549	2019/12/17 
2019/12/18 	496.0	498.0	482.010009765625	482.010009765625	121723	2019/12/18 
2019/12/19 	487.0	487.0	476.0	484.0	83656	2019/12/19 
2019/12/20 	481.0	488.0	477.0	480.989990234375	119163	2019/12/20 
2019/12/23 	484.0	484.0	472.0	477.0	128469	2019/12/23 
2019/12/24 	476.0	478.5	474.010009765625	476.0	58052	2019/12/24 
2019/12/25 	473.0	476.0	469.0	473.0	73438	2019/12/25 
2019/12/26 	471.0	475.0	469.0	470.989990234375	104110	2019/12/26 
2019/12/27 	474.989990234375	474.989990234375	468.0	471.0	88830	2019/12/27 
2019/12/30 	469.0	474.0	468.010009765625	469.0	56507	2019/12/30 
2019/12/31 	473.0	473.0	464.0	464.0	72080	2019/12/31 
2020/01/02 	463.0	472.0	460.010009765625	468.0	172103	2020/01/02 
2020/01/03 	465.0	468.0	456.0	461.0	195898	2020/01/03 
2020/01/06 	460.0	462.0	446.010009765625	453.0	250017	2020/01/06 
2020/01/07 	455.0	457.0	436.1099853515625	438.0	196979	2020/01/07 
2020/01/08 	442.0	455.0	426.0	446.0	319075	2020/01/08 
2020/01/09 	438.0	449.0	437.0	446.989990234375	42760	2020/01/09 
2020/01/10 	443.0	443.67999267578125	430.0	436.0	85405	2020/01/10 
2020/01/13 	432.0	432.0	398.0	410.0	343015	2020/01/13 
2020/01/14 	410.0	412.9700012207031	384.0	392.0	475930	2020/01/14 
2020/01/15 	388.0	393.0	368.5	369.0	438530	2020/01/15 
2020/01/16 	370.0	381.989990234375	369.0	376.0	311642	2020/01/16 
2020/01/17 	376.0	378.989990234375	368.0	373.8900146484375	146624	2020/01/17 
2020/01/20 	373.0	397.0	370.0	396.0	180694	2020/01/20 
2020/01/30 	390.0	390.5	361.0	365.0	169825	2020/01/30 
2020/01/31 	366.0	370.0	359.8500061035156	370.0	68212	2020/01/31 
2020/02/03 	360.0	360.0	318.0	328.0	237844	2020/02/03 
2020/02/04 	330.0	345.0	328.0	340.0	97375	2020/02/04 
2020/02/05 	345.0	345.0	330.510009765625	332.0	93341	2020/02/05 
2020/02/06 	339.989990234375	347.0	335.0	339.510009765625	132022	2020/02/06 
2020/02/07 	341.0	342.0	336.5	340.0	70840	2020/02/07 
2020/02/10 	336.0	340.5	334.0	336.7099914550781	110597	2020/02/10 
2020/02/11 	340.0	354.5	335.1000061035156	352.79998779296875	154471	2020/02/11 
2020/02/12 	350.0	397.5	350.0	394.0	546976	2020/02/12 
2020/02/13 	394.989990234375	397.989990234375	383.0	388.0	281496	2020/02/13 
2020/02/14 	385.0	393.8900146484375	381.510009765625	385.1499938964844	251157	2020/02/14 
2020/02/17 	382.0	385.0	378.010009765625	380.489990234375	143583	2020/02/17 
2020/02/18 	382.989990234375	382.989990234375	376.0	377.0	75388	2020/02/18 
2020/02/19 	375.010009765625	377.29998779296875	374.0	375.5199890136719	53143	2020/02/19 
2020/02/20 	375.510009765625	389.0	375.510009765625	384.5	77040	2020/02/20 
2020/02/21 	386.0	386.0	383.0	386.0	63456	2020/02/21 
2020/02/24 	383.0	383.0	369.54998779296875	376.20001220703125	160937	2020/02/24 
2020/02/25 	372.0	372.0	362.0	370.0	117520	2020/02/25 
2020/02/26 	370.0	372.0	365.79998779296875	371.0	100761	2020/02/26 
2020/02/27 	369.8999938964844	375.0	355.0	359.0	99837	2020/02/27 
2020/03/02 	350.0	357.0	349.8800048828125	352.0	127758	2020/03/02 
2020/03/03 	355.0	364.8999938964844	355.0	360.0	162790	2020/03/03 
2020/03/04 	360.0	362.0	359.0	361.19000244140625	85900	2020/03/04 
2020/03/05 	363.0	369.5	363.0	367.0	106415	2020/03/05 
2020/03/06 	365.5	366.0	360.010009765625	362.0199890136719	65356	2020/03/06 
2020/03/09 	360.0	360.0	349.010009765625	350.5	132263	2020/03/09 
2020/03/10 	350.0	353.0	340.0	353.0	91282	2020/03/10 
2020/03/11 	350.0	352.0	340.0	340.0	156825	2020/03/11 
2020/03/12 	340.0	341.0	323.0	325.0	203096	2020/03/12 
2020/03/13 	320.0	324.0	274.0299987792969	285.510009765625	409565	2020/03/13 
2020/03/16 	287.8999938964844	287.8999938964844	253.2100067138672	255.0	339344	2020/03/16 
2020/03/17 	251.75	251.75	229.0	229.99000549316406	277938	2020/03/17 
2020/03/18 	220.0	230.0	205.0	205.0	338843	2020/03/18 
2020/03/19 	200.0	200.0	170.0	174.8000030517578	462924	2020/03/19 
2020/03/20 	176.0	236.83999633789062	174.0	228.99000549316406	492456	2020/03/20 
2020/03/23 	218.5	219.0	187.0	203.0	363166	2020/03/23 
2020/03/24 	204.5	239.5	204.5	224.0	312554	2020/03/24 
2020/03/25 	230.0	250.0	229.0	237.0	317993	2020/03/25 
2020/03/26 	240.0	248.0	230.0	239.5	314427	2020/03/26 
2020/03/27 	247.0	286.5	247.0	276.0	577197	2020/03/27 
2020/03/30 	276.0	276.0	276.0	276.0	0	2020/03/30 
2020/03/31 	276.0	276.0	276.0	276.0	0	2020/03/31 
2020/04/01 	276.0	276.0	276.0	276.0	0	2020/04/01 
2020/04/06 	253.5	260.0	247.5	257.0	230148	2020/04/06 
2020/04/07 	266.0	279.5	266.0	275.0	319275	2020/04/07 
2020/04/08 	275.5	291.5	275.0	290.0	230240	2020/04/08 
2020/04/09 	296.0	310.5	292.5	299.0	355603	2020/04/09 
2020/04/10 	303.0	326.5	303.0	326.0	464910	2020/04/10 
2020/04/13 	320.0	325.0	307.0	315.5	306749	2020/04/13 
2020/04/14 	316.0	345.0	316.0	341.0	363044	2020/04/14 
2020/04/15 	345.0	357.0	342.0	349.0	347300	2020/04/15 
2020/04/16 	345.0	353.0	333.0	350.0	338766	2020/04/16 
2020/04/17 	353.0	362.5	343.5	346.0	384194	2020/04/17 
2020/04/20 	350.0	351.0	336.0	345.0	181913	2020/04/20 
2020/04/21 	343.0	351.5	336.5	338.0	184067	2020/04/21 
2020/04/22 	335.0	338.0	318.5	335.0	245574	2020/04/22 
2020/04/23 	335.0	335.0	335.0	335.0	0	2020/04/23 
2020/04/24 	335.0	335.0	335.0	335.0	0	2020/04/24 
2020/04/27 	335.0	335.0	335.0	335.0	0	2020/04/27 
2020/04/28 	335.0	335.0	335.0	335.0	0	2020/04/28 
2020/04/29 	335.0	335.0	335.0	335.0	0	2020/04/29 
2020/04/30 	335.0	335.0	335.0	335.0	0	2020/04/30 
2020/05/04 	335.0	335.0	335.0	335.0	0	2020/05/04 
2020/05/05 	335.0	335.0	335.0	335.0	0	2020/05/05 
2020/05/06 	335.0	335.0	335.0	335.0	0	2020/05/06 
2020/05/07 	335.0	335.0	335.0	335.0	0	2020/05/07 
2020/05/08 	335.0	335.0	335.0	335.0	0	2020/05/08 
2020/05/11 	335.0	335.0	335.0	335.0	0	2020/05/11 
2020/05/12 	335.0	335.0	335.0	335.0	0	2020/05/12 
2020/05/13 	335.0	335.0	335.0	335.0	0	2020/05/13 
2020/05/14 	335.0	335.0	335.0	335.0	0	2020/05/14 
2020/05/15 	335.0	335.0	335.0	335.0	0	2020/05/15 
2020/05/18 	335.0	335.0	335.0	335.0	0	2020/05/18 
2020/05/19 	335.0	335.0	335.0	335.0	0	2020/05/19 
2020/05/20 	335.0	335.0	335.0	335.0	0	2020/05/20 
2020/05/21 	335.0	335.0	335.0	335.0	0	2020/05/21 
2020/05/22 	335.0	335.0	335.0	335.0	0	2020/05/22 
2020/05/25 	335.0	335.0	335.0	335.0	0	2020/05/25 
2020/05/26 	335.0	335.0	335.0	335.0	0	2020/05/26 
2020/05/27 	335.0	335.0	335.0	335.0	0	2020/05/27 
2020/05/28 	335.0	335.0	335.0	335.0	0	2020/05/28 
2020/05/29 	335.0	335.0	335.0	335.0	0	2020/05/29 
2020/06/01 	335.0	335.0	335.0	335.0	0	2020/06/01 
2020/06/02 	335.0	335.0	335.0	335.0	0	2020/06/02 
2020/06/03 	335.0	335.0	335.0	335.0	0	2020/06/03 
2020/06/04 	335.0	335.0	335.0	335.0	0	2020/06/04 
2020/06/05 	335.0	335.0	335.0	335.0	0	2020/06/05 
2020/06/08 	335.0	335.0	335.0	335.0	0	2020/06/08 
2020/06/09 	335.0	335.0	335.0	335.0	0	2020/06/09 
2020/06/10 	335.0	335.0	335.0	335.0	0	2020/06/10 
2020/06/11 	335.0	335.0	335.0	335.0	0	2020/06/11 
2020/06/12 	335.0	335.0	335.0	335.0	0	2020/06/12 
2020/06/15 	335.0	335.0	335.0	335.0	0	2020/06/15 
2020/06/16 	335.0	335.0	335.0	335.0	0	2020/06/16 
2020/06/17 	335.0	335.0	335.0	335.0	0	2020/06/17 
2020/06/18 	335.0	335.0	335.0	335.0	0	2020/06/18 
2020/06/19 	335.0	335.0	335.0	335.0	0	2020/06/19 
2020/06/22 	335.0	335.0	335.0	335.0	0	2020/06/22 
2020/06/23 	335.0	335.0	335.0	335.0	0	2020/06/23 
2020/06/24 	335.0	335.0	335.0	335.0	0	2020/06/24 
2020/06/29 	335.0	335.0	335.0	335.0	0	2020/06/29 
2020/06/30 	335.0	335.0	335.0	335.0	0	2020/06/30 
2020/07/01 	335.0	335.0	335.0	335.0	0	2020/07/01 
2020/07/02 	335.0	335.0	335.0	335.0	0	2020/07/02 
2020/07/03 	335.0	335.0	335.0	335.0	0	2020/07/03 
2020/07/06 	335.0	335.0	335.0	335.0	0	2020/07/06 
2020/07/07 	335.0	335.0	335.0	335.0	0	2020/07/07 
2020/07/08 	335.0	335.0	335.0	335.0	0	2020/07/08 
2020/07/09 	335.0	335.0	335.0	335.0	0	2020/07/09 
2020/07/10 	335.0	335.0	335.0	335.0	0	2020/07/10 
2020/07/13 	335.0	335.0	335.0	335.0	0	2020/07/13 
2020/07/14 	335.0	335.0	335.0	335.0	0	2020/07/14 
2020/07/15 	335.0	335.0	335.0	335.0	0	2020/07/15 
2020/07/16 	335.0	335.0	335.0	335.0	0	2020/07/16 
2020/07/17 	335.0	335.0	335.0	335.0	0	2020/07/17 
2020/07/20 	335.0	335.0	335.0	335.0	0	2020/07/20 
2020/07/21 	335.0	335.0	335.0	335.0	0	2020/07/21 
2020/07/22 	335.0	335.0	335.0	335.0	0	2020/07/22 
2020/07/23 	335.0	335.0	335.0	335.0	0	2020/07/23 
2020/07/24 	335.0	335.0	335.0	335.0	0	2020/07/24 
2020/07/27 	476.0	489.0	470.0	476.5	176773	2020/07/27 
2020/07/28 	479.0	481.5	462.0	466.0	229223	2020/07/28 
2020/07/29 	470.0	477.0	462.0	471.0	58515	2020/07/29 
2020/07/30 	470.5	471.5	456.5	466.5	182771	2020/07/30 
2020/07/31 	467.0	477.0	460.0	475.0	195440	2020/07/31 
2020/08/03 	480.0	495.0	479.0	491.0	322119	2020/08/03 
2020/08/04 	500.0	520.0	498.0	504.0	249773	2020/08/04 
2020/08/05 	510.0	515.0	497.0	500.0	86601	2020/08/05 
2020/08/06 	505.0	508.0	499.0	501.0	87608	2020/08/06 
2020/08/07 	505.0	506.0	479.0	489.5	191529	2020/08/07 
2020/08/10 	487.5	488.0	458.5	466.0	163192	2020/08/10 
2020/08/11 	470.0	470.0	456.0	456.5	146287	2020/08/11 
2020/08/12 	464.5	465.0	455.0	458.5	57934	2020/08/12 
2020/08/13 	461.5	469.0	461.0	462.0	72227	2020/08/13 
2020/08/14 	459.5	463.0	435.0	455.5	276660	2020/08/14 
2020/08/17 	454.0	459.0	444.0	451.0	93007	2020/08/17 
2020/08/18 	450.5	450.5	435.5	439.5	224365	2020/08/18 
2020/08/19 	441.0	442.0	430.5	431.5	56866	2020/08/19 
2020/08/20 	428.5	428.5	380.5	399.0	357764	2020/08/20 
2020/08/21 	400.5	415.5	400.0	409.0	169078	2020/08/21 
2020/08/24 	413.5	413.5	405.0	408.0	80448	2020/08/24 
2020/08/25 	408.5	409.5	400.0	404.5	48488	2020/08/25 
2020/08/26 	403.0	405.5	392.0	401.0	136039	2020/08/26 
2020/08/27 	403.0	422.0	403.0	414.0	192638	2020/08/27 
2020/08/28 	416.0	417.0	409.0	416.0	109971	2020/08/28 
2020/08/31 	416.0	416.5	406.0	409.0	69701	2020/08/31 
2020/09/01 	408.0	408.0	405.0	405.5	47061	2020/09/01 
2020/09/02 	407.5	408.5	403.0	404.5	68238	2020/09/02 
2020/09/03 	405.0	407.5	397.0	398.0	170818	2020/09/03 
2020/09/04 	396.5	398.0	386.0	394.0	92619	2020/09/04 
2020/09/07 	394.0	402.5	394.0	395.5	72455	2020/09/07 
2020/09/08 	398.0	398.0	383.0	386.5	271651	2020/09/08 
2020/09/09 	380.0	383.0	368.5	373.0	264719	2020/09/09 
2020/09/10 	377.0	377.0	363.5	369.0	197255	2020/09/10 
2020/09/11 	369.0	376.5	361.5	376.5	41349	2020/09/11 
2020/09/14 	370.0	403.0	370.0	395.0	278882	2020/09/14 
2020/09/15 	400.0	411.5	399.0	399.0	107320	2020/09/15 
2020/09/16 	404.0	404.0	384.0	397.5	93108	2020/09/16 
2020/09/17 	395.0	406.5	393.0	398.0	71411	2020/09/17 
2020/09/18 	402.0	417.0	402.0	413.0	178515	2020/09/18 
2020/09/21 	410.0	410.0	400.5	404.5	60347	2020/09/21 
2020/09/22 	401.5	406.0	399.5	404.5	70086	2020/09/22 
2020/09/23 	409.0	433.0	406.5	425.5	274455	2020/09/23 
2020/09/24 	420.0	430.5	415.0	420.0	182683	2020/09/24 
2020/09/25 	422.0	425.0	397.0	402.0	169454	2020/09/25 
2020/09/28 	406.5	408.5	403.5	406.5	60182	2020/09/28 
2020/09/29 	404.5	409.5	404.5	408.0	41135	2020/09/29 
2020/09/30 	410.0	433.0	410.0	430.0	322928	2020/09/30 
2020/10/05 	425.0	425.0	410.0	420.0	90352	2020/10/05 
2020/10/06 	418.5	420.0	414.0	417.0	101672	2020/10/06 
2020/10/07 	410.5	418.0	404.5	410.5	249022	2020/10/07 
2020/10/08 	415.0	419.0	406.0	407.0	96456	2020/10/08 
2020/10/12 	409.0	411.5	395.0	396.5	239062	2020/10/12 
2020/10/13 	400.0	400.0	385.0	391.5	91750	2020/10/13 
2020/10/14 	391.0	394.5	388.0	390.5	55673	2020/10/14 
2020/10/15 	391.5	391.5	387.0	388.5	44501	2020/10/15 
2020/10/16 	388.0	406.0	388.0	398.0	102161	2020/10/16 
2020/10/19 	399.5	399.5	395.0	395.5	30181	2020/10/19 
2020/10/20 	395.0	399.0	393.5	396.5	20062	2020/10/20 
2020/10/21 	399.0	399.0	394.5	396.5	25045	2020/10/21 
2020/10/22 	395.0	398.0	395.0	397.0	26005	2020/10/22 
2020/10/23 	397.0	397.5	394.0	396.0	27933	2020/10/23 
2020/10/26 	397.5	397.5	388.5	390.0	57559	2020/10/26 
2020/10/27 	387.0	390.0	384.0	387.0	52673	2020/10/27 
2020/10/28 	385.0	387.5	379.5	381.0	110938	2020/10/28 
2020/10/29 	380.0	380.0	371.0	376.5	70812	2020/10/29 
2020/10/30 	375.0	388.0	374.5	384.0	54547	2020/10/30 
2020/11/02 	387.5	388.0	376.0	382.0	74548	2020/11/02 
2020/11/03 	380.0	383.0	379.0	383.0	30781	2020/11/03 
2020/11/04 	388.0	408.0	388.0	408.0	181204	2020/11/04 
2020/11/05 	410.0	422.0	405.5	419.0	293970	2020/11/05 
2020/11/06 	415.5	420.0	405.5	410.5	159850	2020/11/06 
2020/11/09 	411.0	412.5	394.5	399.5	241587	2020/11/09 
2020/11/10 	400.0	400.0	385.0	397.0	99939	2020/11/10 
2020/11/11 	400.0	404.5	397.0	397.0	62463	2020/11/11 
2020/11/12 	401.5	406.5	397.5	398.0	90334	2020/11/12 
2020/11/13 	400.0	407.5	398.5	405.5	60987	2020/11/13 
2020/11/16 	403.5	414.0	402.5	410.5	138491	2020/11/16 
2020/11/17 	411.0	414.5	407.0	409.0	145903	2020/11/17 
2020/11/18 	411.5	415.5	408.5	411.0	84751	2020/11/18 
2020/11/19 	408.5	409.5	400.0	401.0	172106	2020/11/19 
2020/11/20 	403.5	404.0	396.0	400.5	103249	2020/11/20 
2020/11/23 	402.5	410.0	400.5	408.0	187703	2020/11/23 
2020/11/24 	410.0	434.0	409.0	428.0	358995	2020/11/24 
2020/11/25 	435.0	447.0	421.5	428.0	531955	2020/11/25 
2020/11/26 	435.0	435.0	425.0	428.5	190176	2020/11/26 
2020/11/27 	433.0	437.0	429.0	430.5	129142	2020/11/27 
2020/11/30 	433.5	433.5	425.0	425.0	158513	2020/11/30 
2020/12/01 	430.5	430.5	423.0	428.0	84418	2020/12/01 
2020/12/02 	430.0	430.5	427.5	430.0	122269	2020/12/02 
2020/12/03 	432.0	432.0	427.0	428.5	50974	2020/12/03 
2020/12/04 	428.0	429.0	419.5	424.5	157469	2020/12/04 
2020/12/07 	424.0	426.5	418.0	425.0	105861	2020/12/07 
2020/12/08 	422.0	422.0	408.5	411.5	202911	2020/12/08 
2020/12/09 	412.0	420.0	411.5	415.0	144580	2020/12/09 
2020/12/10 	413.5	415.0	404.0	408.0	182076	2020/12/10 
2020/12/11 	410.0	410.0	394.0	400.5	233305	2020/12/11 
2020/12/14 	400.0	400.0	396.0	399.0	38415	2020/12/14 
2020/12/15 	399.5	407.0	399.0	403.0	106251	2020/12/15 
2020/12/16 	402.5	407.0	398.0	399.5	217763	2020/12/16 
2020/12/17 	398.0	401.0	396.5	400.0	79285	2020/12/17 
2020/12/18 	399.0	406.5	399.0	405.0	67775	2020/12/18 
2020/12/21 	407.0	419.0	407.0	415.0	304134	2020/12/21 
2020/12/22 	417.0	418.0	406.0	410.5	265355	2020/12/22 
2020/12/23 	412.0	424.0	412.0	424.0	188923	2020/12/23 
2020/12/24 	420.0	437.0	420.0	422.0	273845	2020/12/24 
2020/12/25 	424.0	425.0	399.0	409.0	306463	2020/12/25 
2020/12/28 	415.0	422.5	415.0	420.5	241184	2020/12/28 
2020/12/29 	420.0	422.5	414.5	417.5	130167	2020/12/29 
2020/12/30 	416.0	417.0	400.0	406.0	336551	2020/12/30 
2020/12/31 	407.5	409.0	400.5	404.0	173222	2020/12/31 
2021/01/04 	405.5	410.0	403.0	404.0	223641	2021/01/04 
2021/01/05 	407.0	407.5	395.5	401.5	353579	2021/01/05 
2021/01/06 	405.0	423.0	405.0	417.0	640602	2021/01/06 
2021/01/07 	425.0	425.5	419.0	423.5	238147	2021/01/07 
2021/01/08 	425.0	426.0	415.5	419.5	410141	2021/01/08 
2021/01/11 	422.5	422.5	412.0	416.0	357059	2021/01/11 
2021/01/12 	418.0	421.5	414.0	415.5	159920	2021/01/12 
2021/01/13 	418.0	419.5	414.5	419.0	184305	2021/01/13 
2021/01/14 	419.0	437.0	419.0	429.0	385822	2021/01/14 
2021/01/15 	438.0	470.5	430.0	468.0	696900	2021/01/15 
2021/01/18 	470.0	486.0	462.5	475.0	775509	2021/01/18 
2021/01/19 	477.0	480.5	452.5	460.5	824610	2021/01/19 
2021/01/20 	470.0	506.0	465.0	486.0	1888263	2021/01/20 
2021/01/21 	492.0	505.0	459.0	461.0	1345416	2021/01/21 
2021/01/22 	454.5	472.0	443.0	459.5	769145	2021/01/22 
2021/01/25 	475.0	482.5	464.5	477.5	922886	2021/01/25 
2021/01/26 	468.5	478.0	462.0	472.0	581061	2021/01/26 
2021/01/27 	477.0	478.0	460.0	462.0	328065	2021/01/27 
2021/01/28 	445.0	455.0	437.0	437.0	514253	2021/01/28 
2021/01/29 	449.0	449.0	417.0	417.5	554726	2021/01/29 
2021/02/01 	412.5	412.5	400.0	410.5	267782	2021/02/01 
2021/02/02 	412.0	418.0	403.5	408.0	351146	2021/02/02 
2021/02/03 	410.0	411.5	396.0	397.0	451397	2021/02/03 
2021/02/04 	400.0	420.0	398.0	417.0	417645	2021/02/04 
2021/02/05 	412.5	412.5	400.5	403.0	342177	2021/02/05 
2021/02/17 	406.0	406.0	391.0	403.0	323585	2021/02/17 
2021/02/18 	405.0	406.0	400.0	405.0	98195	2021/02/18 
2021/02/19 	412.0	428.5	407.0	428.0	351510	2021/02/19 
2021/02/22 	423.0	428.0	415.5	419.0	268682	2021/02/22 
2021/02/23 	418.5	418.5	410.0	413.0	151700	2021/02/23 
2021/02/24 	413.0	414.5	407.5	411.0	198265	2021/02/24 
2021/02/25 	412.5	415.0	405.0	406.0	183674	2021/02/25 
2021/02/26 	400.0	405.5	400.0	405.5	178249	2021/02/26 
2021/03/02 	410.0	410.0	398.0	398.0	198501	2021/03/02 
2021/03/03 	392.5	406.0	391.0	400.0	145412	2021/03/03 
2021/03/04 	395.0	399.0	390.5	390.5	227120	2021/03/04 
2021/03/05 	388.0	388.0	380.5	381.0	301526	2021/03/05 
2021/03/08 	384.0	388.0	381.0	382.5	91101	2021/03/08 
2021/03/09 	384.0	387.0	371.0	373.0	242360	2021/03/09 
2021/03/10 	374.5	375.0	366.5	368.0	262470	2021/03/10 
2021/03/11 	368.0	376.5	368.0	376.5	98264	2021/03/11 
2021/03/12 	377.5	378.0	371.0	372.0	89100	2021/03/12 
2021/03/15 	376.0	376.0	368.0	373.5	89701	2021/03/15 
2021/03/16 	375.0	389.0	375.0	387.0	204066	2021/03/16 
2021/03/17 	387.0	391.0	384.0	384.0	183505	2021/03/17 
2021/03/18 	381.0	385.5	380.0	381.5	96230	2021/03/18 
2021/03/19 	381.0	385.0	380.0	383.0	106255	2021/03/19 
2021/03/22 	389.0	389.0	378.0	378.5	100354	2021/03/22 
2021/03/23 	383.0	383.0	379.0	379.0	73102	2021/03/23 
2021/03/24 	377.5	377.5	374.0	375.0	58108	2021/03/24 
2021/03/25 	374.0	376.0	371.0	374.0	36000	2021/03/25 
2021/03/26 	375.0	376.0	372.0	373.5	77805	2021/03/26 
2021/03/29 	374.0	383.0	373.5	380.0	110055	2021/03/29 
2021/03/30 	381.5	386.0	380.0	384.0	77100	2021/03/30 
2021/03/31 	386.0	386.0	381.5	383.0	72216	2021/03/31 
2021/04/01 	384.5	384.5	381.5	382.5	87100	2021/04/01 
2021/04/07 	383.5	400.0	383.0	400.0	340722	2021/04/07 
2021/04/08 	405.0	405.0	395.0	400.0	196387	2021/04/08 
2021/04/09 	400.0	404.0	395.5	395.5	171580	2021/04/09 
2021/04/12 	395.5	399.0	387.0	387.5	244050	2021/04/12 
2021/04/13 	387.5	387.5	381.0	381.0	133380	2021/04/13 
2021/04/14 	380.5	381.0	369.0	372.0	221253	2021/04/14 
2021/04/15 	379.5	379.5	373.0	378.0	29425	2021/04/15 
2021/04/16 	381.5	382.0	374.0	376.0	27100	2021/04/16 
2021/04/19 	382.0	386.0	377.0	377.0	50000	2021/04/19 
2021/04/20 	377.0	377.0	372.5	373.5	73100	2021/04/20 
2021/04/21 	375.0	379.5	374.5	379.0	41000	2021/04/21 
2021/04/22 	381.5	381.5	373.0	374.0	96110	2021/04/22 
2021/04/23 	376.5	376.5	365.0	370.5	140686	2021/04/23 
2021/04/26 	372.0	380.0	368.0	370.5	97511	2021/04/26 
2021/04/27 	371.0	379.0	368.0	375.5	63270	2021/04/27 
2021/04/28 	378.0	378.0	370.0	371.5	55331	2021/04/28 
2021/04/29 	372.0	374.0	368.0	370.0	94050	2021/04/29 
2021/05/03 	370.5	370.5	350.5	351.5	227516	2021/05/03 
2021/05/04 	351.5	353.0	330.0	334.0	173820	2021/05/04 
2021/05/05 	330.0	340.0	329.5	333.0	78234	2021/05/05 
2021/05/06 	338.5	338.5	301.0	315.0	245333	2021/05/06 
2021/05/07 	311.5	311.5	290.0	305.0	199016	2021/05/07 
2021/05/10 	304.0	308.0	292.5	292.5	161102	2021/05/10 
2021/05/11 	292.5	292.5	271.0	272.0	226390	2021/05/11 
2021/05/12 	251.0	260.5	245.0	252.0	359423	2021/05/12 
2021/05/13 	248.0	260.0	231.5	251.5	180100	2021/05/13 
2021/05/14 	260.0	260.0	243.5	245.5	92230	2021/05/14 
2021/05/17 	225.0	236.0	222.0	224.5	143673	2021/05/17 
2021/05/18 	228.0	237.0	225.0	236.0	158010	2021/05/18 
2021/05/19 	233.5	235.0	228.5	235.0	65015	2021/05/19 
2021/05/20 	231.5	234.0	228.5	228.5	45000	2021/05/20 
2021/05/21 	237.5	249.0	235.0	249.0	194188	2021/05/21 
2021/05/24 	249.0	251.0	243.0	249.5	101000	2021/05/24 
2021/05/25 	251.0	274.0	251.0	274.0	112400	2021/05/25 
2021/05/26 	277.5	292.5	277.5	282.5	208300	2021/05/26 
2021/05/27 	283.0	283.0	266.5	270.0	145014	2021/05/27 
2021/05/28 	270.0	271.5	261.0	266.0	83000	2021/05/28 
2021/05/31 	268.0	268.0	260.5	264.0	82100	2021/05/31 
2021/06/01 	262.5	267.0	261.5	264.0	61000	2021/06/01 
2021/06/02 	263.0	265.5	261.5	265.5	78003	2021/06/02 
2021/06/03 	266.0	280.0	266.0	275.5	39002	2021/06/03 
2021/06/04 	276.0	276.0	266.0	270.0	71000	2021/06/04 
2021/06/07 	270.5	270.5	263.0	267.5	27050	2021/06/07 
2021/06/08 	263.0	269.5	263.0	266.5	20100	2021/06/08 
2021/06/09 	266.5	277.0	266.0	274.5	40120	2021/06/09 
2021/06/10 	274.5	283.0	274.5	282.0	72020	2021/06/10 
2021/06/11 	282.0	295.0	280.5	291.0	93121	2021/06/11 
2021/06/15 	292.5	292.5	282.0	284.5	89050	2021/06/15 
2021/06/16 	287.5	287.5	280.0	280.0	70000	2021/06/16 
2021/06/17 	275.0	285.0	275.0	279.0	55020	2021/06/17 
2021/06/18 	281.0	285.0	279.0	280.0	37080	2021/06/18 
2021/06/21 	280.0	284.5	275.0	276.0	58100	2021/06/21 
2021/06/22 	279.0	279.0	269.0	271.5	85541	2021/06/22 
2021/06/23 	274.5	282.5	272.0	279.0	103000	2021/06/23 
2021/06/24 	270.0	275.0	270.0	273.0	79100	2021/06/24 
2021/06/25 	273.0	273.0	268.5	268.5	71120	2021/06/25 
2021/06/28 	269.0	269.0	263.0	268.5	86040	2021/06/28 
2021/06/29 	265.5	268.0	263.5	264.0	48000	2021/06/29 
2021/06/30 	264.5	272.0	264.5	268.0	43000	2021/06/30 
2021/07/01 	273.0	273.0	262.0	262.0	101005	2021/07/01 
2021/07/02 	261.5	263.0	259.0	260.5	32200	2021/07/02 
2021/07/05 	260.5	265.5	260.5	262.0	48100	2021/07/05 
2021/07/06 	264.0	265.5	258.5	265.5	97124	2021/07/06 
2021/07/07 	268.0	289.0	268.0	276.5	230111	2021/07/07 
2021/07/08 	279.5	285.5	273.0	274.0	93150	2021/07/08 
2021/07/09 	278.5	278.5	268.0	268.0	73052	2021/07/09 
2021/07/12 	269.0	271.0	266.5	269.5	39018	2021/07/12 
2021/07/13 	269.5	273.0	267.0	267.0	56100	2021/07/13 
2021/07/14 	267.0	270.0	265.0	265.0	55107	2021/07/14 
2021/07/15 	265.0	269.0	264.5	266.5	46000	2021/07/15 
2021/07/16 	266.5	273.0	265.0	273.0	72016	2021/07/16 
2021/07/19 	274.5	275.0	268.5	268.5	54001	2021/07/19 
2021/07/20 	266.5	268.5	265.0	265.5	50155	2021/07/20 
2021/07/21 	267.0	267.0	263.0	263.0	60062	2021/07/21 
2021/07/22 	265.5	280.0	265.5	274.0	80001	2021/07/22 
2021/07/23 	276.0	298.0	276.0	296.0	361417	2021/07/23 
2021/07/26 	308.0	319.5	305.0	306.0	327310	2021/07/26 
2021/07/27 	306.0	306.0	290.0	290.0	158322	2021/07/27 
2021/07/28 	287.5	290.0	279.0	283.0	133030	2021/07/28 
2021/07/29 	286.0	293.0	282.0	292.5	60000	2021/07/29 
2021/07/30 	296.5	310.0	288.0	288.5	266100	2021/07/30 
2021/08/02 	281.0	285.0	281.0	282.0	122147	2021/08/02 
2021/08/03 	284.0	284.0	278.0	280.5	57104	2021/08/03 
2021/08/04 	281.0	286.0	279.5	285.0	36191	2021/08/04 
2021/08/05 	285.0	286.0	281.5	281.5	35014	2021/08/05 
2021/08/06 	284.5	284.5	276.5	277.5	43025	2021/08/06 
2021/08/09 	277.5	277.5	269.5	269.5	69029	2021/08/09 
2021/08/10 	268.0	268.0	259.0	260.0	123100	2021/08/10 
2021/08/11 	261.0	264.0	255.0	256.0	65356	2021/08/11 
2021/08/12 	258.0	262.5	255.0	262.5	24005	2021/08/12 
2021/08/13 	260.0	260.0	256.0	256.5	36230	2021/08/13 
2021/08/16 	255.0	255.5	241.0	242.0	121100	2021/08/16 
2021/08/17 	240.0	242.0	240.0	240.0	26030	2021/08/17 
2021/08/18 	240.0	243.0	236.5	239.5	114100	2021/08/18 
2021/08/19 	243.0	243.0	234.0	234.0	60100	2021/08/19 
2021/08/20 	235.0	240.0	232.0	240.0	53000	2021/08/20 
2021/08/23 	243.5	245.0	238.0	243.0	70000	2021/08/23 
2021/08/24 	243.0	248.0	240.0	240.5	34000	2021/08/24 
2021/08/25 	240.0	245.0	240.0	243.0	24025	2021/08/25 
2021/08/26 	245.5	246.0	242.5	242.5	23531	2021/08/26 
2021/08/27 	244.0	246.0	241.0	244.0	15010	2021/08/27 
2021/08/30 	244.5	247.0	241.5	247.0	15015	2021/08/30 
2021/08/31 	249.5	249.5	243.0	245.5	21015	2021/08/31 
2021/09/01 	246.5	248.0	245.5	247.5	17005	2021/09/01 
2021/09/02 	250.5	252.0	247.5	249.5	54000	2021/09/02 
2021/09/03 	254.0	254.0	247.5	251.0	32059	2021/09/03 
2021/09/06 	251.0	251.0	247.0	247.0	30300	2021/09/06 
2021/09/07 	250.0	253.0	247.0	248.5	27000	2021/09/07 
2021/09/08 	252.0	252.0	239.5	239.5	72045	2021/09/08 
2021/09/09 	240.0	244.0	240.0	244.0	14000	2021/09/09 
2021/09/10 	246.0	249.5	240.0	243.0	28040	2021/09/10 
2021/09/13 	241.5	241.5	241.0	241.0	14055	2021/09/13 
2021/09/14 	241.5	243.0	239.5	240.5	22000	2021/09/14 
2021/09/15 	240.0	240.5	236.5	236.5	26000	2021/09/15 
2021/09/16 	234.5	237.5	234.5	237.5	17010	2021/09/16 
2021/09/17 	237.5	249.0	237.5	243.5	83000	2021/09/17 
2021/09/22 	237.5	245.5	237.5	240.0	36620	2021/09/22 
2021/09/23 	248.5	262.0	243.5	251.5	125014	2021/09/23 
2021/09/24 	256.5	276.0	256.0	268.0	303201	2021/09/24 
2021/09/27 	272.0	278.0	268.0	268.0	119171	2021/09/27 
2021/09/28 	267.0	270.0	258.0	268.5	66200	2021/09/28 
2021/09/29 	260.5	263.0	253.0	254.5	82060	2021/09/29 
2021/09/30 	263.5	270.0	254.5	258.0	123200	2021/09/30 
2021/10/01 	257.0	260.5	240.0	240.5	119000	2021/10/01 
2021/10/04 	246.5	246.5	236.0	236.5	84100	2021/10/04 
2021/10/05 	236.5	250.0	235.0	244.5	57000	2021/10/05 
2021/10/06 	248.5	249.0	238.5	239.5	35228	2021/10/06 
2021/10/07 	247.0	256.0	243.0	248.0	129020	2021/10/07 
2021/10/08 	248.0	250.0	244.5	248.0	29069	2021/10/08 
2021/10/12 	242.5	253.0	242.5	251.0	75002	2021/10/12 
2021/10/13 	258.5	275.0	258.5	270.0	408205	2021/10/13 
2021/10/14 	279.0	286.5	279.0	284.5	409599	2021/10/14 
2021/10/15 	295.0	296.0	278.0	284.5	311473	2021/10/15 
2021/10/18 	286.5	293.0	280.5	291.0	343106	2021/10/18 
2021/10/19 	290.0	292.0	285.0	287.5	228010	2021/10/19 
2021/10/20 	294.0	307.0	294.0	300.0	775550	2021/10/20 
2021/10/21 	301.0	309.5	294.5	307.5	729306	2021/10/21 
2021/10/22 	309.0	313.5	305.0	308.5	588300	2021/10/22 
2021/10/25 	315.0	332.0	312.0	331.0	1264100	2021/10/25 
2021/10/26 	338.5	345.0	321.0	326.0	826248	2021/10/26 
2021/10/27 	321.5	340.5	321.5	333.5	520120	2021/10/27 
2021/10/28 	336.5	339.0	321.5	326.5	273012	2021/10/28 
2021/10/29 	324.5	340.5	324.0	331.5	703430	2021/10/29 
2021/11/01 	340.5	341.0	324.0	329.5	454236	2021/11/01 
2021/11/02 	326.5	328.0	297.0	299.0	700350	2021/11/02 
2021/11/03 	302.0	315.0	300.0	314.5	399115	2021/11/03 
2021/11/04 	314.5	324.5	309.0	314.0	284200	2021/11/04 
2021/11/05 	321.0	323.0	314.0	315.0	114222	2021/11/05 
2021/11/08 	330.0	346.5	328.0	346.5	741280	2021/11/08 
2021/11/09 	349.0	356.0	330.0	342.0	895546	2021/11/09 
2021/11/10 	341.5	350.0	337.5	338.0	362215	2021/11/10 
2021/11/11 	342.5	370.0	342.0	366.5	1156183	2021/11/11 
2021/11/12 	377.5	392.5	364.0	369.0	1145430	2021/11/12 
2021/11/15 	376.0	380.0	363.5	369.5	467226	2021/11/15 
2021/11/16 	379.5	397.5	372.5	382.5	1737106	2021/11/16 
2021/11/17 	395.0	395.5	380.0	388.5	495227	2021/11/17 
2021/11/18 	388.5	392.5	372.0	375.0	481347	2021/11/18 
2021/11/19 	380.0	382.5	369.0	370.0	224500	2021/11/19 
2021/11/22 	370.0	378.0	362.0	362.5	357403	2021/11/22 
2021/11/23 	360.0	371.5	360.0	366.0	273463	2021/11/23 
2021/11/24 	370.0	396.0	366.0	390.0	1005755	2021/11/24 
2021/11/25 	401.0	411.5	391.0	407.0	1585380	2021/11/25 
2021/11/26 	404.5	407.0	386.5	387.5	709770	2021/11/26 
2021/11/29 	379.0	390.0	376.0	376.0	445234	2021/11/29 
2021/11/30 	384.0	407.0	383.0	394.5	881160	2021/11/30 
2021/12/01 	398.5	414.0	392.0	410.5	1107420	2021/12/01 
2021/12/02 	410.5	415.0	397.0	401.0	533208	2021/12/02 
2021/12/03 	405.0	425.0	405.0	417.5	800440	2021/12/03 
2021/12/06 	419.0	429.5	413.0	422.0	570629	2021/12/06 
2021/12/07 	428.0	436.0	417.0	423.0	512198	2021/12/07 
2021/12/08 	426.0	431.0	414.0	414.0	380315	2021/12/08 
2021/12/09 	412.0	412.5	395.5	396.5	592847	2021/12/09 
2021/12/10 	399.0	403.0	380.0	386.0	398431	2021/12/10 
2021/12/13 	390.0	391.0	383.5	384.5	274446	2021/12/13 
2021/12/14 	383.0	383.0	350.5	362.0	720130	2021/12/14 
2021/12/15 	362.0	379.0	362.0	374.5	278000	2021/12/15 
2021/12/16 	380.0	400.0	380.0	385.0	740016	2021/12/16 
2021/12/17 	375.0	380.5	369.0	372.5	288001	2021/12/17 
2021/12/20 	370.5	382.0	370.0	371.5	139052	2021/12/20 
2021/12/21 	372.0	381.5	372.0	374.5	107250	2021/12/21 
2021/12/22 	380.0	397.0	380.0	389.0	471031	2021/12/22 
2021/12/23 	392.0	396.5	387.0	387.0	318020	2021/12/23 
2021/12/24 	392.0	409.0	392.0	404.0	840345	2021/12/24 
2021/12/27 	414.5	427.0	407.5	416.5	1319264	2021/12/27 
2021/12/28 	424.5	434.5	417.0	423.5	1354114	2021/12/28 
2021/12/29 	426.0	427.0	414.5	423.5	425080	2021/12/29 
2021/12/30 	419.5	437.5	419.5	433.5	836155	2021/12/30 
2022/01/03 	439.5	448.5	428.0	428.5	876200	2022/01/03 
2022/01/04 	433.0	440.0	423.0	424.0	431481	2022/01/04 
2022/01/05 	423.0	424.0	408.0	409.0	473099	2022/01/05 
2022/01/06 	409.0	414.0	400.0	403.0	380303	2022/01/06 
2022/01/07 	397.0	397.0	378.0	393.0	813007	2022/01/07 
2022/01/10 	378.0	394.5	377.5	393.5	195105	2022/01/10 
2022/01/11 	393.0	393.0	380.0	383.0	236032	2022/01/11 
2022/01/12 	391.0	398.0	386.0	394.0	299025	2022/01/12 
2022/01/13 	395.5	396.5	380.5	381.0	263200	2022/01/13 
2022/01/14 	380.5	380.5	358.0	364.5	560052	2022/01/14 
2022/01/17 	366.0	385.5	366.0	384.0	361000	2022/01/17 
2022/01/18 	386.0	396.5	384.5	386.0	361050	2022/01/18 
2022/01/19 	383.5	386.0	375.0	386.0	207035	2022/01/19 
2022/01/20 	385.5	391.5	378.5	390.0	162000	2022/01/20 
2022/01/21 	384.5	384.5	376.0	376.0	167100	2022/01/21 
2022/01/24 	363.0	366.0	343.0	348.5	649103	2022/01/24 
2022/01/25 	353.0	358.5	342.0	355.0	506002	2022/01/25 
2022/01/26 	355.0	374.5	351.0	364.0	300009	2022/01/26 
2022/02/07 	378.0	378.0	364.0	374.5	227000	2022/02/07 
2022/02/08 	378.5	379.5	372.0	374.0	109000	2022/02/08 
2022/02/09 	378.5	386.5	378.5	381.0	247010	2022/02/09 
2022/02/10 	381.0	386.5	377.0	384.0	123051	2022/02/10 
2022/02/11 	382.5	384.5	376.0	380.0	81000	2022/02/11 
2022/02/14 	371.5	379.5	368.0	379.0	150009	2022/02/14 
2022/02/15 	379.0	390.0	378.5	378.5	220000	2022/02/15 
2022/02/16 	387.5	394.5	383.0	392.0	422100	2022/02/16 
2022/02/17 	390.0	394.0	385.0	392.0	196070	2022/02/17 
2022/02/18 	389.0	403.0	388.0	400.5	472000	2022/02/18 
2022/02/21 	402.0	406.0	394.5	398.0	329135	2022/02/21 
2022/02/22 	396.0	396.0	382.5	384.0	257002	2022/02/22 
2022/02/23 	390.5	422.0	388.0	422.0	1138251	2022/02/23 
2022/02/24 	407.5	421.5	394.0	400.0	1425082	2022/02/24 
2022/02/25 	412.5	415.0	361.0	366.0	1752008	2022/02/25 
2022/03/01 	369.0	377.5	363.0	370.0	483000	2022/03/01 
2022/03/02 	364.5	366.5	352.5	363.0	443033	2022/03/02 
2022/03/03 	369.5	398.0	369.5	391.5	1094190	2022/03/03 
2022/03/04 	384.0	419.5	383.5	408.5	1547336	2022/03/04 
2022/03/07 	401.5	405.0	370.0	376.5	1039970	2022/03/07 
2022/03/08 	376.0	383.5	358.5	362.5	951148	2022/03/08 
2022/03/09 	367.5	378.5	366.0	366.0	308109	2022/03/09 
2022/03/10 	379.0	397.5	377.0	383.5	913001	2022/03/10 
2022/03/11 	388.0	405.0	382.5	393.5	1184059	2022/03/11 
2022/03/14 	400.0	414.0	396.0	399.0	692038	2022/03/14 
2022/03/15 	400.0	401.0	378.0	378.0	465217	2022/03/15 
2022/03/16 	395.0	401.0	381.5	395.0	584300	2022/03/16 
2022/03/17 	413.0	434.5	410.5	433.0	2545822	2022/03/17 
2022/03/18 	431.0	453.5	427.0	443.5	2025787	2022/03/18 
2022/03/21 	451.0	456.5	444.0	451.5	1214192	2022/03/21 
2022/03/22 	460.0	460.0	446.0	452.5	917575	2022/03/22 
2022/03/23 	457.5	466.5	449.5	463.0	1110452	2022/03/23 
2022/03/24 	453.5	479.0	446.0	479.0	824947	2022/03/24 
2022/03/25 	462.0	463.5	437.0	438.0	1186033	2022/03/25 
2022/03/28 	438.0	453.0	430.0	442.0	549212	2022/03/28 
2022/03/29 	452.5	459.5	447.0	456.0	647850	2022/03/29 
2022/03/30 	457.5	470.0	457.0	463.0	671225	2022/03/30 
2022/03/31 	464.5	464.5	444.5	445.0	491200	2022/03/31 
2022/04/01 	444.0	446.0	431.0	437.5	367220	2022/04/01 
2022/04/06 	431.5	431.5	405.0	422.5	875155	2022/04/06 
2022/04/07 	419.5	425.0	403.0	403.0	743100	2022/04/07 
2022/04/08 	409.0	415.0	401.0	403.0	358141	2022/04/08 
2022/04/11 	396.0	397.0	382.5	385.5	523050	2022/04/11 
2022/04/12 	385.5	394.0	376.0	382.5	326020	2022/04/12 
2022/04/13 	387.0	391.0	380.5	382.0	287200	2022/04/13 
2022/04/14 	390.0	390.0	373.0	373.5	359125	2022/04/14 
2022/04/15 	370.0	375.0	362.5	365.0	322120	2022/04/15 
2022/04/18 	367.0	375.0	360.5	365.5	303080	2022/04/18 
2022/04/19 	373.0	375.0	362.5	365.0	350100	2022/04/19 
2022/04/20 	369.0	372.0	359.0	372.0	425001	2022/04/20 
2022/04/21 	378.0	387.0	367.0	382.5	655072	2022/04/21 
2022/04/22 	376.0	382.0	365.0	365.0	513105	2022/04/22 
2022/04/25 	356.0	357.0	341.0	351.5	387100	2022/04/25 
2022/04/26 	356.0	357.0	347.0	351.0	177040	2022/04/26 
2022/04/27 	333.0	347.0	329.0	347.0	504121	2022/04/27 
2022/04/28 	347.0	349.0	337.0	346.0	260050	2022/04/28 
2022/04/29 	352.0	362.0	348.0	349.5	267020	2022/04/29 
2022/05/03 	349.5	352.5	345.0	348.5	124060	2022/05/03 
2022/05/04 	353.0	353.0	346.0	352.0	86000	2022/05/04 
2022/05/05 	359.5	369.0	356.0	361.0	264000	2022/05/05 
2022/05/06 	350.0	350.0	344.0	344.5	174100	2022/05/06 
2022/05/09 	343.0	343.0	330.5	332.0	204060	2022/05/09 
2022/05/10 	327.0	338.0	319.5	332.5	187000	2022/05/10 
2022/05/11 	325.0	336.5	325.0	326.0	172020	2022/05/11 
2022/05/12 	321.5	338.0	321.5	334.0	258100	2022/05/12 
2022/05/13 	343.0	364.5	343.0	355.5	884000	2022/05/13 
2022/05/16 	369.0	378.0	365.0	370.5	1249060	2022/05/16 
2022/05/17 	375.0	376.5	368.0	370.5	325100	2022/05/17 
2022/05/18 	375.0	376.0	361.5	362.0	281284	2022/05/18 
2022/05/19 	355.0	366.0	350.0	360.5	215010	2022/05/19 
2022/05/20 	362.5	381.5	360.0	380.5	510136	2022/05/20 
2022/05/23 	382.0	385.0	363.0	363.0	442024	2022/05/23 
2022/05/24 	368.5	368.5	351.0	351.0	219240	2022/05/24 
2022/05/25 	351.5	360.0	350.0	356.0	148000	2022/05/25 
2022/05/26 	359.0	359.0	347.0	347.0	124290	2022/05/26 
2022/05/27 	353.5	360.0	352.0	357.0	153000	2022/05/27 
2022/05/30 	365.0	377.0	365.0	373.0	363214	2022/05/30 
2022/05/31 	376.0	402.5	374.5	396.0	995630	2022/05/31 
2022/06/01 	396.0	407.0	392.5	401.0	704601	2022/06/01 
2022/06/02 	401.0	418.0	400.5	409.5	716550	2022/06/02 
2022/06/06 	414.0	414.0	400.0	405.0	262003	2022/06/06 
2022/06/07 	407.0	416.0	404.0	412.0	335300	2022/06/07 
2022/06/08 	412.5	419.5	408.0	414.5	316100	2022/06/08 
2022/06/09 	414.5	455.5	414.0	450.0	1713122	2022/06/09 
2022/06/10 	445.0	460.0	438.0	446.0	1595310	2022/06/10 
2022/06/13 	426.0	436.0	412.5	414.0	603520	2022/06/13 
2022/06/14 	421.0	436.5	409.0	426.5	996041	2022/06/14 
2022/06/15 	435.0	465.0	435.0	442.0	1736615	2022/06/15 
2022/06/16 	448.0	455.0	420.0	423.0	1064163	2022/06/16 
2022/06/17 	419.0	424.0	401.0	404.5	957035	2022/06/17 
2022/06/20 	409.5	409.5	378.0	378.0	1053213	2022/06/20 
2022/06/21 	380.5	394.5	375.5	393.0	594004	2022/06/21 
2022/06/22 	391.0	395.5	370.0	371.5	589246	2022/06/22 
2022/06/23 	372.0	384.5	365.5	376.0	357100	2022/06/23 
2022/06/24 	384.0	385.5	375.0	376.0	302180	2022/06/24 
2022/06/27 	385.0	401.0	385.0	396.0	579043	2022/06/27 
2022/06/28 	393.0	393.0	379.5	381.0	302011	2022/06/28 
2022/06/29 	380.5	380.5	372.0	377.0	180184	2022/06/29 
2022/06/30 	378.0	378.0	361.0	363.0	335171	2022/06/30 
2022/07/01 	355.0	361.0	334.5	334.5	446022	2022/07/01 
2022/07/04 	340.0	357.0	335.0	350.0	370198	2022/07/04 
2022/07/05 	362.0	376.0	353.0	372.0	600303	2022/07/05 
2022/07/06 	372.0	372.5	337.5	343.0	838036	2022/07/06 
2022/07/07 	354.5	361.5	335.0	341.5	1009006	2022/07/07 
2022/07/08 	348.0	360.0	338.5	340.0	697000	2022/07/08 
2022/07/11 	348.0	357.0	336.5	340.5	638000	2022/07/11 
2022/07/12 	338.5	338.5	309.0	311.5	828025	2022/07/12 
2022/07/13 	324.0	325.5	310.0	311.0	398000	2022/07/13 
2022/07/14 	320.0	321.5	306.5	320.0	360000	2022/07/14 
2022/07/15 	320.0	339.0	311.0	338.0	590302	2022/07/15 
2022/07/18 	345.0	355.5	343.0	352.5	692061	2022/07/18 
2022/07/19 	352.5	357.5	347.5	354.5	360200	2022/07/19 
2022/07/20 	365.5	374.5	361.5	365.0	661100	2022/07/20 
2022/07/21 	375.0	380.0	368.0	380.0	447077	2022/07/21 
2022/07/22 	383.5	389.0	373.5	378.0	484066	2022/07/22 
2022/07/25 	377.0	388.0	367.5	386.0	333002	2022/07/25 
2022/07/26 	378.5	382.5	374.0	378.0	251000	2022/07/26 
2022/07/27 	381.5	388.0	372.0	388.0	495115	2022/07/27 
2022/07/28 	390.0	402.5	386.0	389.0	724055	2022/07/28 
2022/07/29 	398.5	399.0	387.0	387.0	356020	2022/07/29 
2022/08/01 	387.0	393.0	378.0	389.0	169000	2022/08/01 
2022/08/02 	383.0	390.0	381.0	387.5	332007	2022/08/02 
2022/08/03 	383.5	395.0	383.5	390.5	236100	2022/08/03 
2022/08/04 	393.5	396.5	382.0	390.0	419000	2022/08/04 
2022/08/05 	396.0	407.0	395.0	403.0	547007	2022/08/05 
2022/08/08 	405.0	408.0	391.0	394.0	525132	2022/08/08 
2022/08/09 	393.0	398.0	383.0	387.5	444047	2022/08/09 
2022/08/10 	385.0	385.0	377.5	378.5	238120	2022/08/10 
2022/08/11 	384.5	389.5	374.0	374.0	238025	2022/08/11 
2022/08/12 	377.5	381.5	371.0	373.5	232000	2022/08/12 
2022/08/15 	379.5	387.0	378.0	384.0	294045	2022/08/15 
2022/08/16 	389.0	399.0	378.0	378.0	584020	2022/08/16 
2022/08/17 	380.0	380.0	372.5	374.5	267032	2022/08/17 
2022/08/18 	372.0	384.5	370.0	384.5	225000	2022/08/18 
2022/08/19 	392.0	403.0	389.5	400.0	1345315	2022/08/19 
2022/08/22 	407.0	414.0	391.0	392.0	694000	2022/08/22 
2022/08/23 	380.5	406.0	376.0	406.0	930089	2022/08/23 
2022/08/24 	409.0	424.5	403.0	409.5	1545268	2022/08/24 
2022/08/25 	415.0	421.0	390.0	390.0	1560100	2022/08/25 
2022/08/26 	393.0	395.5	380.0	380.5	1051013	2022/08/26 
2022/08/29 	369.0	377.0	366.5	376.0	474056	2022/08/29 
2022/08/30 	378.0	394.5	378.0	393.5	642131	2022/08/30 
2022/08/31 	392.0	410.5	391.5	403.0	1043055	2022/08/31 
2022/09/01 	392.0	400.0	384.5	385.5	656033	2022/09/01 
2022/09/02 	390.0	413.5	387.0	409.0	1159126	2022/09/02 
2022/09/05 	417.0	421.0	386.0	387.5	1352210	2022/09/05 
2022/09/06 	393.5	395.0	384.0	388.0	497000	2022/09/06 
2022/09/07 	390.0	402.0	378.0	397.0	909172	2022/09/07 
2022/09/08 	400.5	408.5	392.0	395.0	679000	2022/09/08 
2022/09/12 	403.5	409.5	393.0	401.0	869057	2022/09/12 
2022/09/13 	399.5	410.0	397.0	407.0	723025	2022/09/13 
2022/09/14 	397.0	407.5	394.0	407.0	429039	2022/09/14 
2022/09/15 	408.5	420.0	399.5	401.0	1395000	2022/09/15 
2022/09/16 	399.0	402.0	389.0	389.0	623020	2022/09/16 
2022/09/19 	391.0	397.0	386.0	390.5	185300	2022/09/19 
2022/09/20 	394.0	398.5	392.0	395.0	184100	2022/09/20 
2022/09/21 	395.5	396.0	390.5	394.5	122000	2022/09/21 
2022/09/22 	392.0	399.5	387.0	399.5	230010	2022/09/22 
2022/09/23 	398.0	402.0	390.0	390.0	288015	2022/09/23 
2022/09/26 	386.0	389.0	373.0	375.5	403049	2022/09/26 
2022/09/27 	377.5	386.5	371.5	385.5	307000	2022/09/27 
2022/09/28 	387.0	391.0	361.0	361.0	494140	2022/09/28 
2022/09/29 	366.5	377.0	365.0	367.5	222030	2022/09/29 
2022/09/30 	362.0	376.0	357.5	375.0	191000	2022/09/30 
2022/10/03 	373.0	382.5	369.0	381.0	195095	2022/10/03 
2022/10/04 	388.0	392.0	381.5	386.0	307000	2022/10/04 
2022/10/05 	388.0	392.0	385.0	390.0	372145	2022/10/05 
2022/10/06 	390.5	404.0	389.0	401.0	763007	2022/10/06 
2022/10/07 	402.0	406.0	389.0	389.0	884000	2022/10/07 
2022/10/11 	378.5	378.5	364.0	365.0	674000	2022/10/11 
2022/10/12 	370.0	375.5	358.5	374.5	496010	2022/10/12 
2022/10/13 	370.5	376.0	357.0	359.0	359078	2022/10/13 
2022/10/14 	371.0	371.0	361.5	363.0	308000	2022/10/14 
2022/10/17 	352.0	363.0	345.0	363.0	494000	2022/10/17 
2022/10/18 	366.0	368.5	356.0	357.0	251102	2022/10/18 
2022/10/19 	356.0	362.0	348.0	350.0	195015	2022/10/19 
2022/10/20 	348.0	348.0	340.0	342.5	419020	2022/10/20 
2022/10/21 	342.5	342.5	319.0	319.0	676062	2022/10/21 
2022/10/24 	331.0	335.0	319.0	320.5	448005	2022/10/24 
2022/10/25 	323.0	323.0	308.0	310.5	487004	2022/10/25 
2022/10/26 	313.0	313.5	306.0	307.5	346001	2022/10/26 
2022/10/27 	308.5	319.0	308.5	318.0	270018	2022/10/27 
2022/10/28 	317.0	317.0	300.0	303.5	442035	2022/10/28 
2022/10/31 	310.0	310.5	304.5	307.5	242050	2022/10/31 
2022/11/01 	306.5	311.0	306.5	309.5	138000	2022/11/01 
2022/11/02 	312.5	320.0	308.0	319.0	338240	2022/11/02 
2022/11/03 	314.5	323.0	311.5	315.5	425000	2022/11/03 
2022/11/04 	313.0	318.0	312.0	315.5	310000	2022/11/04 
2022/11/07 	323.0	331.5	320.0	323.5	561031	2022/11/07 
2022/11/08 	326.0	339.5	316.5	321.0	1064000	2022/11/08 
2022/11/09 	326.0	330.5	319.5	327.5	757010	2022/11/09 
2022/11/10 	326.0	331.5	322.0	331.5	365000	2022/11/10 
2022/11/11 	348.5	349.0	334.0	335.5	1047030	2022/11/11 
2022/11/14 	337.0	346.0	337.0	343.0	555015	2022/11/14 
2022/11/15 	352.5	362.5	352.5	355.5	1003105	2022/11/15 
2022/11/16 	360.0	361.0	348.0	348.0	601139	2022/11/16 
2022/11/17 	349.5	353.0	343.0	349.0	446001	2022/11/17 
2022/11/18 	352.0	362.0	348.5	350.0	649000	2022/11/18 
2022/11/21 	352.0	363.0	350.0	359.5	608020	2022/11/21 
2022/11/22 	360.0	371.5	357.5	371.0	824215	2022/11/22 
2022/11/23 	378.0	381.0	372.0	378.0	624007	2022/11/23 
2022/11/24 	383.0	396.5	383.0	389.0	937015	2022/11/24 
2022/11/25 	394.5	427.5	392.5	426.0	3177768	2022/11/25 
2022/11/28 	426.0	432.5	421.0	430.0	1230102	2022/11/28 
2022/11/29 	429.5	445.0	423.5	437.5	1507128	2022/11/29 
2022/11/30 	434.5	455.0	434.5	440.5	1437115	2022/11/30 
2022/12/01 	452.0	460.0	448.5	449.5	1176235	2022/12/01 
2022/12/02 	446.5	478.5	446.5	475.0	1280372	2022/12/02 
2022/12/05 	483.5	500.0	475.5	481.0	1159274	2022/12/05 
2022/12/06 	477.5	490.5	477.5	485.0	672152	2022/12/06 
2022/12/07 	499.5	500.0	467.5	470.5	1313405	2022/12/07 
2022/12/08 	474.0	492.5	472.0	486.5	1296170	2022/12/08 
2022/12/09 	495.0	495.0	458.5	469.5	1255400	2022/12/09 
2022/12/12 	475.0	482.0	470.5	473.0	599135	2022/12/12 
2022/12/13 	480.0	481.0	455.0	455.0	778329	2022/12/13 
2022/12/14 	458.0	464.0	447.0	449.5	815350	2022/12/14 
2022/12/15 	451.0	456.0	441.5	443.0	484209	2022/12/15 
2022/12/16 	436.0	439.5	428.0	431.0	572150	2022/12/16 
2022/12/19 	440.0	440.0	425.5	426.5	467110	2022/12/19 
2022/12/20 	429.0	432.0	408.0	408.0	652011	2022/12/20 
2022/12/21 	413.0	418.0	410.0	412.0	473149	2022/12/21 
2022/12/22 	419.0	421.0	410.0	410.0	387074	2022/12/22 
2022/12/23 	402.0	410.0	394.0	404.0	555125	2022/12/23 
2022/12/26 	412.0	415.0	403.0	412.5	359196	2022/12/26 
2022/12/27 	416.5	425.0	413.0	414.5	543075	2022/12/27 
2022/12/28 	411.5	411.5	396.0	398.5	433097	2022/12/28 
2022/12/29 	395.0	402.5	391.0	400.0	200000	2022/12/29 
2022/12/30 	407.0	418.0	399.5	418.0	586249	2022/12/30 
2023/01/03 	421.0	428.0	408.0	410.0	1039000	2023/01/03 
2023/01/04 	415.0	417.5	408.0	412.0	389010	2023/01/04 
2023/01/05 	418.5	424.0	408.5	409.5	515040	2023/01/05 
2023/01/06 	413.5	419.5	411.0	414.5	252036	2023/01/06 
2023/01/09 	418.0	422.0	406.0	419.5	764025	2023/01/09 
2023/01/10 	420.5	439.0	420.5	423.0	978051	2023/01/10 
2023/01/11 	428.0	430.0	419.0	427.5	420020	2023/01/11 
2023/01/12 	434.0	445.0	430.0	436.0	1104065	2023/01/12 
2023/01/13 	440.5	441.5	421.5	422.0	606305	2023/01/13 
2023/01/16 	426.5	428.0	419.5	425.5	200500	2023/01/16 
2023/01/17 	429.0	434.5	422.0	431.0	429108	2023/01/17 
2023/01/30 	452.0	470.0	443.5	461.5	1192303	2023/01/30 
2023/01/31 	459.5	461.5	452.0	454.5	347329	2023/01/31 
2023/02/01 	457.0	464.0	447.0	452.0	464005	2023/02/01 
2023/02/02 	456.0	464.0	453.5	460.5	529501	2023/02/02 
2023/02/03 	473.0	473.0	455.0	459.0	603113	2023/02/03 
2023/02/06 	458.0	458.0	442.0	443.0	407000	2023/02/06 
2023/02/07 	450.0	486.0	448.5	478.5	1467240	2023/02/07 
2023/02/08 	488.0	526.0	487.5	526.0	2295997	2023/02/08 
2023/02/09 	536.0	551.0	529.0	539.0	2077873	2023/02/09 
2023/02/10 	537.0	555.0	524.0	535.0	1449308	2023/02/10 
2023/02/13 	537.0	541.0	526.0	529.0	546250	2023/02/13 
2023/02/14 	538.0	549.0	517.0	525.0	1574136	2023/02/14 
2023/02/15 	531.0	549.0	518.0	527.0	1521135	2023/02/15 
2023/02/16 	531.0	552.0	529.0	548.0	1588810	2023/02/16 
2023/02/17 	548.0	556.0	536.0	539.0	1115060	2023/02/17 
2023/02/20 	544.0	550.0	535.0	550.0	595627	2023/02/20 
