Date	Open	High	Low	Close	Volume	Date
2018/10/15 	83.0	85.5	62.0	83.0	207009	2018/10/15 
2018/10/16 	78.23999786376953	80.12999725341797	76.0	78.23999786376953	66370	2018/10/16 
2018/10/17 	72.48999786376953	78.23999786376953	71.0199966430664	72.48999786376953	96297	2018/10/17 
2018/10/18 	72.95999908447266	74.9800033569336	71.98999786376953	72.95999908447266	27162	2018/10/18 
2018/10/19 	72.0	72.0	70.5	72.0	14830	2018/10/19 
2018/10/22 	73.5	74.19999694824219	72.70999908447266	73.5	24500	2018/10/22 
2018/10/23 	72.5	73.0999984741211	72.5	72.5	24260	2018/10/23 
2018/10/24 	72.44000244140625	72.69999694824219	72.0	72.44000244140625	2094	2018/10/24 
2018/10/25 	70.29000091552734	72.0	70.0	70.29000091552734	33220	2018/10/25 
2018/10/26 	69.0	71.0	69.0	69.0	11310	2018/10/26 
2018/10/29 	69.0	69.0	68.27999877929688	69.0	20050	2018/10/29 
2018/10/30 	68.19999694824219	68.4000015258789	67.80000305175781	68.19999694824219	9272	2018/10/30 
2018/10/31 	69.30999755859375	69.69999694824219	69.0	69.30999755859375	15260	2018/10/31 
2018/11/01 	69.5	69.98999786376953	68.51000213623047	69.5	9128	2018/11/01 
2018/11/02 	71.38999938964844	71.38999938964844	68.80999755859375	71.38999938964844	1011	2018/11/02 
2018/11/05 	68.58999633789062	69.19999694824219	68.5	68.58999633789062	20993	2018/11/05 
2018/11/06 	68.4000015258789	68.98999786376953	68.0	68.4000015258789	9250	2018/11/06 
2018/11/07 	67.5	68.29000091552734	67.30999755859375	67.5	23480	2018/11/07 
2018/11/08 	67.80000305175781	69.0	67.30000305175781	67.80000305175781	25495	2018/11/08 
2018/11/09 	68.79000091552734	68.79000091552734	67.70999908447266	68.79000091552734	9168	2018/11/09 
2018/11/12 	68.69999694824219	69.29000091552734	67.70999908447266	68.69999694824219	25260	2018/11/12 
2018/11/13 	68.0	68.48999786376953	67.51000213623047	68.0	20900	2018/11/13 
2018/11/14 	69.0	69.5	68.0	69.0	17501	2018/11/14 
2018/11/15 	69.51000213623047	70.48999786376953	69.0	69.51000213623047	24650	2018/11/15 
2018/11/16 	73.98999786376953	73.98999786376953	70.0	73.98999786376953	23111	2018/11/16 
2018/11/19 	75.80000305175781	76.54000091552734	73.80000305175781	75.80000305175781	19926	2018/11/19 
2018/11/20 	75.98999786376953	75.98999786376953	74.51000213623047	75.98999786376953	25541	2018/11/20 
2018/11/21 	74.0	75.5	74.0	74.0	18290	2018/11/21 
2018/11/22 	73.69999694824219	74.38999938964844	73.0	73.69999694824219	21356	2018/11/22 
2018/11/23 	73.5	73.69999694824219	73.5	73.5	3236	2018/11/23 
2018/11/26 	73.94999694824219	73.94999694824219	73.5	73.94999694824219	3201	2018/11/26 
2018/11/27 	74.0	74.0	73.0	74.0	13303	2018/11/27 
2018/11/28 	74.69999694824219	74.7300033569336	73.80000305175781	74.69999694824219	11471	2018/11/28 
2018/11/29 	75.29000091552734	75.29000091552734	74.0	75.29000091552734	21005	2018/11/29 
2018/11/30 	76.0	76.0	74.80999755859375	76.0	40005	2018/11/30 
2018/12/03 	75.80000305175781	75.98999786376953	75.0	75.80000305175781	7301	2018/12/03 
2018/12/04 	75.80000305175781	76.5	75.5	75.80000305175781	9002	2018/12/04 
2018/12/05 	75.30000305175781	75.5	75.30000305175781	75.30000305175781	10000	2018/12/05 
2018/12/06 	75.30999755859375	76.0	75.20999908447266	75.30999755859375	44600	2018/12/06 
2018/12/07 	77.0	77.0	75.5	77.0	13000	2018/12/07 
2018/12/10 	79.3499984741211	79.3499984741211	75.80000305175781	79.3499984741211	8001	2018/12/10 
2018/12/11 	78.5	79.0	78.5	78.5	8000	2018/12/11 
2018/12/12 	78.69999694824219	78.98999786376953	78.0	78.69999694824219	14671	2018/12/12 
2018/12/13 	80.30000305175781	80.30000305175781	78.69999694824219	80.30000305175781	56550	2018/12/13 
2018/12/14 	82.0	83.1500015258789	79.51000213623047	82.0	44250	2018/12/14 
2018/12/17 	82.0999984741211	82.75	82.0999984741211	82.0999984741211	10400	2018/12/17 
2018/12/18 	81.29000091552734	82.0	80.41000366210938	81.29000091552734	28302	2018/12/18 
2018/12/19 	79.80999755859375	80.69999694824219	79.55999755859375	79.80999755859375	41192	2018/12/19 
2018/12/20 	78.2300033569336	79.0999984741211	77.58000183105469	78.2300033569336	21220	2018/12/20 
2018/12/21 	76.97000122070312	77.75	75.36000061035156	76.97000122070312	36203	2018/12/21 
2018/12/24 	80.19999694824219	80.19999694824219	80.19999694824219	80.19999694824219	1	2018/12/24 
2018/12/25 	78.5	79.19999694824219	77.01000213623047	78.5	4000	2018/12/25 
2018/12/26 	79.48999786376953	79.48999786376953	78.43000030517578	79.48999786376953	10000	2018/12/26 
2018/12/27 	79.0	80.0	79.0	79.0	6101	2018/12/27 
2018/12/28 	79.98999786376953	80.0	78.70999908447266	79.98999786376953	8001	2018/12/28 
2019/01/02 	79.69999694824219	79.69999694824219	79.69999694824219	79.69999694824219	1	2019/01/02 
2019/01/03 	78.80000305175781	79.8499984741211	78.25	78.80000305175781	12113	2019/01/03 
2019/01/04 	77.5	78.80000305175781	77.05999755859375	77.5	15000	2019/01/04 
2019/01/07 	77.4000015258789	77.80000305175781	77.4000015258789	77.4000015258789	10500	2019/01/07 
2019/01/08 	77.98999786376953	77.98999786376953	77.55999755859375	77.98999786376953	9050	2019/01/08 
2019/01/09 	77.98999786376953	77.98999786376953	77.5	77.98999786376953	14501	2019/01/09 
2019/01/10 	77.5999984741211	78.0	77.5	77.5999984741211	8200	2019/01/10 
2019/01/11 	77.80000305175781	78.0	77.26000213623047	77.80000305175781	3931	2019/01/11 
2019/01/14 	77.5	77.73999786376953	77.26000213623047	77.5	14682	2019/01/14 
2019/01/15 	77.73999786376953	77.73999786376953	77.69000244140625	77.73999786376953	5071	2019/01/15 
2019/01/16 	77.5	77.73999786376953	77.30000305175781	77.5	6280	2019/01/16 
2019/01/17 	77.69000244140625	77.69999694824219	77.26000213623047	77.69000244140625	5150	2019/01/17 
2019/01/18 	77.66999816894531	77.68000030517578	77.11000061035156	77.66999816894531	13020	2019/01/18 
2019/01/21 	77.5	77.75	77.11000061035156	77.5	15460	2019/01/21 
2019/01/22 	77.5	77.73999786376953	77.30000305175781	77.5	11728	2019/01/22 
2019/01/23 	77.01000213623047	77.5	77.01000213623047	77.01000213623047	5000	2019/01/23 
2019/01/24 	77.25	77.25	76.80000305175781	77.25	12100	2019/01/24 
2019/01/25 	77.80000305175781	77.98999786376953	77.5	77.80000305175781	10220	2019/01/25 
2019/01/28 	80.5999984741211	80.5999984741211	77.44999694824219	80.5999984741211	45030	2019/01/28 
2019/01/29 	79.44999694824219	80.2300033569336	79.0	79.44999694824219	37580	2019/01/29 
2019/01/30 	79.5999984741211	79.5999984741211	79.2300033569336	79.5999984741211	11060	2019/01/30 
2019/02/11 	79.69999694824219	80.0999984741211	79.30000305175781	79.69999694824219	37713	2019/02/11 
2019/02/12 	79.5	79.69999694824219	79.01000213623047	79.5	19100	2019/02/12 
2019/02/13 	80.80000305175781	81.05999755859375	79.2699966430664	80.80000305175781	46950	2019/02/13 
2019/02/14 	88.38999938964844	90.01000213623047	84.0	88.38999938964844	173230	2019/02/14 
2019/02/15 	88.54000091552734	91.29000091552734	87.76000213623047	88.54000091552734	128201	2019/02/15 
2019/02/18 	86.91000366210938	90.0	86.91000366210938	86.91000366210938	34034	2019/02/18 
2019/02/19 	86.30000305175781	87.69999694824219	86.30000305175781	86.30000305175781	22590	2019/02/19 
2019/02/20 	91.0	92.5999984741211	87.0	91.0	78513	2019/02/20 
2019/02/21 	90.29000091552734	91.79000091552734	89.01000213623047	90.29000091552734	43900	2019/02/21 
2019/02/22 	90.48999786376953	90.48999786376953	88.51000213623047	90.48999786376953	15250	2019/02/22 
2019/02/25 	88.0	90.5	87.01000213623047	88.0	46530	2019/02/25 
2019/02/26 	88.0	88.5	86.91999816894531	88.0	35310	2019/02/26 
2019/02/27 	88.0	88.0	87.01000213623047	88.0	16337	2019/02/27 
2019/03/04 	90.48999786376953	90.5	88.0	90.48999786376953	39494	2019/03/04 
2019/03/05 	88.30000305175781	90.0	88.0	88.30000305175781	14274	2019/03/05 
2019/03/06 	88.5	89.2699966430664	88.5	88.5	17700	2019/03/06 
2019/03/07 	88.98999786376953	89.48999786376953	88.5	88.98999786376953	21100	2019/03/07 
2019/03/08 	88.80000305175781	89.2699966430664	88.51000213623047	88.80000305175781	12760	2019/03/08 
2019/03/11 	88.2699966430664	88.98999786376953	87.70999908447266	88.2699966430664	29695	2019/03/11 
2019/03/12 	88.2699966430664	88.80000305175781	87.69999694824219	88.2699966430664	13360	2019/03/12 
2019/03/13 	87.5	88.19999694824219	87.0	87.5	54603	2019/03/13 
2019/03/14 	87.5	87.80000305175781	87.30999755859375	87.5	19350	2019/03/14 
2019/03/15 	91.29000091552734	91.29000091552734	87.30999755859375	91.29000091552734	50030	2019/03/15 
2019/03/18 	95.5	95.98999786376953	90.0	95.5	78900	2019/03/18 
2019/03/19 	100.38999938964844	101.05000305175781	96.0	100.38999938964844	93137	2019/03/19 
2019/03/20 	99.0	100.30000305175781	99.0	99.0	57851	2019/03/20 
2019/03/21 	96.5	99.69000244140625	96.0	96.5	75280	2019/03/21 
2019/03/22 	96.19999694824219	97.38999938964844	95.51000213623047	96.19999694824219	31652	2019/03/22 
2019/03/25 	93.80000305175781	95.0	90.51000213623047	93.80000305175781	34385	2019/03/25 
2019/03/26 	97.5	98.30000305175781	92.61000061035156	97.5	44338	2019/03/26 
2019/03/27 	97.69999694824219	98.98999786376953	97.19000244140625	97.69999694824219	17395	2019/03/27 
2019/03/28 	98.0	99.98999786376953	97.0	98.0	17143	2019/03/28 
2019/03/29 	99.0	99.9800033569336	98.0	99.0	9461	2019/03/29 
2019/04/01 	99.91000366210938	99.91000366210938	98.69999694824219	99.91000366210938	43926	2019/04/01 
2019/04/02 	105.18000030517578	105.5	100.0	105.18000030517578	134123	2019/04/02 
2019/04/03 	104.33000183105469	107.98999786376953	102.0	104.33000183105469	85814	2019/04/03 
2019/04/08 	104.30000305175781	104.38999938964844	103.51000213623047	104.30000305175781	52600	2019/04/08 
2019/04/09 	105.0	105.98999786376953	104.16999816894531	105.0	42665	2019/04/09 
2019/04/10 	105.0	105.88999938964844	104.66999816894531	105.0	42195	2019/04/10 
2019/04/11 	102.5	105.5	100.01000213623047	102.5	76496	2019/04/11 
2019/04/12 	102.48999786376953	103.0	100.0	102.48999786376953	16670	2019/04/12 
2019/04/15 	103.0	103.83000183105469	102.5	103.0	18100	2019/04/15 
2019/04/16 	103.19999694824219	105.26000213623047	102.61000061035156	103.19999694824219	12560	2019/04/16 
2019/04/17 	103.69999694824219	104.37000274658203	103.5	103.69999694824219	29930	2019/04/17 
2019/04/18 	104.5999984741211	106.12999725341797	104.47000122070312	104.5999984741211	47720	2019/04/18 
2019/04/19 	104.9800033569336	105.19000244140625	104.0	104.9800033569336	30787	2019/04/19 
2019/04/22 	104.19000244140625	104.98999786376953	104.16999816894531	104.19000244140625	20610	2019/04/22 
2019/04/23 	106.0	106.48999786376953	104.5	106.0	29000	2019/04/23 
2019/04/24 	106.19999694824219	107.38999938964844	105.9000015258789	106.19999694824219	37910	2019/04/24 
2019/04/25 	106.48999786376953	106.48999786376953	106.0	106.48999786376953	31000	2019/04/25 
2019/04/26 	106.0	106.9800033569336	105.51000213623047	106.0	44501	2019/04/26 
2019/04/29 	105.5	106.62999725341797	104.5999984741211	105.5	34464	2019/04/29 
2019/04/30 	105.19999694824219	106.4800033569336	105.01000213623047	105.19999694824219	35252	2019/04/30 
2019/05/02 	106.0	106.0	105.01000213623047	106.0	22750	2019/05/02 
2019/05/03 	106.0	106.69000244140625	105.70999908447266	106.0	46450	2019/05/03 
2019/05/06 	105.0999984741211	106.48999786376953	104.61000061035156	105.0999984741211	32189	2019/05/06 
2019/05/07 	105.0	106.0	105.0	105.0	31010	2019/05/07 
2019/05/08 	105.5	106.0	105.0	105.5	16000	2019/05/08 
2019/05/09 	105.5999984741211	107.13999938964844	105.30999755859375	105.5999984741211	33500	2019/05/09 
2019/05/10 	104.88999938964844	105.19999694824219	103.0	104.88999938964844	47942	2019/05/10 
2019/05/13 	104.19999694824219	105.0	103.19999694824219	104.19999694824219	49000	2019/05/13 
2019/05/14 	103.0	104.0	102.61000061035156	103.0	39095	2019/05/14 
2019/05/15 	103.5999984741211	103.98999786376953	103.0199966430664	103.5999984741211	8100	2019/05/15 
2019/05/16 	103.69999694824219	104.0999984741211	103.30999755859375	103.69999694824219	24100	2019/05/16 
2019/05/17 	104.9000015258789	104.9800033569336	103.4000015258789	104.9000015258789	53400	2019/05/17 
2019/05/20 	104.0	105.0	104.0	104.0	12472	2019/05/20 
2019/05/21 	103.5	103.98999786376953	103.0	103.5	27923	2019/05/21 
2019/05/22 	104.0	104.0	104.0	104.0	7020	2019/05/22 
2019/05/23 	103.0	103.4000015258789	102.0	103.0	14633	2019/05/23 
2019/05/24 	102.70999908447266	103.5	102.70999908447266	102.70999908447266	17300	2019/05/24 
2019/05/27 	101.88999938964844	102.80000305175781	101.5	101.88999938964844	25558	2019/05/27 
2019/05/28 	102.0	102.0	101.0	102.0	48025	2019/05/28 
2019/05/29 	101.9000015258789	102.0	101.01000213623047	101.9000015258789	19040	2019/05/29 
2019/05/30 	103.5	103.80000305175781	101.01000213623047	103.5	15610	2019/05/30 
2019/05/31 	101.51000213623047	102.30000305175781	101.0	101.51000213623047	27934	2019/05/31 
2019/06/03 	100.9000015258789	101.5	99.51000213623047	100.9000015258789	48787	2019/06/03 
2019/06/04 	100.30000305175781	101.0	100.0	100.30000305175781	11830	2019/06/04 
2019/06/05 	100.98999786376953	101.30999755859375	100.20999908447266	100.98999786376953	12010	2019/06/05 
2019/06/06 	101.5	101.79000091552734	101.0	101.5	8125	2019/06/06 
2019/06/10 	102.5	102.5	101.5	102.5	9885	2019/06/10 
2019/06/11 	103.0	103.0	102.01000213623047	103.0	6057	2019/06/11 
2019/06/12 	103.5	105.0	103.5	103.5	6031	2019/06/12 
2019/06/13 	104.0	104.0	103.01000213623047	104.0	28625	2019/06/13 
2019/06/14 	104.48999786376953	104.5	103.51000213623047	104.48999786376953	13300	2019/06/14 
2019/06/17 	104.30000305175781	105.0	104.18000030517578	104.30000305175781	26302	2019/06/17 
2019/06/18 	106.9000015258789	107.37000274658203	104.5	106.9000015258789	62239	2019/06/18 
2019/06/19 	107.16999816894531	107.48999786376953	106.19999694824219	107.16999816894531	36350	2019/06/19 
2019/06/20 	106.0	106.5	106.0	106.0	21034	2019/06/20 
2019/06/21 	106.45999908447266	106.5	105.83999633789062	106.45999908447266	20012	2019/06/21 
2019/06/24 	107.48999786376953	107.48999786376953	105.51000213623047	107.48999786376953	12615	2019/06/24 
2019/06/25 	116.16999816894531	118.0	109.0	116.16999816894531	210985	2019/06/25 
2019/06/26 	116.0	125.0	116.0	123.5	119501	2019/06/26 
2019/06/27 	124.98999786376953	126.0	122.4000015258789	123.0	90234	2019/06/27 
2019/06/28 	122.61000061035156	123.0	121.0	122.30000305175781	47090	2019/06/28 
2019/07/01 	123.0	130.58999633789062	122.0	130.0	76032	2019/07/01 
2019/07/02 	131.0	140.5	130.0	139.86000061035156	67947	2019/07/02 
2019/07/03 	138.00999450683594	152.0	138.0	152.0	203145	2019/07/03 
2019/07/04 	156.75	175.10000610351562	156.00999450683594	169.0	354089	2019/07/04 
2019/07/05 	164.50999450683594	167.0	155.00999450683594	157.60000610351562	180638	2019/07/05 
2019/07/08 	155.00999450683594	158.99000549316406	144.50999450683594	149.3699951171875	176092	2019/07/08 
2019/07/09 	145.0	145.4600067138672	139.2100067138672	142.7899932861328	103946	2019/07/09 
2019/07/10 	142.99000549316406	154.0	142.50999450683594	152.02000427246094	102503	2019/07/10 
2019/07/11 	148.50999450683594	154.5	148.50999450683594	150.99000549316406	91239	2019/07/11 
2019/07/12 	153.99000549316406	153.99000549316406	149.50999450683594	150.0	41972	2019/07/12 
2019/07/15 	150.0	150.0	145.00999450683594	149.0	44242	2019/07/15 
2019/07/16 	149.0500030517578	155.0	148.50999450683594	155.0	40426	2019/07/16 
2019/07/17 	150.5	152.0	148.50999450683594	149.0	63027	2019/07/17 
2019/07/18 	150.42999267578125	150.69000244140625	149.0	150.0	37620	2019/07/18 
2019/07/19 	150.99000549316406	150.99000549316406	149.0	149.6999969482422	13624	2019/07/19 
2019/07/22 	149.85000610351562	150.3800048828125	149.00999450683594	150.0	18000	2019/07/22 
2019/07/23 	150.0	150.0	149.0	149.5	14892	2019/07/23 
2019/07/24 	149.02000427246094	149.5	145.50999450683594	146.67999267578125	38133	2019/07/24 
2019/07/25 	146.00999450683594	146.00999450683594	143.5	145.0	56395	2019/07/25 
2019/07/26 	145.0	145.5	144.55999755859375	145.5	55722	2019/07/26 
2019/07/29 	144.00999450683594	147.2899932861328	144.0	147.0	21732	2019/07/29 
2019/07/30 	146.5	146.5	145.0399932861328	145.97000122070312	17074	2019/07/30 
2019/07/31 	145.5	145.5	144.50999450683594	144.7100067138672	11067	2019/07/31 
2019/08/01 	144.00999450683594	144.5	143.88999938964844	144.47000122070312	5935	2019/08/01 
2019/08/02 	143.0	143.49000549316406	133.0	140.0	123128	2019/08/02 
2019/08/05 	138.0	138.99000549316406	136.00999450683594	138.41000366210938	29436	2019/08/05 
2019/08/06 	136.0	138.0	133.0	137.0	38699	2019/08/06 
2019/08/07 	137.42999267578125	137.5	137.0	137.5	14195	2019/08/07 
2019/08/08 	137.5	138.8000030517578	137.5	138.8000030517578	16069	2019/08/08 
2019/08/12 	138.99000549316406	139.88999938964844	138.30999755859375	139.88999938964844	18272	2019/08/12 
2019/08/13 	139.88999938964844	140.5500030517578	139.05999755859375	139.58999633789062	30003	2019/08/13 
2019/08/14 	139.61000061035156	145.0	139.61000061035156	143.4499969482422	17177	2019/08/14 
2019/08/15 	141.58999633789062	145.4499969482422	141.58999633789062	144.5	25901	2019/08/15 
2019/08/16 	142.0	147.49000549316406	142.0	147.49000549316406	25168	2019/08/16 
2019/08/19 	144.55999755859375	148.99000549316406	144.5500030517578	147.0	9143	2019/08/19 
2019/08/20 	147.99000549316406	149.9600067138672	146.5500030517578	147.0	48664	2019/08/20 
2019/08/21 	146.5399932861328	147.4499969482422	145.00999450683594	145.11000061035156	33318	2019/08/21 
2019/08/22 	145.11000061035156	145.99000549316406	145.11000061035156	145.69000244140625	7235	2019/08/22 
2019/08/23 	145.10000610351562	145.9600067138672	145.0500030517578	145.58999633789062	18334	2019/08/23 
2019/08/26 	145.0500030517578	145.0500030517578	142.00999450683594	143.0	12940	2019/08/26 
2019/08/27 	143.5	143.5	142.61000061035156	143.42999267578125	9212	2019/08/27 
2019/08/28 	143.5	143.99000549316406	142.61000061035156	143.49000549316406	20743	2019/08/28 
2019/08/29 	143.5	143.5	143.0	143.4499969482422	6354	2019/08/29 
2019/08/30 	143.5	144.0	143.02999877929688	144.0	5091	2019/08/30 
2019/09/02 	143.0	144.97000122070312	143.0	144.97000122070312	3605	2019/09/02 
2019/09/03 	143.5	143.88999938964844	142.50999450683594	143.88999938964844	6254	2019/09/03 
2019/09/04 	143.88999938964844	143.88999938964844	143.00999450683594	143.77000427246094	3235	2019/09/04 
2019/09/05 	143.6999969482422	143.6999969482422	143.6999969482422	143.6999969482422	53	2019/09/05 
2019/09/06 	143.6999969482422	144.19000244140625	143.2100067138672	143.2100067138672	4714	2019/09/06 
2019/09/10 	144.99000549316406	145.4499969482422	144.5399932861328	145.4499969482422	22032	2019/09/10 
2019/09/11 	144.55999755859375	145.0	143.5399932861328	144.7899932861328	12119	2019/09/11 
2019/09/12 	144.99000549316406	145.0	144.52999877929688	144.9499969482422	19315	2019/09/12 
2019/09/16 	144.3300018310547	144.77999877929688	141.00999450683594	142.0	26433	2019/09/16 
2019/09/17 	142.4499969482422	142.4499969482422	141.0	141.99000549316406	24860	2019/09/17 
2019/09/18 	141.00999450683594	141.5	139.55999755859375	140.42999267578125	15188	2019/09/18 
2019/09/19 	140.49000549316406	141.99000549316406	140.49000549316406	141.94000244140625	17137	2019/09/19 
2019/09/20 	140.80999755859375	143.0	139.0	143.0	36223	2019/09/20 
2019/09/23 	140.11000061035156	143.0	140.11000061035156	143.0	13162	2019/09/23 
2019/09/24 	141.8000030517578	141.8000030517578	141.8000030517578	141.8000030517578	1000	2019/09/24 
2019/09/25 	143.49000549316406	143.49000549316406	142.0	142.00999450683594	13000	2019/09/25 
2019/09/26 	142.6199951171875	144.0	141.7100067138672	141.7100067138672	23402	2019/09/26 
2019/09/27 	142.0500030517578	142.58999633789062	141.50999450683594	142.47000122070312	8518	2019/09/27 
2019/10/01 	142.49000549316406	142.49000549316406	140.55999755859375	141.69000244140625	12011	2019/10/01 
2019/10/02 	141.69000244140625	141.69000244140625	136.5	140.0	56371	2019/10/02 
2019/10/03 	136.00999450683594	139.0	135.91000366210938	137.5	49166	2019/10/03 
2019/10/04 	137.38999938964844	137.5	135.5	135.9499969482422	61733	2019/10/04 
2019/10/07 	135.00999450683594	136.0	133.1199951171875	134.3699951171875	60616	2019/10/07 
2019/10/08 	134.0	134.0	128.50999450683594	128.50999450683594	103911	2019/10/08 
2019/10/09 	127.01000213623047	127.5	116.51000213623047	119.5	242297	2019/10/09 
2019/10/14 	119.87999725341797	127.9000015258789	119.5	124.5	123810	2019/10/14 
2019/10/15 	124.0	124.5	120.0	121.0	70936	2019/10/15 
2019/10/16 	123.1500015258789	130.0	123.1500015258789	130.0	199511	2019/10/16 
2019/10/17 	130.41000366210938	131.0	126.61000061035156	129.39999389648438	75017	2019/10/17 
2019/10/18 	128.5	129.99000549316406	128.0	129.5	45630	2019/10/18 
2019/10/21 	128.49000549316406	129.5	128.10000610351562	128.10000610351562	67110	2019/10/21 
2019/10/22 	129.38999938964844	130.4499969482422	128.8000030517578	129.8000030517578	67187	2019/10/22 
2019/10/23 	130.99000549316406	137.91000366210938	130.99000549316406	131.72999572753906	222611	2019/10/23 
2019/10/24 	133.99000549316406	135.0	133.11000061035156	134.2899932861328	66250	2019/10/24 
2019/10/25 	134.2899932861328	134.39999389648438	131.39999389648438	132.0800018310547	106670	2019/10/25 
2019/10/28 	132.11000061035156	132.14999389648438	130.2100067138672	131.0	65060	2019/10/28 
2019/10/29 	131.0	131.0	129.02999877929688	129.60000610351562	80418	2019/10/29 
2019/10/30 	130.99000549316406	130.99000549316406	129.8000030517578	130.9199981689453	47515	2019/10/30 
2019/10/31 	131.0	131.99000549316406	130.3000030517578	130.5	22680	2019/10/31 
2019/11/01 	130.00999450683594	130.00999450683594	127.0199966430664	129.38999938964844	82581	2019/11/01 
2019/11/04 	129.10000610351562	129.89999389648438	128.91000366210938	129.6999969482422	45365	2019/11/04 
2019/11/05 	130.0	132.5	130.0	132.0	77351	2019/11/05 
2019/11/06 	131.5	134.5	131.5	133.1999969482422	48671	2019/11/06 
2019/11/07 	135.5	137.72000122070312	135.0	136.0	101724	2019/11/07 
2019/11/08 	136.99000549316406	142.4499969482422	136.5	141.5	172260	2019/11/08 
2019/11/11 	141.99000549316406	144.4499969482422	140.0	141.0	128300	2019/11/11 
2019/11/12 	140.00999450683594	143.0	140.00999450683594	141.60000610351562	61700	2019/11/12 
2019/11/13 	142.0	142.0	134.00999450683594	140.0	139998	2019/11/13 
2019/11/14 	138.5	138.60000610351562	129.00999450683594	130.60000610351562	203132	2019/11/14 
2019/11/15 	131.0	132.44000244140625	130.58999633789062	131.3000030517578	97250	2019/11/15 
2019/11/18 	131.5	132.97000122070312	131.08999633789062	132.6999969482422	46620	2019/11/18 
2019/11/19 	132.00999450683594	133.0	131.00999450683594	132.0	89947	2019/11/19 
2019/11/20 	130.00999450683594	132.39999389648438	130.0	131.39999389648438	53435	2019/11/20 
2019/11/21 	131.0	131.0	130.0	130.1300048828125	31275	2019/11/21 
2019/11/22 	131.0	132.77999877929688	130.61000061035156	132.77999877929688	43158	2019/11/22 
2019/11/25 	133.99000549316406	133.99000549316406	129.11000061035156	129.6999969482422	86720	2019/11/25 
2019/11/26 	129.60000610351562	131.8000030517578	122.9800033569336	129.5	276725	2019/11/26 
2019/11/27 	130.99000549316406	161.0	130.97999572753906	157.5	773758	2019/11/27 
2019/11/28 	156.0	162.08999633789062	154.50999450683594	160.0	813303	2019/11/28 
2019/11/29 	160.0	161.0	147.50999450683594	153.99000549316406	593741	2019/11/29 
2019/12/02 	153.99000549316406	154.0	141.55999755859375	147.00999450683594	314141	2019/12/02 
2019/12/03 	147.9499969482422	147.9499969482422	141.55999755859375	142.55999755859375	237972	2019/12/03 
2019/12/04 	144.3000030517578	151.47000122070312	141.00999450683594	150.0	305854	2019/12/04 
2019/12/05 	150.02000427246094	155.47999572753906	149.00999450683594	154.49000549316406	432118	2019/12/05 
2019/12/06 	154.0	156.0	152.0	153.52999877929688	348550	2019/12/06 
2019/12/09 	82.0	100.0	80.0	98.0	46515299	2019/12/09 
2019/12/10 	97.80000305175781	97.80000305175781	93.0	93.5	21207094	2019/12/10 
2019/12/11 	91.69999694824219	92.80000305175781	89.5	90.5	15718268	2019/12/11 
2019/12/12 	91.0	92.0999984741211	89.69999694824219	89.80000305175781	11502431	2019/12/12 
2019/12/13 	89.9000015258789	90.0	84.5999984741211	84.80000305175781	17401267	2019/12/13 
2019/12/16 	83.9000015258789	87.0	83.0	85.5999984741211	17659	2019/12/16 
2019/12/17 	85.0	85.9000015258789	84.5999984741211	84.9000015258789	5529965	2019/12/17 
2019/12/18 	85.0	85.80000305175781	85.0	85.30000305175781	3046260	2019/12/18 
2019/12/19 	86.0	89.4000015258789	85.80000305175781	89.0999984741211	10264093	2019/12/19 
2019/12/20 	89.30000305175781	90.5	88.69999694824219	89.4000015258789	8054099	2019/12/20 
2019/12/23 	89.19999694824219	89.19999694824219	87.69999694824219	87.69999694824219	4913575	2019/12/23 
2019/12/24 	88.0999984741211	88.5999984741211	87.69999694824219	88.0999984741211	2923787	2019/12/24 
2019/12/25 	89.0	90.9000015258789	88.9000015258789	90.19999694824219	7120341	2019/12/25 
2019/12/26 	90.30000305175781	90.69999694824219	89.19999694824219	89.4000015258789	3677401	2019/12/26 
2019/12/27 	89.9000015258789	90.0	88.69999694824219	88.9000015258789	3571104	2019/12/27 
2019/12/30 	89.0	90.0	88.19999694824219	89.0999984741211	3852796	2019/12/30 
2019/12/31 	89.0999984741211	89.30000305175781	88.69999694824219	88.9000015258789	1962772	2019/12/31 
2020/01/02 	89.5	89.5	88.30000305175781	88.5	2595537	2020/01/02 
2020/01/03 	88.80000305175781	88.9000015258789	87.0	87.0999984741211	4026588	2020/01/03 
2020/01/06 	86.69999694824219	86.80000305175781	85.5999984741211	85.5999984741211	3273850	2020/01/06 
2020/01/07 	85.5999984741211	86.19999694824219	84.9000015258789	85.0999984741211	2703512	2020/01/07 
2020/01/08 	84.5	84.80000305175781	83.80000305175781	84.0999984741211	2872365	2020/01/08 
2020/01/09 	84.5	85.30000305175781	84.5	85.0999984741211	1398181	2020/01/09 
2020/01/10 	85.30000305175781	86.0	85.30000305175781	85.69999694824219	1496300	2020/01/10 
2020/01/13 	86.0	87.69999694824219	86.0	87.0999984741211	2328799	2020/01/13 
2020/01/14 	87.19999694824219	87.4000015258789	86.5	86.80000305175781	1388900	2020/01/14 
2020/01/15 	86.80000305175781	87.0	85.80000305175781	85.80000305175781	1439056	2020/01/15 
2020/01/16 	86.0999984741211	86.30000305175781	85.9000015258789	86.0999984741211	907500	2020/01/16 
2020/01/17 	86.19999694824219	86.5999984741211	86.0999984741211	86.0999984741211	884722	2020/01/17 
2020/01/20 	86.30000305175781	87.0999984741211	86.19999694824219	86.80000305175781	1663449	2020/01/20 
2020/01/30 	82.19999694824219	82.80000305175781	80.19999694824219	80.69999694824219	7047617	2020/01/30 
2020/01/31 	80.80000305175781	82.4000015258789	80.69999694824219	81.80000305175781	2257589	2020/01/31 
2020/02/03 	80.0	80.4000015258789	77.4000015258789	79.80000305175781	2945970	2020/02/03 
2020/02/04 	83.9000015258789	83.9000015258789	81.4000015258789	81.4000015258789	1526746	2020/02/04 
2020/02/05 	82.30000305175781	82.30000305175781	81.19999694824219	82.0	1803190	2020/02/05 
2020/02/06 	82.5	83.30000305175781	82.4000015258789	82.9000015258789	2218376	2020/02/06 
2020/02/07 	82.9000015258789	82.9000015258789	82.0	82.0	1168531	2020/02/07 
2020/02/10 	80.0999984741211	81.30000305175781	80.0	80.69999694824219	1705750	2020/02/10 
2020/02/11 	81.0	81.5	80.80000305175781	80.9000015258789	1010294	2020/02/11 
2020/02/12 	80.9000015258789	81.80000305175781	80.9000015258789	81.4000015258789	1004152	2020/02/12 
2020/02/13 	81.5999984741211	81.69999694824219	81.19999694824219	81.30000305175781	981003	2020/02/13 
2020/02/14 	81.0999984741211	81.19999694824219	80.80000305175781	80.9000015258789	1157090	2020/02/14 
2020/02/17 	80.80000305175781	80.9000015258789	80.19999694824219	80.5	1119984	2020/02/17 
2020/02/18 	80.5999984741211	80.9000015258789	80.30000305175781	80.5999984741211	959341	2020/02/18 
2020/02/19 	80.5999984741211	81.0	80.4000015258789	80.9000015258789	906560	2020/02/19 
2020/02/20 	81.19999694824219	81.5	80.80000305175781	80.9000015258789	634704	2020/02/20 
2020/02/21 	80.9000015258789	80.9000015258789	80.5	80.5999984741211	720200	2020/02/21 
2020/02/24 	80.0	80.5	79.9000015258789	80.0	1394140	2020/02/24 
2020/02/25 	79.19999694824219	80.0999984741211	79.19999694824219	79.9000015258789	1373020	2020/02/25 
2020/02/26 	79.5	79.80000305175781	79.4000015258789	79.5	1075192	2020/02/26 
2020/02/27 	79.5	79.69999694824219	78.0	78.0999984741211	2097755	2020/02/27 
2020/03/02 	76.0	77.80000305175781	75.69999694824219	76.5	1889244	2020/03/02 
2020/03/03 	77.69999694824219	78.5	77.69999694824219	78.0	1278100	2020/03/03 
2020/03/04 	77.5	77.69999694824219	76.69999694824219	77.30000305175781	797938	2020/03/04 
2020/03/05 	78.0	78.5	77.69999694824219	77.9000015258789	1010840	2020/03/05 
2020/03/06 	78.0	78.19999694824219	77.0	77.0999984741211	1050630	2020/03/06 
2020/03/09 	76.80000305175781	76.80000305175781	74.30000305175781	74.30000305175781	3173883	2020/03/09 
2020/03/10 	72.19999694824219	73.0	71.0	73.0	3972780	2020/03/10 
2020/03/11 	73.5	73.69999694824219	72.0	72.0	1423946	2020/03/11 
2020/03/12 	71.0	71.0	68.0999984741211	68.0999984741211	3495990	2020/03/12 
2020/03/13 	63.5	64.4000015258789	61.70000076293945	63.900001525878906	4153414	2020/03/13 
2020/03/16 	64.5	64.80000305175781	63.5	63.599998474121094	2366899	2020/03/16 
2020/03/17 	61.70000076293945	63.0	61.599998474121094	62.0	2415189	2020/03/17 
2020/03/18 	62.0	63.20000076293945	62.0	62.0	2063539	2020/03/18 
2020/03/19 	60.599998474121094	60.599998474121094	55.79999923706055	55.79999923706055	4376503	2020/03/19 
2020/03/20 	58.0	60.0	57.599998474121094	58.70000076293945	2447940	2020/03/20 
2020/03/23 	56.0	57.099998474121094	54.400001525878906	56.5	1285150	2020/03/23 
2020/03/24 	57.599998474121094	60.0	57.599998474121094	59.099998474121094	1626440	2020/03/24 
2020/03/25 	62.0	63.900001525878906	61.70000076293945	62.70000076293945	3116560	2020/03/25 
2020/03/26 	62.900001525878906	63.599998474121094	62.0	63.5	2041131	2020/03/26 
2020/03/27 	64.80000305175781	65.5999984741211	63.599998474121094	63.599998474121094	2178339	2020/03/27 
2020/03/30 	62.0	63.400001525878906	61.70000076293945	63.20000076293945	1123126	2020/03/30 
2020/03/31 	64.5	64.80000305175781	63.70000076293945	64.0	1056543	2020/03/31 
2020/04/01 	64.0999984741211	65.5999984741211	63.70000076293945	64.5	1331261	2020/04/01 
2020/04/06 	64.19999694824219	65.0999984741211	63.599998474121094	64.80000305175781	1417050	2020/04/06 
2020/04/07 	66.0	67.69999694824219	65.69999694824219	67.30000305175781	1773868	2020/04/07 
2020/04/08 	67.30000305175781	68.69999694824219	66.9000015258789	68.5999984741211	1760649	2020/04/08 
2020/04/09 	69.5999984741211	70.4000015258789	69.0	69.5	2016658	2020/04/09 
2020/04/10 	70.19999694824219	74.30000305175781	70.19999694824219	72.4000015258789	3803984	2020/04/10 
2020/04/13 	72.5	72.5	70.5	71.30000305175781	1813218	2020/04/13 
2020/04/14 	71.5999984741211	74.19999694824219	71.5999984741211	73.80000305175781	2213229	2020/04/14 
2020/04/15 	74.5999984741211	75.30000305175781	74.0	74.9000015258789	2138529	2020/04/15 
2020/04/16 	74.0	74.9000015258789	73.5	74.4000015258789	1243672	2020/04/16 
2020/04/17 	74.80000305175781	75.4000015258789	73.69999694824219	74.0	2331515	2020/04/17 
2020/04/20 	74.0	76.69999694824219	74.0	76.19999694824219	2153965	2020/04/20 
2020/04/21 	76.4000015258789	76.4000015258789	72.69999694824219	72.80000305175781	3444579	2020/04/21 
2020/04/22 	72.19999694824219	74.5	71.19999694824219	73.9000015258789	2023044	2020/04/22 
2020/04/23 	73.9000015258789	74.5999984741211	73.4000015258789	73.9000015258789	1382583	2020/04/23 
2020/04/24 	73.9000015258789	75.19999694824219	73.80000305175781	74.69999694824219	1431772	2020/04/24 
2020/04/27 	75.0	76.5	74.80000305175781	76.30000305175781	2101212	2020/04/27 
2020/04/28 	77.5	80.80000305175781	77.30000305175781	79.30000305175781	4501717	2020/04/28 
2020/04/29 	79.5999984741211	81.0	79.0999984741211	80.30000305175781	2841923	2020/04/29 
2020/04/30 	80.69999694824219	81.30000305175781	80.0	80.0	2713922	2020/04/30 
2020/05/04 	78.30000305175781	80.5	77.5999984741211	79.19999694824219	2247215	2020/05/04 
2020/05/05 	79.5999984741211	80.30000305175781	78.5	79.19999694824219	2026417	2020/05/05 
2020/05/06 	79.5	79.5	78.5	78.5	1466434	2020/05/06 
2020/05/07 	78.30000305175781	80.30000305175781	78.30000305175781	79.69999694824219	1178958	2020/05/07 
2020/05/08 	79.69999694824219	80.30000305175781	79.0	79.0999984741211	1700390	2020/05/08 
2020/05/11 	79.19999694824219	80.4000015258789	79.0	80.0999984741211	1394826	2020/05/11 
2020/05/12 	80.19999694824219	80.4000015258789	79.4000015258789	79.5999984741211	1259400	2020/05/12 
2020/05/13 	80.0	80.5	79.30000305175781	80.19999694824219	1497610	2020/05/13 
2020/05/14 	79.80000305175781	80.0999984741211	78.4000015258789	78.5	1692200	2020/05/14 
2020/05/15 	79.0	79.9000015258789	77.5999984741211	78.69999694824219	2028889	2020/05/15 
2020/05/18 	78.5	80.0	78.5	79.19999694824219	1761979	2020/05/18 
2020/05/19 	80.5	80.69999694824219	78.80000305175781	79.80000305175781	1320253	2020/05/19 
2020/05/20 	80.0999984741211	80.30000305175781	79.5999984741211	80.0	1303154	2020/05/20 
2020/05/21 	80.5	82.4000015258789	80.30000305175781	82.0	3314913	2020/05/21 
2020/05/22 	82.19999694824219	82.30000305175781	79.30000305175781	79.5999984741211	3139526	2020/05/22 
2020/05/25 	79.5	80.30000305175781	79.0	79.5999984741211	1269833	2020/05/25 
2020/05/26 	80.19999694824219	80.5	79.69999694824219	80.30000305175781	1186812	2020/05/26 
2020/05/27 	80.4000015258789	80.5999984741211	79.5	79.69999694824219	1326569	2020/05/27 
2020/05/28 	80.0999984741211	80.5	79.5	79.69999694824219	1325298	2020/05/28 
2020/05/29 	80.0999984741211	82.5	79.80000305175781	82.5	5460645	2020/05/29 
2020/06/01 	82.5	83.4000015258789	81.9000015258789	82.80000305175781	2628449	2020/06/01 
2020/06/02 	82.80000305175781	83.19999694824219	81.5	81.5999984741211	1665874	2020/06/02 
2020/06/03 	81.80000305175781	82.30000305175781	81.0	81.80000305175781	1410642	2020/06/03 
2020/06/04 	82.4000015258789	82.69999694824219	81.30000305175781	81.69999694824219	1223570	2020/06/04 
2020/06/05 	82.19999694824219	82.5	81.5999984741211	82.30000305175781	999473	2020/06/05 
2020/06/08 	82.30000305175781	82.5999984741211	81.5	82.30000305175781	1771060	2020/06/08 
2020/06/09 	82.5	84.4000015258789	81.80000305175781	84.0	3183410	2020/06/09 
2020/06/10 	84.19999694824219	84.30000305175781	83.0999984741211	83.9000015258789	1804780	2020/06/10 
2020/06/11 	83.5999984741211	83.80000305175781	81.80000305175781	82.0	2146433	2020/06/11 
2020/06/12 	80.0	81.9000015258789	79.0	81.9000015258789	2605131	2020/06/12 
2020/06/15 	82.30000305175781	83.19999694824219	81.5	81.5999984741211	1936677	2020/06/15 
2020/06/16 	82.30000305175781	83.19999694824219	82.0	82.9000015258789	2047591	2020/06/16 
2020/06/17 	83.5999984741211	83.69999694824219	83.0999984741211	83.5999984741211	1998527	2020/06/17 
2020/06/18 	83.69999694824219	83.9000015258789	82.9000015258789	83.69999694824219	1535600	2020/06/18 
2020/06/19 	83.5	83.80000305175781	83.0	83.0999984741211	1254550	2020/06/19 
2020/06/22 	83.0999984741211	83.69999694824219	82.5	82.80000305175781	1008500	2020/06/22 
2020/06/23 	83.30000305175781	83.30000305175781	82.19999694824219	82.5999984741211	1121880	2020/06/23 
2020/06/24 	83.19999694824219	83.19999694824219	82.0999984741211	82.5999984741211	1344730	2020/06/24 
2020/06/29 	81.80000305175781	82.30000305175781	81.4000015258789	81.5	1074080	2020/06/29 
2020/06/30 	81.80000305175781	82.30000305175781	81.0	81.5999984741211	719370	2020/06/30 
2020/07/01 	81.80000305175781	83.19999694824219	81.5999984741211	82.0999984741211	1416860	2020/07/01 
2020/07/02 	82.0999984741211	82.80000305175781	81.5999984741211	82.4000015258789	1096760	2020/07/02 
2020/07/03 	82.69999694824219	83.80000305175781	82.4000015258789	83.30000305175781	2036524	2020/07/03 
2020/07/06 	83.5	85.5	83.4000015258789	85.30000305175781	3423793	2020/07/06 
2020/07/07 	86.4000015258789	86.5	84.19999694824219	85.5999984741211	2407711	2020/07/07 
2020/07/08 	85.5999984741211	87.0	85.5999984741211	87.0	3255647	2020/07/08 
2020/07/09 	87.5	88.30000305175781	87.19999694824219	88.0	3866460	2020/07/09 
2020/07/10 	88.0	88.0	85.4000015258789	86.0999984741211	4277459	2020/07/10 
2020/07/13 	84.0	84.80000305175781	83.80000305175781	84.4000015258789	1434686	2020/07/13 
2020/07/14 	84.30000305175781	84.30000305175781	82.69999694824219	82.9000015258789	1013061	2020/07/14 
2020/07/15 	83.5	83.9000015258789	81.5	81.9000015258789	1746430	2020/07/15 
2020/07/16 	82.0	83.0	82.0	82.80000305175781	884691	2020/07/16 
2020/07/17 	82.80000305175781	82.80000305175781	81.4000015258789	81.69999694824219	987012	2020/07/17 
2020/07/20 	82.4000015258789	82.4000015258789	80.5999984741211	81.0999984741211	1036872	2020/07/20 
2020/07/21 	81.19999694824219	82.30000305175781	81.19999694824219	81.5999984741211	1007897	2020/07/21 
2020/07/22 	82.4000015258789	82.69999694824219	81.9000015258789	82.0	998398	2020/07/22 
2020/07/23 	81.9000015258789	82.30000305175781	81.0	81.4000015258789	1271262	2020/07/23 
2020/07/24 	81.4000015258789	81.4000015258789	80.0	80.0999984741211	1698774	2020/07/24 
2020/07/27 	80.30000305175781	80.9000015258789	79.5	79.5	1691162	2020/07/27 
2020/07/28 	80.0	80.0	78.19999694824219	78.30000305175781	1848194	2020/07/28 
2020/07/29 	78.5	81.19999694824219	78.5	80.0	1101936	2020/07/29 
2020/07/30 	81.5	81.5	79.30000305175781	79.5999984741211	1020770	2020/07/30 
2020/07/31 	79.5999984741211	79.5999984741211	78.5999984741211	79.0	1233501	2020/07/31 
2020/08/03 	79.0	79.0	78.5	78.69999694824219	690790	2020/08/03 
2020/08/04 	78.9000015258789	79.30000305175781	78.69999694824219	79.19999694824219	427971	2020/08/04 
2020/08/05 	79.0999984741211	79.0999984741211	78.5999984741211	79.0	553773	2020/08/05 
2020/08/06 	79.19999694824219	79.5	78.5	78.80000305175781	705087	2020/08/06 
2020/08/07 	79.0	79.19999694824219	78.0999984741211	78.30000305175781	945030	2020/08/07 
2020/08/10 	78.5999984741211	79.9000015258789	78.5999984741211	79.19999694824219	940114	2020/08/10 
2020/08/11 	79.5	79.80000305175781	78.80000305175781	78.9000015258789	1037155	2020/08/11 
2020/08/12 	79.0999984741211	79.9000015258789	78.0999984741211	78.30000305175781	1434600	2020/08/12 
2020/08/13 	78.5999984741211	79.4000015258789	78.5999984741211	79.0	654000	2020/08/13 
2020/08/14 	80.0	80.0	79.0999984741211	79.4000015258789	860477	2020/08/14 
2020/08/17 	79.4000015258789	79.69999694824219	79.0999984741211	79.5999984741211	719178	2020/08/17 
2020/08/18 	79.69999694824219	79.80000305175781	79.0	79.0999984741211	746071	2020/08/18 
2020/08/19 	79.0	79.5999984741211	78.9000015258789	79.0999984741211	975421	2020/08/19 
2020/08/20 	79.0	79.19999694824219	76.9000015258789	77.0999984741211	2606783	2020/08/20 
2020/08/21 	77.4000015258789	78.80000305175781	77.0	78.5999984741211	1095738	2020/08/21 
2020/08/24 	78.5999984741211	79.5	78.5	79.4000015258789	1075344	2020/08/24 
2020/08/25 	79.5	80.30000305175781	79.4000015258789	79.69999694824219	997743	2020/08/25 
2020/08/26 	80.0999984741211	82.0	80.0999984741211	81.9000015258789	2452684	2020/08/26 
2020/08/27 	82.4000015258789	82.80000305175781	80.5999984741211	81.4000015258789	1878066	2020/08/27 
2020/08/28 	81.5	81.5999984741211	80.5	81.0	1059853	2020/08/28 
2020/08/31 	81.0	81.0	80.0	80.80000305175781	1032000	2020/08/31 
2020/09/01 	80.5	80.5999984741211	79.5	79.5999984741211	837087	2020/09/01 
2020/09/02 	80.0	80.0999984741211	79.0	79.30000305175781	856100	2020/09/02 
2020/09/03 	79.80000305175781	80.9000015258789	79.69999694824219	80.69999694824219	1505559	2020/09/03 
2020/09/04 	79.5999984741211	80.0	79.0	79.5999984741211	1360285	2020/09/04 
2020/09/07 	79.30000305175781	80.19999694824219	79.0	79.5999984741211	1253430	2020/09/07 
2020/09/08 	79.80000305175781	80.30000305175781	79.80000305175781	80.0999984741211	724715	2020/09/08 
2020/09/09 	79.80000305175781	80.5999984741211	79.5	80.19999694824219	1026812	2020/09/09 
2020/09/10 	80.80000305175781	81.0999984741211	80.5	80.69999694824219	1352700	2020/09/10 
2020/09/11 	80.69999694824219	80.9000015258789	79.5	79.80000305175781	774762	2020/09/11 
2020/09/14 	79.80000305175781	80.80000305175781	79.5999984741211	80.5999984741211	1221016	2020/09/14 
2020/09/15 	81.4000015258789	81.9000015258789	80.69999694824219	81.80000305175781	2324018	2020/09/15 
2020/09/16 	81.80000305175781	82.19999694824219	81.69999694824219	81.80000305175781	2026654	2020/09/16 
2020/09/17 	82.0	83.0	82.0	83.0	2337583	2020/09/17 
2020/09/18 	83.0999984741211	85.19999694824219	83.0999984741211	83.19999694824219	8248665	2020/09/18 
2020/09/21 	84.0999984741211	84.30000305175781	81.80000305175781	82.5999984741211	3202563	2020/09/21 
2020/09/22 	82.19999694824219	82.19999694824219	80.0999984741211	80.4000015258789	2084851	2020/09/22 
2020/09/23 	80.9000015258789	81.0	79.5	79.80000305175781	1710631	2020/09/23 
2020/09/24 	79.80000305175781	79.80000305175781	78.5999984741211	78.5999984741211	1688480	2020/09/24 
2020/09/25 	78.80000305175781	79.69999694824219	78.30000305175781	78.69999694824219	1612866	2020/09/25 
2020/09/28 	79.0	79.5999984741211	78.5999984741211	78.9000015258789	982463	2020/09/28 
2020/09/29 	79.9000015258789	81.80000305175781	79.4000015258789	81.69999694824219	2524234	2020/09/29 
2020/09/30 	82.19999694824219	82.4000015258789	81.0999984741211	81.69999694824219	1724252	2020/09/30 
2020/10/05 	81.80000305175781	82.5	81.5	81.9000015258789	1365718	2020/10/05 
2020/10/06 	82.0	82.80000305175781	81.5	81.9000015258789	1801055	2020/10/06 
2020/10/07 	82.0999984741211	82.0999984741211	81.0999984741211	82.0999984741211	1100655	2020/10/07 
2020/10/08 	82.30000305175781	82.80000305175781	81.0	81.5999984741211	1528832	2020/10/08 
2020/10/12 	82.0999984741211	83.19999694824219	81.5999984741211	82.30000305175781	3051838	2020/10/12 
2020/10/13 	83.0	83.0	81.30000305175781	81.5999984741211	1403879	2020/10/13 
2020/10/14 	81.30000305175781	82.80000305175781	81.30000305175781	82.0999984741211	1453196	2020/10/14 
2020/10/15 	82.5	82.5	81.4000015258789	82.0	1170661	2020/10/15 
2020/10/16 	82.0999984741211	82.5999984741211	81.30000305175781	81.5999984741211	1333017	2020/10/16 
2020/10/19 	82.30000305175781	82.4000015258789	81.4000015258789	81.9000015258789	1899890	2020/10/19 
2020/10/20 	81.9000015258789	82.0999984741211	81.0	81.30000305175781	1707880	2020/10/20 
2020/10/21 	82.19999694824219	82.19999694824219	81.4000015258789	81.9000015258789	1548555	2020/10/21 
2020/10/22 	81.69999694824219	82.4000015258789	81.30000305175781	82.4000015258789	2173340	2020/10/22 
2020/10/23 	82.30000305175781	82.30000305175781	81.5	81.5999984741211	450721	2020/10/23 
2020/10/26 	81.80000305175781	81.80000305175781	81.0	81.69999694824219	1874570	2020/10/26 
2020/10/27 	81.5	81.80000305175781	80.9000015258789	81.19999694824219	1494802	2020/10/27 
2020/10/28 	81.5	81.5	80.5	80.5999984741211	1093179	2020/10/28 
2020/10/29 	79.80000305175781	79.80000305175781	78.5	79.5	2025120	2020/10/29 
2020/10/30 	79.0	79.80000305175781	78.5	78.69999694824219	1743330	2020/10/30 
2020/11/02 	78.9000015258789	79.4000015258789	78.30000305175781	78.80000305175781	1541070	2020/11/02 
2020/11/03 	79.0	80.0	79.0	79.30000305175781	1723433	2020/11/03 
2020/11/04 	79.5	80.30000305175781	79.30000305175781	79.80000305175781	2272227	2020/11/04 
2020/11/05 	79.80000305175781	80.80000305175781	79.69999694824219	79.69999694824219	1340000	2020/11/05 
2020/11/06 	80.19999694824219	80.4000015258789	79.19999694824219	79.5999984741211	1860000	2020/11/06 
2020/11/09 	80.0999984741211	80.30000305175781	79.5	79.69999694824219	483200	2020/11/09 
2020/11/10 	80.0999984741211	80.4000015258789	79.5	80.19999694824219	556012	2020/11/10 
2020/11/11 	80.5	81.5999984741211	80.4000015258789	81.4000015258789	841200	2020/11/11 
2020/11/12 	81.30000305175781	81.30000305175781	80.4000015258789	80.80000305175781	1378280	2020/11/12 
2020/11/13 	80.4000015258789	81.0	80.4000015258789	80.5	991133	2020/11/13 
2020/11/16 	80.9000015258789	80.9000015258789	80.4000015258789	80.5999984741211	495061	2020/11/16 
2020/11/17 	81.0999984741211	81.19999694824219	79.9000015258789	80.19999694824219	2068100	2020/11/17 
2020/11/18 	80.19999694824219	81.0	80.0999984741211	80.69999694824219	2705000	2020/11/18 
2020/11/19 	80.69999694824219	81.0999984741211	80.4000015258789	80.9000015258789	2079000	2020/11/19 
2020/11/20 	81.19999694824219	81.4000015258789	80.5	81.0999984741211	2069116	2020/11/20 
2020/11/23 	81.0999984741211	81.30000305175781	80.80000305175781	81.30000305175781	1803825	2020/11/23 
2020/11/24 	81.4000015258789	82.5	81.0999984741211	81.69999694824219	3581207	2020/11/24 
2020/11/25 	82.30000305175781	82.80000305175781	80.5	80.9000015258789	3433050	2020/11/25 
2020/11/26 	81.30000305175781	82.5	81.0	82.4000015258789	2868360	2020/11/26 
2020/11/27 	83.0	83.5	82.30000305175781	83.0	2703540	2020/11/27 
2020/11/30 	83.80000305175781	83.9000015258789	82.19999694824219	82.4000015258789	1999019	2020/11/30 
2020/12/01 	82.19999694824219	82.9000015258789	82.0	82.4000015258789	2193500	2020/12/01 
2020/12/02 	82.9000015258789	83.4000015258789	81.9000015258789	82.19999694824219	2063222	2020/12/02 
2020/12/03 	82.5999984741211	82.5999984741211	82.0	82.19999694824219	1620750	2020/12/03 
2020/12/04 	83.0	83.5	82.19999694824219	82.69999694824219	2372706	2020/12/04 
2020/12/07 	83.4000015258789	83.69999694824219	82.5	82.5	2815785	2020/12/07 
2020/12/08 	82.4000015258789	82.4000015258789	81.5	81.80000305175781	1306550	2020/12/08 
2020/12/09 	81.80000305175781	82.0	81.4000015258789	81.69999694824219	1725035	2020/12/09 
2020/12/10 	81.4000015258789	81.9000015258789	81.0	81.19999694824219	2076736	2020/12/10 
2020/12/11 	81.69999694824219	81.80000305175781	80.9000015258789	81.0	1350066	2020/12/11 
2020/12/14 	81.0	81.5	80.0	80.19999694824219	1466957	2020/12/14 
2020/12/15 	80.30000305175781	80.9000015258789	79.30000305175781	79.4000015258789	3098800	2020/12/15 
2020/12/16 	80.19999694824219	80.9000015258789	80.0999984741211	80.5	2860600	2020/12/16 
2020/12/17 	80.4000015258789	81.0999984741211	79.5999984741211	80.0	2742894	2020/12/17 
2020/12/18 	80.5999984741211	80.5999984741211	79.19999694824219	79.19999694824219	2469854	2020/12/18 
2020/12/21 	79.69999694824219	80.19999694824219	79.30000305175781	80.0999984741211	1761200	2020/12/21 
2020/12/22 	80.5999984741211	80.5999984741211	79.5	79.5	2378106	2020/12/22 
2020/12/23 	79.4000015258789	79.69999694824219	78.9000015258789	79.19999694824219	1899000	2020/12/23 
2020/12/24 	79.19999694824219	79.80000305175781	79.0999984741211	79.4000015258789	1826200	2020/12/24 
2020/12/25 	79.5999984741211	80.30000305175781	79.4000015258789	80.19999694824219	2128300	2020/12/25 
2020/12/28 	80.30000305175781	80.30000305175781	79.5	80.0	2073050	2020/12/28 
2020/12/29 	79.80000305175781	80.69999694824219	79.5	79.5999984741211	3102050	2020/12/29 
2020/12/30 	79.5999984741211	80.4000015258789	79.5	80.30000305175781	2813100	2020/12/30 
2020/12/31 	80.80000305175781	81.5	80.0999984741211	80.5999984741211	2467200	2020/12/31 
2021/01/04 	80.5999984741211	81.0	79.5	80.0	3476701	2021/01/04 
2021/01/05 	80.4000015258789	80.4000015258789	79.5999984741211	80.0999984741211	2043300	2021/01/05 
2021/01/06 	79.9000015258789	80.0	79.5	79.5999984741211	1899700	2021/01/06 
2021/01/07 	79.5999984741211	81.0	79.5	80.9000015258789	4832400	2021/01/07 
2021/01/08 	80.9000015258789	82.0999984741211	80.4000015258789	81.80000305175781	3943596	2021/01/08 
2021/01/11 	82.0	82.69999694824219	81.9000015258789	82.4000015258789	3193374	2021/01/11 
2021/01/12 	82.80000305175781	82.80000305175781	81.4000015258789	81.5	3179300	2021/01/12 
2021/01/13 	81.9000015258789	82.4000015258789	81.4000015258789	82.0999984741211	3778658	2021/01/13 
2021/01/14 	82.30000305175781	83.0	82.0	82.9000015258789	2066500	2021/01/14 
2021/01/15 	83.0	83.80000305175781	82.19999694824219	82.30000305175781	4085899	2021/01/15 
2021/01/18 	82.30000305175781	82.9000015258789	81.5999984741211	81.9000015258789	2183650	2021/01/18 
2021/01/19 	81.69999694824219	82.80000305175781	81.69999694824219	82.19999694824219	2249172	2021/01/19 
2021/01/20 	81.80000305175781	82.0	80.30000305175781	80.4000015258789	2705092	2021/01/20 
2021/01/21 	81.4000015258789	81.4000015258789	80.0	80.0	2803000	2021/01/21 
2021/01/22 	80.5	80.5	79.5999984741211	80.0	2004000	2021/01/22 
2021/01/25 	80.0	80.5999984741211	79.5999984741211	79.80000305175781	1607050	2021/01/25 
2021/01/26 	80.19999694824219	80.19999694824219	79.5	80.0	3011400	2021/01/26 
2021/01/27 	80.19999694824219	80.5	79.9000015258789	80.19999694824219	1990550	2021/01/27 
2021/01/28 	80.0999984741211	80.80000305175781	79.5	80.19999694824219	2704200	2021/01/28 
2021/01/29 	80.80000305175781	80.80000305175781	79.30000305175781	79.4000015258789	3725104	2021/01/29 
2021/02/01 	79.0	79.5	78.9000015258789	79.19999694824219	1866200	2021/02/01 
2021/02/02 	79.9000015258789	80.4000015258789	79.0999984741211	80.0	1931100	2021/02/02 
2021/02/03 	80.5999984741211	80.5999984741211	79.9000015258789	80.0999984741211	2729270	2021/02/03 
2021/02/04 	80.0	81.9000015258789	79.9000015258789	81.0999984741211	3823675	2021/02/04 
2021/02/05 	81.0999984741211	81.69999694824219	80.9000015258789	81.30000305175781	1439585	2021/02/05 
2021/02/17 	81.5	82.19999694824219	81.5	82.0999984741211	2366357	2021/02/17 
2021/02/18 	82.0	82.19999694824219	81.5999984741211	82.0999984741211	1396219	2021/02/18 
2021/02/19 	81.9000015258789	82.19999694824219	81.0999984741211	81.9000015258789	1358029	2021/02/19 
2021/02/22 	82.0	82.0999984741211	81.5	81.80000305175781	904200	2021/02/22 
2021/02/23 	82.0999984741211	82.19999694824219	81.5	82.0999984741211	1681424	2021/02/23 
2021/02/24 	82.19999694824219	82.4000015258789	81.5	81.5999984741211	1206621	2021/02/24 
2021/02/25 	82.0	82.0999984741211	81.30000305175781	81.5	1522000	2021/02/25 
2021/02/26 	81.69999694824219	82.0999984741211	80.0	80.0999984741211	3597880	2021/02/26 
2021/03/02 	80.4000015258789	80.80000305175781	80.0999984741211	80.0999984741211	970349	2021/03/02 
2021/03/03 	80.30000305175781	81.19999694824219	80.30000305175781	80.9000015258789	1282308	2021/03/03 
2021/03/04 	80.69999694824219	81.0999984741211	80.0999984741211	80.5	1107050	2021/03/04 
2021/03/05 	80.80000305175781	80.80000305175781	80.0	80.0999984741211	1128050	2021/03/05 
2021/03/08 	80.19999694824219	80.69999694824219	80.0	80.19999694824219	1335540	2021/03/08 
2021/03/09 	80.5999984741211	81.80000305175781	80.5999984741211	81.19999694824219	1671321	2021/03/09 
2021/03/10 	81.5999984741211	81.9000015258789	81.0	81.5	2126100	2021/03/10 
2021/03/11 	82.0999984741211	82.5	81.0999984741211	81.9000015258789	3563600	2021/03/11 
2021/03/12 	82.5999984741211	82.5999984741211	81.5999984741211	81.9000015258789	1423100	2021/03/12 
2021/03/15 	82.4000015258789	82.5999984741211	81.5	81.80000305175781	2044132	2021/03/15 
2021/03/16 	82.0	82.5	82.0	82.4000015258789	894148	2021/03/16 
2021/03/17 	82.4000015258789	82.80000305175781	81.9000015258789	82.5	2089758	2021/03/17 
2021/03/18 	82.80000305175781	83.69999694824219	82.5	82.69999694824219	2453900	2021/03/18 
2021/03/19 	83.0	84.0	82.80000305175781	83.5999984741211	4215499	2021/03/19 
2021/03/22 	84.0999984741211	87.9000015258789	84.0999984741211	86.5	4082066	2021/03/22 
2021/03/23 	86.5	86.9000015258789	85.30000305175781	86.0999984741211	3036036	2021/03/23 
2021/03/24 	86.0999984741211	86.80000305175781	85.5999984741211	86.0999984741211	2583857	2021/03/24 
2021/03/25 	86.69999694824219	87.9000015258789	85.69999694824219	85.69999694824219	4845890	2021/03/25 
2021/03/26 	86.0999984741211	87.0	85.80000305175781	87.0	2663918	2021/03/26 
2021/03/29 	87.69999694824219	88.5	86.9000015258789	87.69999694824219	4137392	2021/03/29 
2021/03/30 	88.5999984741211	88.69999694824219	87.80000305175781	88.4000015258789	2631665	2021/03/30 
2021/03/31 	88.5	88.5999984741211	87.0	87.5999984741211	2837610	2021/03/31 
2021/04/01 	88.5999984741211	88.5999984741211	86.5999984741211	86.80000305175781	2714226	2021/04/01 
2021/04/07 	87.5999984741211	88.0	87.0999984741211	88.0	1868901	2021/04/07 
2021/04/08 	88.0	88.0999984741211	87.69999694824219	88.0	1522300	2021/04/08 
2021/04/09 	88.80000305175781	88.80000305175781	88.0	88.5	2414500	2021/04/09 
2021/04/12 	88.69999694824219	91.0999984741211	88.69999694824219	90.80000305175781	3622454	2021/04/12 
2021/04/13 	91.0999984741211	91.5	89.0999984741211	89.19999694824219	3282100	2021/04/13 
2021/04/14 	89.9000015258789	89.9000015258789	86.4000015258789	87.30000305175781	4523002	2021/04/14 
2021/04/15 	88.0999984741211	88.0999984741211	85.80000305175781	86.4000015258789	3882010	2021/04/15 
2021/04/16 	86.4000015258789	88.5999984741211	86.30000305175781	88.5999984741211	2923963	2021/04/16 
2021/04/19 	89.0999984741211	89.30000305175781	88.0999984741211	88.5	1969212	2021/04/19 
2021/04/20 	88.5	89.4000015258789	88.0	88.5999984741211	1794092	2021/04/20 
2021/04/21 	88.5	88.5	87.5	87.69999694824219	1192700	2021/04/21 
2021/04/22 	88.0999984741211	88.0999984741211	85.19999694824219	85.80000305175781	3747211	2021/04/22 
2021/04/23 	85.5	86.19999694824219	84.9000015258789	85.4000015258789	1558700	2021/04/23 
2021/04/26 	85.69999694824219	86.19999694824219	84.9000015258789	85.19999694824219	1425877	2021/04/26 
2021/04/27 	85.30000305175781	85.69999694824219	85.0	85.4000015258789	1081150	2021/04/27 
2021/04/28 	85.30000305175781	85.5	84.5	84.5999984741211	1404600	2021/04/28 
2021/04/29 	84.9000015258789	85.69999694824219	84.0999984741211	85.4000015258789	1546450	2021/04/29 
2021/05/03 	85.19999694824219	85.5	82.5	83.30000305175781	3193314	2021/05/03 
2021/05/04 	84.0	84.19999694824219	81.80000305175781	82.19999694824219	3103502	2021/05/04 
2021/05/05 	82.0	83.19999694824219	81.5999984741211	83.0	1515313	2021/05/05 
2021/05/06 	82.19999694824219	83.5	82.19999694824219	82.9000015258789	1650868	2021/05/06 
2021/05/07 	83.69999694824219	84.19999694824219	83.30000305175781	83.80000305175781	869100	2021/05/07 
2021/05/10 	84.30000305175781	85.80000305175781	84.30000305175781	85.0	1266363	2021/05/10 
2021/05/11 	84.69999694824219	85.0	82.5	83.5	1334800	2021/05/11 
2021/05/12 	83.19999694824219	83.19999694824219	79.0999984741211	80.4000015258789	3598500	2021/05/12 
2021/05/13 	79.19999694824219	80.4000015258789	78.5999984741211	79.5	1662401	2021/05/13 
2021/05/14 	80.9000015258789	81.0	79.30000305175781	79.4000015258789	1769050	2021/05/14 
2021/05/17 	78.0	78.4000015258789	76.69999694824219	77.30000305175781	3044040	2021/05/17 
2021/05/18 	77.80000305175781	81.0	77.80000305175781	80.80000305175781	1883347	2021/05/18 
2021/05/19 	80.80000305175781	81.0999984741211	79.9000015258789	80.80000305175781	1093000	2021/05/19 
2021/05/20 	80.69999694824219	80.69999694824219	79.5999984741211	80.0999984741211	631125	2021/05/20 
2021/05/21 	80.0999984741211	81.0	79.80000305175781	80.30000305175781	1238030	2021/05/21 
2021/05/24 	79.69999694824219	80.69999694824219	79.5	80.19999694824219	889890	2021/05/24 
2021/05/25 	80.80000305175781	82.0999984741211	80.80000305175781	81.5999984741211	1285381	2021/05/25 
2021/05/26 	81.5999984741211	82.5999984741211	81.5	82.19999694824219	1321800	2021/05/26 
2021/05/27 	82.0	82.19999694824219	80.69999694824219	81.19999694824219	2266800	2021/05/27 
2021/05/28 	81.30000305175781	82.9000015258789	81.30000305175781	82.30000305175781	1586125	2021/05/28 
2021/05/31 	82.5	84.0	82.5	83.19999694824219	2633925	2021/05/31 
2021/06/01 	83.5	84.5	83.5	84.19999694824219	765232	2021/06/01 
2021/06/02 	84.19999694824219	85.0999984741211	83.80000305175781	84.19999694824219	1781151	2021/06/02 
2021/06/03 	83.69999694824219	85.0	83.69999694824219	84.30000305175781	643804	2021/06/03 
2021/06/04 	84.69999694824219	84.69999694824219	82.0	82.0	1390810	2021/06/04 
2021/06/07 	82.30000305175781	82.30000305175781	81.0999984741211	81.4000015258789	1194915	2021/06/07 
2021/06/08 	81.9000015258789	82.80000305175781	81.30000305175781	82.0	1009110	2021/06/08 
2021/06/09 	82.30000305175781	83.4000015258789	82.19999694824219	82.69999694824219	1330930	2021/06/09 
2021/06/10 	82.69999694824219	83.69999694824219	82.30000305175781	83.5999984741211	871225	2021/06/10 
2021/06/11 	83.80000305175781	83.9000015258789	83.19999694824219	83.4000015258789	774093	2021/06/11 
2021/06/15 	83.5	85.0	83.5	84.80000305175781	2279354	2021/06/15 
2021/06/16 	85.0	85.0	84.0	84.80000305175781	1051394	2021/06/16 
2021/06/17 	85.0	85.80000305175781	84.5999984741211	85.0	1421635	2021/06/17 
2021/06/18 	85.0	85.0999984741211	84.5	84.9000015258789	828055	2021/06/18 
2021/06/21 	84.80000305175781	84.80000305175781	83.5	83.80000305175781	1881145	2021/06/21 
2021/06/22 	84.4000015258789	85.4000015258789	83.9000015258789	84.69999694824219	2086197	2021/06/22 
2021/06/23 	85.0	87.30000305175781	85.0	87.19999694824219	3053886	2021/06/23 
2021/06/24 	87.19999694824219	88.19999694824219	86.80000305175781	88.0	2541945	2021/06/24 
2021/06/25 	88.0	88.5	87.30000305175781	87.4000015258789	893800	2021/06/25 
2021/06/28 	87.4000015258789	87.5999984741211	86.80000305175781	87.4000015258789	841388	2021/06/28 
2021/06/29 	87.4000015258789	89.0999984741211	87.4000015258789	87.4000015258789	3213200	2021/06/29 
2021/06/30 	87.5999984741211	87.5999984741211	86.4000015258789	86.69999694824219	2137380	2021/06/30 
2021/07/01 	87.0999984741211	88.5999984741211	86.69999694824219	87.30000305175781	2808242	2021/07/01 
2021/07/02 	87.5	88.30000305175781	86.9000015258789	87.80000305175781	1515700	2021/07/02 
2021/07/05 	88.0	88.80000305175781	87.80000305175781	88.5	1921702	2021/07/05 
2021/07/06 	88.5999984741211	89.30000305175781	88.4000015258789	88.5999984741211	1545332	2021/07/06 
2021/07/07 	88.5999984741211	90.0	88.5	89.5	2616332	2021/07/07 
2021/07/08 	90.0	90.9000015258789	89.5999984741211	90.0999984741211	1861204	2021/07/08 
2021/07/09 	89.9000015258789	90.30000305175781	88.5999984741211	88.9000015258789	2023300	2021/07/09 
2021/07/12 	89.5	90.5	89.0	89.19999694824219	1900022	2021/07/12 
2021/07/13 	88.9000015258789	88.9000015258789	87.4000015258789	87.4000015258789	2097764	2021/07/13 
2021/07/14 	87.5	88.0	87.0999984741211	87.19999694824219	683047	2021/07/14 
2021/07/15 	87.19999694824219	88.0	86.9000015258789	87.30000305175781	796010	2021/07/15 
2021/07/16 	87.30000305175781	89.0	87.0999984741211	88.9000015258789	934295	2021/07/16 
2021/07/19 	89.0	89.0999984741211	87.5999984741211	88.0	655747	2021/07/19 
2021/07/20 	87.5999984741211	87.9000015258789	86.69999694824219	86.80000305175781	815051	2021/07/20 
2021/07/21 	87.5999984741211	87.5999984741211	86.0	86.69999694824219	504150	2021/07/21 
2021/07/22 	87.5	88.19999694824219	86.5	86.9000015258789	959012	2021/07/22 
2021/07/23 	87.5	88.0999984741211	87.30000305175781	87.69999694824219	442642	2021/07/23 
2021/07/26 	88.0	88.5	87.30000305175781	87.5	679362	2021/07/26 
2021/07/27 	87.69999694824219	87.9000015258789	86.80000305175781	86.80000305175781	554400	2021/07/27 
2021/07/28 	86.69999694824219	87.0	85.19999694824219	85.9000015258789	809076	2021/07/28 
2021/07/29 	86.5	87.19999694824219	85.5	86.0	672150	2021/07/29 
2021/07/30 	86.5	86.5	85.0	86.0	930000	2021/07/30 
2021/08/02 	86.0999984741211	88.0	86.0999984741211	87.80000305175781	671465	2021/08/02 
2021/08/03 	87.80000305175781	88.0999984741211	87.0999984741211	87.5999984741211	558013	2021/08/03 
2021/08/04 	87.80000305175781	88.19999694824219	87.5999984741211	87.69999694824219	645300	2021/08/04 
2021/08/05 	87.69999694824219	87.9000015258789	87.0	87.5	827900	2021/08/05 
2021/08/06 	87.0	87.0999984741211	86.19999694824219	86.80000305175781	1447152	2021/08/06 
2021/08/09 	83.9000015258789	84.0	83.0999984741211	83.4000015258789	1097120	2021/08/09 
2021/08/10 	83.4000015258789	83.4000015258789	81.9000015258789	82.0	2060810	2021/08/10 
2021/08/11 	82.30000305175781	82.4000015258789	81.5	81.80000305175781	1144075	2021/08/11 
2021/08/12 	82.0999984741211	83.19999694824219	82.0	82.0999984741211	584525	2021/08/12 
2021/08/13 	82.0999984741211	82.5999984741211	81.9000015258789	82.19999694824219	362050	2021/08/13 
2021/08/16 	82.19999694824219	82.9000015258789	81.5	81.80000305175781	619117	2021/08/16 
2021/08/17 	82.0	82.69999694824219	81.5	81.69999694824219	1153000	2021/08/17 
2021/08/18 	81.69999694824219	82.4000015258789	81.4000015258789	82.4000015258789	877000	2021/08/18 
2021/08/19 	82.4000015258789	82.4000015258789	81.30000305175781	81.30000305175781	1481050	2021/08/19 
2021/08/20 	81.5	81.5999984741211	80.69999694824219	81.0	1031177	2021/08/20 
2021/08/23 	81.19999694824219	82.5	81.19999694824219	82.5	348050	2021/08/23 
2021/08/24 	82.80000305175781	83.5	82.5999984741211	83.30000305175781	561120	2021/08/24 
2021/08/25 	83.4000015258789	84.5999984741211	83.4000015258789	84.4000015258789	635227	2021/08/25 
2021/08/26 	85.0	85.0999984741211	83.5	84.4000015258789	768104	2021/08/26 
2021/08/27 	84.5	86.19999694824219	84.30000305175781	85.0999984741211	1500200	2021/08/27 
2021/08/30 	85.5	85.80000305175781	84.30000305175781	84.4000015258789	652110	2021/08/30 
2021/08/31 	84.5	85.5999984741211	84.19999694824219	85.5999984741211	525360	2021/08/31 
2021/09/01 	85.5999984741211	86.30000305175781	85.5	85.80000305175781	839100	2021/09/01 
2021/09/02 	85.5999984741211	86.30000305175781	84.5	84.5999984741211	791151	2021/09/02 
2021/09/03 	85.4000015258789	86.0	84.9000015258789	85.30000305175781	478000	2021/09/03 
2021/09/06 	85.30000305175781	86.0	84.9000015258789	84.9000015258789	499135	2021/09/06 
2021/09/07 	85.0	85.0	84.4000015258789	84.5999984741211	240998	2021/09/07 
2021/09/08 	84.69999694824219	84.80000305175781	83.5999984741211	83.69999694824219	622400	2021/09/08 
2021/09/09 	84.4000015258789	84.5999984741211	84.0	84.4000015258789	195312	2021/09/09 
2021/09/10 	84.5	85.69999694824219	84.4000015258789	85.0	1022169	2021/09/10 
2021/09/13 	85.0999984741211	86.9000015258789	85.0999984741211	86.4000015258789	1531090	2021/09/13 
2021/09/14 	86.4000015258789	87.0999984741211	86.30000305175781	87.0	823610	2021/09/14 
2021/09/15 	86.9000015258789	87.30000305175781	86.30000305175781	87.30000305175781	608687	2021/09/15 
2021/09/16 	87.30000305175781	89.4000015258789	87.0	88.80000305175781	2460450	2021/09/16 
2021/09/17 	89.0	89.5	87.80000305175781	88.19999694824219	1230298	2021/09/17 
2021/09/22 	86.69999694824219	87.5999984741211	86.30000305175781	86.69999694824219	1145815	2021/09/22 
2021/09/23 	86.9000015258789	88.80000305175781	86.9000015258789	88.5999984741211	820596	2021/09/23 
2021/09/24 	89.0999984741211	89.4000015258789	88.0999984741211	88.0999984741211	687710	2021/09/24 
2021/09/27 	88.0999984741211	88.5	87.30000305175781	87.30000305175781	612800	2021/09/27 
2021/09/28 	87.30000305175781	87.5999984741211	86.9000015258789	87.5	255208	2021/09/28 
2021/09/29 	87.30000305175781	87.4000015258789	86.5	86.69999694824219	857999	2021/09/29 
2021/09/30 	86.80000305175781	87.5999984741211	86.69999694824219	87.0999984741211	446021	2021/09/30 
2021/10/01 	87.0999984741211	87.19999694824219	85.5999984741211	85.69999694824219	784200	2021/10/01 
2021/10/04 	85.80000305175781	86.69999694824219	85.5	85.69999694824219	569320	2021/10/04 
2021/10/05 	85.5999984741211	86.19999694824219	85.0	85.9000015258789	336120	2021/10/05 
2021/10/06 	86.69999694824219	87.0999984741211	86.0	86.4000015258789	339314	2021/10/06 
2021/10/07 	87.0	87.5	86.80000305175781	87.4000015258789	395153	2021/10/07 
2021/10/08 	87.5999984741211	87.69999694824219	87.0	87.19999694824219	230800	2021/10/08 
2021/10/12 	88.0	88.0	86.4000015258789	86.80000305175781	450000	2021/10/12 
2021/10/13 	87.5	87.5	86.9000015258789	87.5	410864	2021/10/13 
2021/10/14 	87.5	87.9000015258789	87.4000015258789	87.80000305175781	229672	2021/10/14 
2021/10/15 	88.0	88.69999694824219	87.80000305175781	88.5	747378	2021/10/15 
2021/10/18 	89.0	90.0999984741211	88.9000015258789	89.80000305175781	1827994	2021/10/18 
2021/10/19 	90.0	90.19999694824219	89.19999694824219	89.5	1057120	2021/10/19 
2021/10/20 	89.69999694824219	89.69999694824219	88.80000305175781	89.0999984741211	549834	2021/10/20 
2021/10/21 	89.4000015258789	89.4000015258789	89.0	89.19999694824219	326150	2021/10/21 
2021/10/22 	89.30000305175781	89.80000305175781	87.80000305175781	87.9000015258789	1071287	2021/10/22 
2021/10/25 	87.9000015258789	88.0999984741211	87.30000305175781	87.4000015258789	799798	2021/10/25 
2021/10/26 	87.5999984741211	88.80000305175781	87.5999984741211	88.4000015258789	459142	2021/10/26 
2021/10/27 	88.4000015258789	88.80000305175781	87.5	88.4000015258789	419250	2021/10/27 
2021/10/28 	88.19999694824219	88.69999694824219	88.0	88.5999984741211	226200	2021/10/28 
2021/10/29 	88.4000015258789	88.5999984741211	87.69999694824219	88.30000305175781	299200	2021/10/29 
2021/11/01 	88.69999694824219	89.30000305175781	88.30000305175781	88.9000015258789	459192	2021/11/01 
2021/11/02 	89.5	89.5	88.80000305175781	89.0	427560	2021/11/02 
2021/11/03 	89.30000305175781	90.0	89.0999984741211	89.9000015258789	821400	2021/11/03 
2021/11/04 	90.0999984741211	90.0999984741211	89.69999694824219	89.9000015258789	718133	2021/11/04 
2021/11/05 	89.9000015258789	90.0999984741211	89.5999984741211	90.0	456900	2021/11/05 
2021/11/08 	90.0	92.0	90.0	91.5999984741211	2406312	2021/11/08 
2021/11/09 	92.0	93.4000015258789	91.4000015258789	92.0	1341400	2021/11/09 
2021/11/10 	92.0	92.30000305175781	91.0	91.69999694824219	495772	2021/11/10 
2021/11/11 	91.19999694824219	91.4000015258789	90.4000015258789	90.69999694824219	795072	2021/11/11 
2021/11/12 	90.69999694824219	91.30000305175781	90.4000015258789	91.30000305175781	516157	2021/11/12 
2021/11/15 	91.30000305175781	92.19999694824219	90.69999694824219	90.69999694824219	599100	2021/11/15 
2021/11/16 	91.30000305175781	91.69999694824219	90.5	91.30000305175781	414720	2021/11/16 
2021/11/17 	92.0	92.0	91.0999984741211	92.0	378386	2021/11/17 
2021/11/18 	92.0999984741211	92.80000305175781	91.5999984741211	92.5999984741211	558631	2021/11/18 
2021/11/19 	92.5999984741211	92.80000305175781	91.5	91.5	552311	2021/11/19 
2021/11/22 	91.0999984741211	91.5999984741211	90.80000305175781	91.4000015258789	389210	2021/11/22 
2021/11/23 	91.5	91.5	90.69999694824219	90.9000015258789	276393	2021/11/23 
2021/11/24 	90.9000015258789	91.19999694824219	90.4000015258789	91.0	395000	2021/11/24 
2021/11/25 	91.0999984741211	92.4000015258789	90.69999694824219	92.0	570300	2021/11/25 
2021/11/26 	92.30000305175781	92.30000305175781	91.19999694824219	91.5	641409	2021/11/26 
2021/11/29 	90.0	91.0999984741211	89.9000015258789	91.0	538050	2021/11/29 
2021/11/30 	91.0	91.0999984741211	90.19999694824219	90.30000305175781	466250	2021/11/30 
2021/12/01 	90.30000305175781	91.30000305175781	89.5999984741211	91.0	314125	2021/12/01 
2021/12/02 	91.0	91.19999694824219	90.5	90.9000015258789	285030	2021/12/02 
2021/12/03 	90.9000015258789	91.80000305175781	90.9000015258789	91.0	247400	2021/12/03 
2021/12/06 	91.5999984741211	92.19999694824219	91.0	91.80000305175781	408100	2021/12/06 
2021/12/07 	91.80000305175781	91.80000305175781	91.19999694824219	91.80000305175781	278100	2021/12/07 
2021/12/08 	92.19999694824219	92.19999694824219	91.30000305175781	91.5999984741211	380355	2021/12/08 
2021/12/09 	92.19999694824219	92.69999694824219	91.9000015258789	92.0999984741211	568056	2021/12/09 
2021/12/10 	91.69999694824219	92.19999694824219	91.69999694824219	92.0999984741211	285099	2021/12/10 
2021/12/13 	92.0999984741211	92.4000015258789	91.69999694824219	91.80000305175781	513176	2021/12/13 
2021/12/14 	91.69999694824219	91.69999694824219	91.19999694824219	91.4000015258789	234414	2021/12/14 
2021/12/15 	91.0999984741211	91.4000015258789	90.9000015258789	91.0	372305	2021/12/15 
2021/12/16 	91.0999984741211	91.5	90.4000015258789	90.9000015258789	449210	2021/12/16 
2021/12/17 	90.9000015258789	91.5999984741211	90.0999984741211	91.5999984741211	1347010	2021/12/17 
2021/12/20 	91.0999984741211	91.0999984741211	90.30000305175781	90.4000015258789	381226	2021/12/20 
2021/12/21 	91.0	91.0	90.30000305175781	90.5999984741211	242653	2021/12/21 
2021/12/22 	90.80000305175781	90.80000305175781	90.5	90.69999694824219	191200	2021/12/22 
2021/12/23 	90.69999694824219	91.0	90.5999984741211	90.80000305175781	228150	2021/12/23 
2021/12/24 	91.0	91.19999694824219	90.69999694824219	91.0999984741211	249184	2021/12/24 
2021/12/27 	91.0	91.19999694824219	90.80000305175781	91.0999984741211	308030	2021/12/27 
2021/12/28 	91.0999984741211	92.69999694824219	91.0999984741211	92.0999984741211	835240	2021/12/28 
2021/12/29 	92.5	92.5999984741211	92.0999984741211	92.4000015258789	452299	2021/12/29 
2021/12/30 	92.30000305175781	92.5	92.19999694824219	92.19999694824219	294444	2021/12/30 
2022/01/03 	92.19999694824219	93.4000015258789	92.0	93.4000015258789	1380452	2022/01/03 
2022/01/04 	93.4000015258789	98.69999694824219	93.4000015258789	97.19999694824219	3400788	2022/01/04 
2022/01/05 	98.0	104.5	97.30000305175781	102.5	5718083	2022/01/05 
2022/01/06 	103.5	106.5	100.5	104.5	4803196	2022/01/06 
2022/01/07 	104.0	104.0	100.5	101.5	1796670	2022/01/07 
2022/01/10 	101.5	104.0	101.5	103.5	1206370	2022/01/10 
2022/01/11 	102.0	107.0	102.0	105.0	2859334	2022/01/11 
2022/01/12 	105.5	108.0	104.0	108.0	2392321	2022/01/12 
2022/01/13 	107.5	114.0	107.5	112.0	4521066	2022/01/13 
2022/01/14 	111.5	113.5	106.5	108.0	4118135	2022/01/14 
2022/01/17 	108.0	109.0	105.5	105.5	2020443	2022/01/17 
2022/01/18 	105.5	108.0	105.5	106.0	1007088	2022/01/18 
2022/01/19 	105.5	106.5	103.0	104.0	1626119	2022/01/19 
2022/01/20 	104.0	105.5	102.5	105.0	888400	2022/01/20 
2022/01/21 	104.0	106.5	103.5	105.0	938460	2022/01/21 
2022/01/24 	104.0	106.0	102.0	104.5	1286900	2022/01/24 
2022/01/25 	104.5	109.0	104.5	105.0	1837441	2022/01/25 
2022/01/26 	105.0	107.0	105.0	106.0	982800	2022/01/26 
2022/02/07 	107.0	111.5	107.0	111.5	2265908	2022/02/07 
2022/02/08 	111.5	112.0	109.0	110.5	1272062	2022/02/08 
2022/02/09 	111.0	112.0	109.5	112.0	873146	2022/02/09 
2022/02/10 	112.5	114.0	111.0	111.5	1271156	2022/02/10 
2022/02/11 	111.0	111.5	108.5	110.0	1080700	2022/02/11 
2022/02/14 	108.5	110.5	108.0	110.0	1065683	2022/02/14 
2022/02/15 	111.5	118.5	111.5	115.5	3318258	2022/02/15 
2022/02/16 	118.0	118.5	115.0	115.5	1800548	2022/02/16 
2022/02/17 	115.5	116.5	115.0	116.0	804122	2022/02/17 
2022/02/18 	115.5	118.0	115.0	117.5	775231	2022/02/18 
2022/02/21 	117.0	121.5	116.0	120.5	2216738	2022/02/21 
2022/02/22 	119.5	119.5	116.5	117.5	2190245	2022/02/22 
2022/02/23 	117.5	127.5	117.5	127.0	3546241	2022/02/23 
2022/02/24 	125.0	129.5	120.0	123.0	5736411	2022/02/24 
2022/02/25 	124.5	126.0	120.5	123.5	2251062	2022/02/25 
2022/03/01 	123.0	125.0	122.5	123.5	1319000	2022/03/01 
2022/03/02 	123.0	123.0	121.0	121.0	1361607	2022/03/02 
2022/03/03 	121.0	123.0	121.0	122.5	638521	2022/03/03 
2022/03/04 	121.5	122.0	117.0	117.5	2562514	2022/03/04 
2022/03/07 	114.0	115.5	110.0	113.5	2773715	2022/03/07 
2022/03/08 	112.0	115.5	110.5	111.0	2063819	2022/03/08 
2022/03/09 	112.5	113.5	110.0	110.0	1978423	2022/03/09 
2022/03/10 	113.0	114.5	112.0	113.5	1056944	2022/03/10 
2022/03/11 	113.0	114.5	111.0	112.0	1026969	2022/03/11 
2022/03/14 	112.5	115.0	111.0	114.5	1214046	2022/03/14 
2022/03/15 	114.0	114.0	111.0	111.0	849788	2022/03/15 
2022/03/16 	111.5	113.5	111.0	112.0	649304	2022/03/16 
2022/03/17 	113.0	116.5	113.0	115.5	991332	2022/03/17 
2022/03/18 	113.5	116.5	113.5	115.5	1572172	2022/03/18 
2022/03/21 	115.5	120.0	114.5	118.0	1230949	2022/03/21 
2022/03/22 	118.0	118.5	115.5	117.0	1224450	2022/03/22 
2022/03/23 	118.0	120.5	118.0	120.0	1763486	2022/03/23 
2022/03/24 	119.5	122.5	118.5	121.5	1363048	2022/03/24 
2022/03/25 	121.5	121.5	119.0	120.0	891408	2022/03/25 
2022/03/28 	118.5	118.5	116.0	118.0	1079294	2022/03/28 
2022/03/29 	118.0	119.5	117.0	118.0	505273	2022/03/29 
2022/03/30 	119.5	120.0	118.5	119.5	721706	2022/03/30 
2022/03/31 	120.0	121.0	118.5	118.5	811150	2022/03/31 
2022/04/01 	119.0	119.0	117.0	118.0	343048	2022/04/01 
2022/04/06 	117.0	120.0	117.0	120.0	406897	2022/04/06 
2022/04/07 	120.0	120.0	117.5	117.5	1052080	2022/04/07 
2022/04/08 	116.5	117.0	111.0	113.5	3506928	2022/04/08 
2022/04/11 	114.0	116.5	113.0	114.0	1689080	2022/04/11 
2022/04/12 	114.0	114.0	111.5	112.5	1047316	2022/04/12 
2022/04/13 	113.5	114.0	112.0	114.0	797051	2022/04/13 
2022/04/14 	114.0	114.0	112.5	113.5	422530	2022/04/14 
2022/04/15 	113.5	113.5	111.5	112.0	563517	2022/04/15 
2022/04/18 	111.5	112.0	110.5	111.0	1015898	2022/04/18 
2022/04/19 	112.0	114.5	112.0	114.0	751135	2022/04/19 
2022/04/20 	114.0	114.5	112.5	113.0	452071	2022/04/20 
2022/04/21 	113.5	114.0	113.0	113.5	377296	2022/04/21 
2022/04/22 	113.5	114.0	112.0	114.0	437706	2022/04/22 
2022/04/25 	113.5	113.5	111.0	111.5	850554	2022/04/25 
2022/04/26 	111.5	113.0	111.5	113.0	633708	2022/04/26 
2022/04/27 	111.0	111.0	106.5	107.0	2305852	2022/04/27 
2022/04/28 	107.0	108.0	106.0	106.5	1148159	2022/04/28 
2022/04/29 	107.5	112.0	107.0	111.5	1151965	2022/04/29 
2022/05/03 	111.0	111.0	108.0	108.5	637689	2022/05/03 
2022/05/04 	109.0	110.0	108.5	109.0	504237	2022/05/04 
2022/05/05 	111.0	111.0	108.0	109.0	491699	2022/05/05 
2022/05/06 	106.0	107.5	105.5	107.5	869510	2022/05/06 
2022/05/09 	106.0	106.0	101.0	101.5	1793751	2022/05/09 
2022/05/10 	100.0	102.5	99.19999694824219	102.5	737210	2022/05/10 
2022/05/11 	100.5	102.0	99.80000305175781	99.80000305175781	1340902	2022/05/11 
2022/05/12 	99.69999694824219	99.69999694824219	95.9000015258789	96.0	1877386	2022/05/12 
2022/05/13 	96.0999984741211	99.5	96.0999984741211	98.9000015258789	995400	2022/05/13 
2022/05/16 	100.0	101.5	98.9000015258789	99.4000015258789	543150	2022/05/16 
2022/05/17 	99.5999984741211	101.5	99.5999984741211	100.5	393452	2022/05/17 
2022/05/18 	101.5	103.0	101.0	102.0	587959	2022/05/18 
2022/05/19 	99.9000015258789	102.0	99.80000305175781	101.5	611300	2022/05/19 
2022/05/20 	100.5	102.5	100.5	102.0	331071	2022/05/20 
2022/05/23 	103.0	103.0	101.5	102.5	235099	2022/05/23 
2022/05/24 	102.5	103.5	101.0	101.5	261473	2022/05/24 
2022/05/25 	101.5	105.5	101.5	104.0	487330	2022/05/25 
2022/05/26 	104.0	104.0	101.0	101.5	397483	2022/05/26 
2022/05/27 	103.0	104.0	102.0	103.0	310185	2022/05/27 
2022/05/30 	103.5	105.0	103.5	104.5	402605	2022/05/30 
2022/05/31 	104.5	105.0	103.0	103.0	513583	2022/05/31 
2022/06/01 	104.0	105.5	103.5	104.0	399233	2022/06/01 
2022/06/02 	103.5	103.5	102.5	103.0	280115	2022/06/02 
2022/06/06 	103.5	103.5	102.0	102.5	241693	2022/06/06 
2022/06/07 	102.5	102.5	101.5	102.5	773059	2022/06/07 
2022/06/08 	103.0	103.0	102.0	103.0	572153	2022/06/08 
2022/06/09 	103.0	103.0	102.0	102.0	437107	2022/06/09 
2022/06/10 	101.5	102.5	101.0	102.5	532120	2022/06/10 
2022/06/13 	100.5	101.0	99.30000305175781	100.0	1147738	2022/06/13 
2022/06/14 	99.9000015258789	100.5	99.19999694824219	100.5	519673	2022/06/14 
2022/06/15 	101.0	102.5	100.5	101.0	511961	2022/06/15 
2022/06/16 	102.0	103.5	100.5	100.5	416020	2022/06/16 
2022/06/17 	99.0999984741211	101.0	99.0999984741211	101.0	1867589	2022/06/17 
2022/06/20 	102.0	102.0	99.0	99.0999984741211	562635	2022/06/20 
2022/06/21 	100.5	103.5	100.0	103.0	487260	2022/06/21 
2022/06/22 	103.5	104.0	100.0	101.5	400020	2022/06/22 
2022/06/23 	103.0	103.0	100.5	102.0	398465	2022/06/23 
2022/06/24 	102.5	104.0	102.0	103.5	501049	2022/06/24 
2022/06/27 	104.5	105.0	103.0	103.5	350229	2022/06/27 
2022/06/28 	103.5	104.0	102.5	102.5	174140	2022/06/28 
2022/06/29 	101.5	102.5	101.5	101.5	305060	2022/06/29 
2022/06/30 	101.5	101.5	99.9000015258789	100.5	507198	2022/06/30 
2022/07/01 	100.0	100.5	97.4000015258789	97.4000015258789	1142115	2022/07/01 
2022/07/04 	97.5	98.80000305175781	97.0999984741211	98.0	767255	2022/07/04 
2022/07/05 	100.0	101.0	98.30000305175781	99.0999984741211	636366	2022/07/05 
2022/07/06 	99.19999694824219	100.0	96.80000305175781	97.0	863200	2022/07/06 
2022/07/07 	97.5	98.0999984741211	96.5	97.0999984741211	534010	2022/07/07 
2022/07/08 	97.80000305175781	101.0	96.9000015258789	99.69999694824219	1032220	2022/07/08 
2022/07/11 	101.0	103.0	99.9000015258789	102.0	1232363	2022/07/11 
2022/07/12 	98.0	98.4000015258789	97.0999984741211	97.4000015258789	746256	2022/07/12 
2022/07/13 	99.19999694824219	99.19999694824219	97.19999694824219	97.69999694824219	821100	2022/07/13 
2022/07/14 	98.0	98.19999694824219	97.0999984741211	98.0999984741211	331060	2022/07/14 
2022/07/15 	98.0	98.0999984741211	96.9000015258789	98.0	365300	2022/07/15 
2022/07/18 	97.9000015258789	98.30000305175781	97.5	97.69999694824219	374030	2022/07/18 
2022/07/19 	97.69999694824219	98.0	97.0	97.9000015258789	261110	2022/07/19 
2022/07/20 	98.4000015258789	100.0	97.4000015258789	97.5999984741211	712000	2022/07/20 
2022/07/21 	97.69999694824219	98.5999984741211	97.30000305175781	98.5	347807	2022/07/21 
2022/07/22 	98.69999694824219	98.80000305175781	97.9000015258789	98.5	371194	2022/07/22 
2022/07/25 	98.30000305175781	98.5	97.69999694824219	98.0999984741211	281208	2022/07/25 
2022/07/26 	97.9000015258789	102.0	97.9000015258789	100.0	908131	2022/07/26 
2022/07/27 	100.0	101.0	99.5999984741211	101.0	262297	2022/07/27 
2022/07/28 	101.5	104.0	100.5	104.0	825130	2022/07/28 
2022/07/29 	104.0	105.0	102.0	103.0	607200	2022/07/29 
2022/08/01 	103.0	103.5	102.0	103.0	233403	2022/08/01 
2022/08/02 	102.0	102.5	101.5	102.5	295418	2022/08/02 
2022/08/03 	102.0	102.5	100.5	101.5	403710	2022/08/03 
2022/08/04 	101.5	102.5	101.0	102.0	273022	2022/08/04 
2022/08/05 	103.0	105.0	103.0	104.5	539347	2022/08/05 
2022/08/08 	104.0	104.5	103.0	104.0	376811	2022/08/08 
2022/08/09 	104.0	109.5	104.0	108.5	1315712	2022/08/09 
2022/08/10 	108.0	108.5	105.5	105.5	924934	2022/08/10 
2022/08/11 	108.0	108.0	106.0	107.5	492598	2022/08/11 
2022/08/12 	107.0	109.0	106.0	107.0	452159	2022/08/12 
2022/08/15 	107.0	108.5	106.5	108.0	743906	2022/08/15 
2022/08/16 	107.5	108.0	106.5	107.5	308027	2022/08/16 
2022/08/17 	107.5	107.5	106.0	106.5	520232	2022/08/17 
2022/08/18 	106.5	108.5	106.0	108.5	409508	2022/08/18 
2022/08/19 	107.5	108.5	106.5	106.5	387346	2022/08/19 
2022/08/22 	105.5	106.0	105.5	105.5	254000	2022/08/22 
2022/08/23 	105.0	105.5	104.5	105.0	460591	2022/08/23 
2022/08/24 	105.5	106.0	103.0	104.0	706158	2022/08/24 
2022/08/25 	104.5	106.0	103.5	105.0	405025	2022/08/25 
2022/08/26 	106.0	107.0	105.5	106.0	301941	2022/08/26 
2022/08/29 	103.5	104.0	102.5	103.0	559245	2022/08/29 
2022/08/30 	103.0	104.5	102.5	104.0	318302	2022/08/30 
2022/08/31 	104.0	105.0	103.0	105.0	401089	2022/08/31 
2022/09/01 	103.5	103.5	102.0	102.5	608198	2022/09/01 
2022/09/02 	103.0	103.0	101.5	101.5	461610	2022/09/02 
2022/09/05 	102.0	102.5	101.5	102.0	207999	2022/09/05 
2022/09/06 	102.5	103.5	101.5	101.5	346040	2022/09/06 
2022/09/07 	101.5	103.0	101.0	102.5	469102	2022/09/07 
2022/09/08 	103.0	104.5	102.5	104.5	385266	2022/09/08 
2022/09/12 	105.0	108.0	105.0	107.0	760685	2022/09/12 
2022/09/13 	107.5	107.5	106.0	106.0	279055	2022/09/13 
2022/09/14 	103.5	106.5	103.0	105.0	486500	2022/09/14 
2022/09/15 	104.0	106.0	104.0	105.5	366065	2022/09/15 
2022/09/16 	104.5	106.5	104.0	106.5	328561	2022/09/16 
2022/09/19 	106.0	106.5	104.5	105.0	301257	2022/09/19 
2022/09/20 	105.0	107.0	105.0	106.5	505210	2022/09/20 
2022/09/21 	106.0	108.0	106.0	106.0	598177	2022/09/21 
2022/09/22 	105.5	106.5	104.5	106.0	392075	2022/09/22 
2022/09/23 	106.0	106.5	105.0	106.0	282530	2022/09/23 
2022/09/26 	104.5	104.5	102.5	103.0	571299	2022/09/26 
2022/09/27 	103.5	104.0	102.5	103.5	250415	2022/09/27 
2022/09/28 	103.5	103.5	100.0	101.0	882250	2022/09/28 
2022/09/29 	102.0	102.0	100.5	101.0	326625	2022/09/29 
2022/09/30 	100.5	101.0	99.30000305175781	101.0	450220	2022/09/30 
2022/10/03 	99.9000015258789	101.5	99.5999984741211	100.5	533588	2022/10/03 
2022/10/04 	102.0	103.0	101.0	103.0	492517	2022/10/04 
2022/10/05 	103.5	104.0	101.5	102.5	512198	2022/10/05 
2022/10/06 	102.5	102.5	101.0	102.0	235320	2022/10/06 
2022/10/07 	101.5	102.5	101.0	102.0	140395	2022/10/07 
2022/10/11 	100.5	100.5	98.5	99.30000305175781	672196	2022/10/11 
2022/10/12 	99.30000305175781	99.80000305175781	98.19999694824219	99.0	394562	2022/10/12 
2022/10/13 	99.0	99.0999984741211	95.4000015258789	95.5	1020172	2022/10/13 
2022/10/14 	97.0	98.0	96.80000305175781	97.4000015258789	283135	2022/10/14 
2022/10/17 	97.4000015258789	97.4000015258789	95.30000305175781	97.0	320110	2022/10/17 
2022/10/18 	97.5	98.4000015258789	97.0	98.4000015258789	206203	2022/10/18 
2022/10/19 	97.80000305175781	98.30000305175781	97.0999984741211	97.19999694824219	276025	2022/10/19 
2022/10/20 	96.0	96.5	92.80000305175781	94.19999694824219	1779065	2022/10/20 
2022/10/21 	93.80000305175781	95.0	91.5999984741211	92.0	800128	2022/10/21 
2022/10/24 	92.80000305175781	93.5999984741211	90.5999984741211	91.0999984741211	826452	2022/10/24 
2022/10/25 	91.80000305175781	91.80000305175781	88.9000015258789	90.4000015258789	1095211	2022/10/25 
2022/10/26 	90.30000305175781	92.69999694824219	90.0	91.9000015258789	424790	2022/10/26 
2022/10/27 	93.5	94.19999694824219	92.69999694824219	93.30000305175781	384054	2022/10/27 
2022/10/28 	93.30000305175781	94.80000305175781	90.5	92.0	473045	2022/10/28 
2022/10/31 	93.69999694824219	94.5999984741211	93.30000305175781	94.0999984741211	302109	2022/10/31 
2022/11/01 	93.0999984741211	97.0	93.0999984741211	96.0999984741211	493207	2022/11/01 
2022/11/02 	95.30000305175781	97.0	95.30000305175781	96.30000305175781	209153	2022/11/02 
2022/11/03 	95.5	96.30000305175781	95.0999984741211	96.19999694824219	191025	2022/11/03 
2022/11/04 	96.30000305175781	96.5999984741211	95.5999984741211	96.5999984741211	234300	2022/11/04 
2022/11/07 	97.0999984741211	97.0999984741211	96.0999984741211	96.9000015258789	270000	2022/11/07 
2022/11/08 	97.19999694824219	97.80000305175781	96.19999694824219	96.5	295150	2022/11/08 
2022/11/09 	97.0	97.5	96.69999694824219	96.69999694824219	218129	2022/11/09 
2022/11/10 	96.69999694824219	97.0999984741211	96.30000305175781	96.30000305175781	171825	2022/11/10 
2022/11/11 	98.0999984741211	99.5	97.69999694824219	98.5	641005	2022/11/11 
2022/11/14 	98.5999984741211	101.0	98.5999984741211	100.5	540709	2022/11/14 
2022/11/15 	100.5	101.0	99.5	101.0	377300	2022/11/15 
2022/11/16 	100.5	100.5	98.5999984741211	98.9000015258789	393051	2022/11/16 
2022/11/17 	99.0	99.5999984741211	98.5999984741211	99.0	149410	2022/11/17 
2022/11/18 	98.80000305175781	99.80000305175781	97.19999694824219	97.19999694824219	600210	2022/11/18 
2022/11/21 	97.0999984741211	97.80000305175781	96.4000015258789	96.80000305175781	384200	2022/11/21 
2022/11/22 	96.9000015258789	98.19999694824219	96.9000015258789	98.0999984741211	155008	2022/11/22 
2022/11/23 	98.80000305175781	98.80000305175781	98.0	98.30000305175781	229809	2022/11/23 
2022/11/24 	98.19999694824219	100.5	98.19999694824219	100.5	404342	2022/11/24 
2022/11/25 	100.5	101.0	99.30000305175781	99.30000305175781	323240	2022/11/25 
2022/11/28 	98.9000015258789	99.5999984741211	98.69999694824219	99.4000015258789	190000	2022/11/28 
2022/11/29 	99.4000015258789	100.5	99.0	100.0	153325	2022/11/29 
2022/11/30 	100.5	102.0	100.0	102.0	415172	2022/11/30 
2022/12/01 	103.0	103.5	101.5	102.5	403056	2022/12/01 
2022/12/02 	103.0	103.0	101.0	102.0	251430	2022/12/02 
2022/12/05 	102.0	103.0	101.5	102.5	247031	2022/12/05 
2022/12/06 	102.0	103.0	100.5	101.0	238190	2022/12/06 
2022/12/07 	100.5	102.0	100.0	100.5	193110	2022/12/07 
2022/12/08 	100.5	101.5	100.0	101.0	193521	2022/12/08 
2022/12/09 	102.5	103.0	101.5	102.5	330176	2022/12/09 
2022/12/12 	102.5	103.0	101.5	102.5	140101	2022/12/12 
2022/12/13 	103.0	103.5	102.0	102.5	244907	2022/12/13 
2022/12/14 	103.0	103.5	102.0	102.5	334468	2022/12/14 
2022/12/15 	102.0	102.5	101.5	101.5	326125	2022/12/15 
2022/12/16 	100.5	102.0	100.0	101.0	263001	2022/12/16 
2022/12/19 	101.0	102.0	100.5	101.5	112150	2022/12/19 
2022/12/20 	101.0	102.0	99.5	99.9000015258789	430382	2022/12/20 
2022/12/21 	100.5	101.5	100.0	100.5	178502	2022/12/21 
2022/12/22 	101.0	101.5	100.5	101.0	139401	2022/12/22 
2022/12/23 	100.0	101.0	99.80000305175781	100.0	205996	2022/12/23 
2022/12/26 	100.0	101.0	100.0	101.0	99426	2022/12/26 
2022/12/27 	101.0	101.0	100.5	100.5	127991	2022/12/27 
2022/12/28 	100.0	100.5	99.5999984741211	99.9000015258789	376210	2022/12/28 
2022/12/29 	99.80000305175781	99.80000305175781	98.5	99.0	261200	2022/12/29 
2022/12/30 	100.0	102.0	99.0999984741211	102.0	332331	2022/12/30 
2023/01/03 	102.5	102.5	99.69999694824219	100.5	266615	2023/01/03 
2023/01/04 	99.30000305175781	101.0	99.30000305175781	100.5	201389	2023/01/04 
2023/01/05 	100.5	101.0	100.5	101.0	140164	2023/01/05 
2023/01/06 	101.0	102.0	101.0	101.5	94050	2023/01/06 
2023/01/09 	102.0	103.5	101.5	102.5	483500	2023/01/09 
2023/01/10 	102.5	103.0	102.5	103.0	284434	2023/01/10 
2023/01/11 	103.0	107.5	103.0	105.5	1220136	2023/01/11 
2023/01/12 	106.0	106.5	105.0	105.0	472220	2023/01/12 
2023/01/13 	105.0	105.5	103.0	104.0	340098	2023/01/13 
2023/01/16 	104.0	105.0	104.0	104.5	264171	2023/01/16 
2023/01/17 	104.0	105.0	104.0	104.0	242330	2023/01/17 
2023/01/30 	104.5	105.5	104.0	105.0	456081	2023/01/30 
2023/01/31 	104.5	105.5	104.0	105.5	259974	2023/01/31 
2023/02/01 	105.0	106.0	104.5	105.5	500300	2023/02/01 
2023/02/02 	105.5	106.5	105.0	106.0	486198	2023/02/02 
2023/02/03 	105.5	107.5	105.5	106.0	667775	2023/02/03 
2023/02/06 	103.0	108.0	103.0	108.0	781491	2023/02/06 
2023/02/07 	108.0	110.0	108.0	109.5	910127	2023/02/07 
2023/02/08 	109.5	110.5	109.5	109.5	590000	2023/02/08 
2023/02/09 	108.5	110.0	108.0	108.5	342075	2023/02/09 
2023/02/10 	108.5	110.0	108.0	109.5	426546	2023/02/10 
2023/02/13 	109.0	113.5	108.5	112.0	962745	2023/02/13 
2023/02/14 	113.0	113.5	111.0	111.5	730200	2023/02/14 
2023/02/15 	111.5	112.0	109.0	109.5	836492	2023/02/15 
2023/02/16 	109.5	111.0	109.5	110.5	294647	2023/02/16 
2023/02/17 	110.0	111.5	110.0	110.0	549777	2023/02/17 
2023/02/20 	110.5	111.0	109.5	110.5	429555	2023/02/20 
2023/02/21 	110.0	111.0	110.0	110.0	382207	2023/02/21 
2023/02/22 	109.5	110.0	108.5	109.5	399438	2023/02/22 
