Date	Open	High	Low	Close	Volume	Date
2018/09/21 	85.5	86.5	82.5999984741211	83.0	1549686	2018/09/21 
2018/09/25 	81.5	81.5	76.0	76.0	538131	2018/09/25 
2018/09/26 	76.5	77.69999694824219	76.5	77.0999984741211	207650	2018/09/26 
2018/09/27 	77.5	78.19999694824219	76.5	76.5	210050	2018/09/27 
2018/09/28 	76.5	77.0	75.0999984741211	75.80000305175781	183463	2018/09/28 
2018/10/01 	75.30000305175781	79.0	75.30000305175781	78.4000015258789	223133	2018/10/01 
2018/10/02 	77.5	78.0999984741211	77.0	77.19999694824219	129292	2018/10/02 
2018/10/03 	76.80000305175781	76.80000305175781	74.4000015258789	74.5	182930	2018/10/03 
2018/10/04 	74.5	74.5	73.9000015258789	74.5	56120	2018/10/04 
2018/10/05 	74.19999694824219	74.19999694824219	72.5	72.9000015258789	75378	2018/10/05 
2018/10/08 	73.5	76.9000015258789	73.5	74.80000305175781	58250	2018/10/08 
2018/10/09 	74.80000305175781	74.80000305175781	73.9000015258789	74.5	27562	2018/10/09 
2018/10/11 	73.0	73.0	67.0999984741211	67.0999984741211	240468	2018/10/11 
2018/10/12 	67.19999694824219	69.4000015258789	67.0999984741211	69.4000015258789	95000	2018/10/12 
2018/10/15 	68.5	69.0	68.0	68.69999694824219	32000	2018/10/15 
2018/10/16 	68.5	68.69999694824219	68.4000015258789	68.4000015258789	40200	2018/10/16 
2018/10/17 	69.30000305175781	69.30000305175781	68.19999694824219	68.19999694824219	33000	2018/10/17 
2018/10/18 	68.30000305175781	68.30000305175781	67.69999694824219	67.80000305175781	23000	2018/10/18 
2018/10/19 	67.0999984741211	67.0999984741211	63.20000076293945	66.9000015258789	47000	2018/10/19 
2018/10/22 	66.9000015258789	67.5	66.9000015258789	67.4000015258789	52000	2018/10/22 
2018/10/23 	67.0	67.19999694824219	66.80000305175781	66.9000015258789	19000	2018/10/23 
2018/10/24 	66.5999984741211	66.69999694824219	66.5999984741211	66.5999984741211	9000	2018/10/24 
2018/10/25 	65.5999984741211	65.5999984741211	64.69999694824219	65.0	42000	2018/10/25 
2018/10/26 	64.80000305175781	64.80000305175781	59.5	61.20000076293945	74000	2018/10/26 
2018/10/29 	61.20000076293945	61.20000076293945	59.900001525878906	60.099998474121094	33000	2018/10/29 
2018/10/30 	60.0	60.0	56.900001525878906	57.5	90000	2018/10/30 
2018/10/31 	60.0	60.29999923706055	59.0	59.599998474121094	52000	2018/10/31 
2018/11/01 	59.79999923706055	61.0	59.79999923706055	61.0	45000	2018/11/01 
2018/11/02 	61.29999923706055	61.400001525878906	60.5	60.900001525878906	29000	2018/11/02 
2018/11/05 	60.599998474121094	61.70000076293945	60.5	61.400001525878906	65000	2018/11/05 
2018/11/06 	63.20000076293945	63.20000076293945	61.79999923706055	61.79999923706055	32000	2018/11/06 
2018/11/07 	61.70000076293945	61.70000076293945	60.0	61.0	74100	2018/11/07 
2018/11/08 	61.0	61.20000076293945	60.5	60.900001525878906	37000	2018/11/08 
2018/11/09 	60.900001525878906	61.0	60.5	61.0	50300	2018/11/09 
2018/11/12 	63.20000076293945	64.5	62.5	63.0	167235	2018/11/12 
2018/11/13 	62.900001525878906	64.19999694824219	62.79999923706055	63.79999923706055	157400	2018/11/13 
2018/11/14 	64.5	70.0999984741211	64.5	70.0999984741211	198230	2018/11/14 
2018/11/15 	69.69999694824219	70.30000305175781	69.19999694824219	70.0	108124	2018/11/15 
2018/11/16 	69.5999984741211	70.5999984741211	69.0	69.5999984741211	79400	2018/11/16 
2018/11/19 	69.0	69.5999984741211	68.80000305175781	69.30000305175781	50000	2018/11/19 
2018/11/20 	68.69999694824219	68.69999694824219	67.5999984741211	68.0	38476	2018/11/20 
2018/11/21 	67.5	67.5999984741211	66.80000305175781	67.5999984741211	47100	2018/11/21 
2018/11/22 	67.5999984741211	67.69999694824219	67.0999984741211	67.19999694824219	27248	2018/11/22 
2018/11/23 	67.0	67.0	66.5	66.69999694824219	36000	2018/11/23 
2018/11/26 	67.5999984741211	67.5999984741211	67.0999984741211	67.4000015258789	12120	2018/11/26 
2018/11/27 	67.80000305175781	69.0	67.80000305175781	69.0	36100	2018/11/27 
2018/11/28 	69.5	71.9000015258789	68.0	69.69999694824219	107056	2018/11/28 
2018/11/29 	69.30000305175781	70.4000015258789	69.0	69.0	75000	2018/11/29 
2018/11/30 	68.69999694824219	69.80000305175781	68.69999694824219	69.0	21000	2018/11/30 
2018/12/03 	69.5	70.0	69.5	69.80000305175781	61000	2018/12/03 
2018/12/04 	69.80000305175781	69.80000305175781	69.80000305175781	69.80000305175781	0	2018/12/04 
2018/12/05 	68.0	69.0	67.5	68.19999694824219	46000	2018/12/05 
2018/12/06 	68.19999694824219	68.19999694824219	67.19999694824219	67.19999694824219	38000	2018/12/06 
2018/12/07 	67.19999694824219	67.5999984741211	67.0	67.30000305175781	83150	2018/12/07 
2018/12/10 	66.0	66.80000305175781	66.0	66.4000015258789	29100	2018/12/10 
2018/12/11 	66.4000015258789	66.5	66.30000305175781	66.30000305175781	29100	2018/12/11 
2018/12/12 	66.4000015258789	66.9000015258789	66.0	66.69999694824219	24144	2018/12/12 
2018/12/13 	66.5	66.9000015258789	65.9000015258789	66.30000305175781	37110	2018/12/13 
2018/12/14 	66.30000305175781	66.5	65.5999984741211	65.5999984741211	31101	2018/12/14 
2018/12/17 	65.0	65.30000305175781	63.0	64.0	100600	2018/12/17 
2018/12/18 	64.19999694824219	64.5	63.0	63.900001525878906	67400	2018/12/18 
2018/12/19 	64.5	64.5999984741211	63.0	63.5	91300	2018/12/19 
2018/12/20 	63.20000076293945	63.5	62.29999923706055	63.20000076293945	46150	2018/12/20 
2018/12/21 	63.0	63.0	62.29999923706055	62.79999923706055	21250	2018/12/21 
2018/12/24 	63.20000076293945	63.20000076293945	62.099998474121094	62.79999923706055	12100	2018/12/24 
2018/12/25 	62.79999923706055	62.79999923706055	61.599998474121094	62.0	13150	2018/12/25 
2018/12/26 	62.099998474121094	62.099998474121094	61.400001525878906	61.400001525878906	33250	2018/12/26 
2018/12/27 	61.599998474121094	61.900001525878906	61.400001525878906	61.70000076293945	41110	2018/12/27 
2018/12/28 	61.400001525878906	61.599998474121094	61.099998474121094	61.400001525878906	29142	2018/12/28 
2019/01/02 	61.400001525878906	61.400001525878906	60.5	60.70000076293945	49000	2019/01/02 
2019/01/03 	60.70000076293945	60.900001525878906	60.5	60.599998474121094	28000	2019/01/03 
2019/01/04 	60.599998474121094	60.599998474121094	60.5	60.5	45240	2019/01/04 
2019/01/07 	60.599998474121094	60.599998474121094	59.900001525878906	60.29999923706055	89800	2019/01/07 
2019/01/08 	60.29999923706055	60.29999923706055	59.79999923706055	60.0	50677	2019/01/08 
2019/01/09 	60.099998474121094	61.70000076293945	60.099998474121094	61.70000076293945	139298	2019/01/09 
2019/01/10 	61.099998474121094	61.099998474121094	60.70000076293945	61.0	14696	2019/01/10 
2019/01/11 	61.0	61.0	60.0	60.79999923706055	25501	2019/01/11 
2019/01/14 	60.29999923706055	60.79999923706055	60.29999923706055	60.79999923706055	17160	2019/01/14 
2019/01/15 	60.79999923706055	60.79999923706055	60.0	60.29999923706055	47600	2019/01/15 
2019/01/16 	60.29999923706055	60.79999923706055	60.20000076293945	60.599998474121094	18300	2019/01/16 
2019/01/17 	60.599998474121094	62.599998474121094	60.599998474121094	62.099998474121094	89261	2019/01/17 
2019/01/18 	62.099998474121094	63.29999923706055	62.0	62.70000076293945	93000	2019/01/18 
2019/01/21 	62.900001525878906	63.5	62.70000076293945	62.79999923706055	43100	2019/01/21 
2019/01/22 	62.400001525878906	62.5	62.29999923706055	62.5	5281	2019/01/22 
2019/01/23 	62.29999923706055	62.5	62.20000076293945	62.5	5000	2019/01/23 
2019/01/24 	62.20000076293945	62.400001525878906	61.5	62.20000076293945	31200	2019/01/24 
2019/01/25 	62.0	62.400001525878906	61.70000076293945	61.900001525878906	19130	2019/01/25 
2019/01/28 	61.599998474121094	62.0	61.29999923706055	61.5	43000	2019/01/28 
2019/01/29 	61.400001525878906	61.5	61.0	61.099998474121094	20050	2019/01/29 
2019/01/30 	61.400001525878906	61.79999923706055	61.099998474121094	61.099998474121094	10629	2019/01/30 
2019/02/11 	61.5	62.099998474121094	61.5	61.70000076293945	7345	2019/02/11 
2019/02/12 	61.70000076293945	62.099998474121094	61.5	62.099998474121094	50000	2019/02/12 
2019/02/13 	62.29999923706055	62.70000076293945	62.0	62.70000076293945	36100	2019/02/13 
2019/02/14 	62.400001525878906	62.599998474121094	62.0	62.29999923706055	54100	2019/02/14 
2019/02/15 	62.29999923706055	62.29999923706055	62.0	62.099998474121094	25300	2019/02/15 
2019/02/18 	61.900001525878906	61.900001525878906	61.29999923706055	61.29999923706055	54000	2019/02/18 
2019/02/19 	61.29999923706055	61.70000076293945	61.0	61.400001525878906	37000	2019/02/19 
2019/02/20 	61.70000076293945	62.79999923706055	61.70000076293945	62.79999923706055	58200	2019/02/20 
2019/02/21 	62.79999923706055	63.70000076293945	62.0	63.099998474121094	85250	2019/02/21 
2019/02/22 	63.099998474121094	63.099998474121094	62.400001525878906	62.70000076293945	22263	2019/02/22 
2019/02/25 	62.70000076293945	63.0	62.70000076293945	62.900001525878906	52300	2019/02/25 
2019/02/26 	63.0	63.0	62.599998474121094	62.70000076293945	51000	2019/02/26 
2019/02/27 	62.70000076293945	63.20000076293945	62.70000076293945	63.0	17300	2019/02/27 
2019/03/04 	63.0	63.29999923706055	63.0	63.0	44300	2019/03/04 
2019/03/05 	63.0	65.0	63.0	64.80000305175781	106430	2019/03/05 
2019/03/06 	64.69999694824219	64.80000305175781	63.79999923706055	64.80000305175781	59322	2019/03/06 
2019/03/07 	64.5999984741211	64.80000305175781	63.79999923706055	64.0	57351	2019/03/07 
2019/03/08 	63.5	63.5	62.79999923706055	63.5	63462	2019/03/08 
2019/03/11 	63.20000076293945	63.20000076293945	62.70000076293945	62.70000076293945	11000	2019/03/11 
2019/03/12 	62.70000076293945	62.900001525878906	62.599998474121094	62.900001525878906	26001	2019/03/12 
2019/03/13 	62.900001525878906	63.0	62.5	62.79999923706055	34338	2019/03/13 
2019/03/14 	62.900001525878906	63.5	62.79999923706055	63.0	49200	2019/03/14 
2019/03/15 	63.400001525878906	66.4000015258789	63.099998474121094	65.0	226450	2019/03/15 
2019/03/18 	65.5999984741211	66.5	65.0	65.19999694824219	160711	2019/03/18 
2019/03/19 	65.19999694824219	65.9000015258789	65.19999694824219	65.5999984741211	81235	2019/03/19 
2019/03/20 	65.5999984741211	66.30000305175781	65.30000305175781	66.0999984741211	122289	2019/03/20 
2019/03/21 	65.69999694824219	66.0	65.0999984741211	66.0	59300	2019/03/21 
2019/03/22 	66.0	66.0	65.30000305175781	65.5	58220	2019/03/22 
2019/03/25 	65.0	65.5	64.30000305175781	64.5	40300	2019/03/25 
2019/03/26 	64.69999694824219	65.0	64.5	64.5	24230	2019/03/26 
2019/03/27 	65.0	66.69999694824219	64.4000015258789	65.19999694824219	179515	2019/03/27 
2019/03/28 	65.0	65.0999984741211	64.4000015258789	65.0999984741211	35200	2019/03/28 
2019/03/29 	65.5	65.5	64.69999694824219	64.80000305175781	24215	2019/03/29 
2019/04/01 	64.4000015258789	64.80000305175781	64.4000015258789	64.80000305175781	61715	2019/04/01 
2019/04/02 	64.9000015258789	65.0999984741211	64.80000305175781	65.0999984741211	46400	2019/04/02 
2019/04/03 	65.0	65.19999694824219	64.69999694824219	65.0	33150	2019/04/03 
2019/04/08 	65.0	65.0999984741211	64.9000015258789	65.0	56310	2019/04/08 
2019/04/09 	65.0999984741211	66.0	65.0999984741211	65.5	73110	2019/04/09 
2019/04/10 	65.5	65.5	64.9000015258789	64.9000015258789	86095	2019/04/10 
2019/04/11 	64.80000305175781	65.0	64.5999984741211	65.0	49000	2019/04/11 
2019/04/12 	65.0	65.30000305175781	64.9000015258789	65.30000305175781	39250	2019/04/12 
2019/04/15 	65.30000305175781	65.4000015258789	64.80000305175781	65.30000305175781	39600	2019/04/15 
2019/04/16 	65.0	65.0	64.5999984741211	64.5999984741211	52300	2019/04/16 
2019/04/17 	65.0	65.0999984741211	64.9000015258789	65.0999984741211	47213	2019/04/17 
2019/04/18 	65.0999984741211	65.0999984741211	64.5	64.69999694824219	55103	2019/04/18 
2019/04/19 	64.5	64.5999984741211	64.0	64.5999984741211	46280	2019/04/19 
2019/04/22 	64.30000305175781	64.30000305175781	64.0	64.0999984741211	57350	2019/04/22 
2019/04/23 	64.30000305175781	64.5	64.19999694824219	64.19999694824219	34480	2019/04/23 
2019/04/24 	64.19999694824219	64.19999694824219	64.0	64.19999694824219	31562	2019/04/24 
2019/04/25 	64.19999694824219	65.4000015258789	64.0	64.80000305175781	78350	2019/04/25 
2019/04/26 	64.80000305175781	64.80000305175781	64.5	64.5999984741211	42240	2019/04/26 
2019/04/29 	64.5999984741211	64.5999984741211	64.0999984741211	64.0999984741211	42035	2019/04/29 
2019/04/30 	64.19999694824219	64.5999984741211	64.19999694824219	64.5999984741211	9231	2019/04/30 
2019/05/02 	64.5999984741211	65.0	64.5999984741211	64.9000015258789	31296	2019/05/02 
2019/05/03 	64.9000015258789	65.19999694824219	64.9000015258789	65.0	47150	2019/05/03 
2019/05/06 	64.5	64.5	63.900001525878906	64.0	86110	2019/05/06 
2019/05/07 	64.0	64.9000015258789	64.0	64.69999694824219	38300	2019/05/07 
2019/05/08 	64.5999984741211	64.69999694824219	64.0999984741211	64.19999694824219	32065	2019/05/08 
2019/05/09 	64.19999694824219	64.4000015258789	64.0	64.0999984741211	26313	2019/05/09 
2019/05/10 	64.0999984741211	64.0999984741211	64.0	64.0999984741211	73400	2019/05/10 
2019/05/13 	63.900001525878906	63.900001525878906	63.29999923706055	63.5	72724	2019/05/13 
2019/05/14 	63.400001525878906	63.400001525878906	62.29999923706055	62.79999923706055	74500	2019/05/14 
2019/05/15 	62.5	62.70000076293945	62.5	62.599998474121094	7570	2019/05/15 
2019/05/16 	62.5	63.0	62.5	62.900001525878906	21550	2019/05/16 
2019/05/17 	62.70000076293945	62.70000076293945	61.79999923706055	61.79999923706055	47880	2019/05/17 
2019/05/20 	61.5	63.0	61.5	62.5	52309	2019/05/20 
2019/05/21 	62.099998474121094	62.900001525878906	61.79999923706055	62.900001525878906	27125	2019/05/21 
2019/05/22 	62.900001525878906	63.70000076293945	62.900001525878906	63.0	46100	2019/05/22 
2019/05/23 	62.900001525878906	63.0	62.79999923706055	62.79999923706055	58200	2019/05/23 
2019/05/24 	62.20000076293945	63.0	62.20000076293945	62.79999923706055	24310	2019/05/24 
2019/05/27 	62.599998474121094	63.099998474121094	62.5	63.0	50300	2019/05/27 
2019/05/28 	63.0	63.20000076293945	62.900001525878906	63.0	23000	2019/05/28 
2019/05/29 	62.900001525878906	63.0	62.79999923706055	62.900001525878906	18100	2019/05/29 
2019/05/30 	62.79999923706055	63.0	62.79999923706055	62.900001525878906	27150	2019/05/30 
2019/05/31 	63.0	63.099998474121094	62.900001525878906	63.0	20100	2019/05/31 
2019/06/03 	62.900001525878906	62.900001525878906	61.900001525878906	62.400001525878906	34110	2019/06/03 
2019/06/04 	62.5	62.5	62.400001525878906	62.5	10150	2019/06/04 
2019/06/05 	63.70000076293945	64.30000305175781	63.0	63.29999923706055	86100	2019/06/05 
2019/06/06 	63.400001525878906	63.599998474121094	63.099998474121094	63.20000076293945	22100	2019/06/06 
2019/06/10 	63.900001525878906	63.900001525878906	63.400001525878906	63.5	37627	2019/06/10 
2019/06/11 	63.900001525878906	63.900001525878906	63.400001525878906	63.400001525878906	20300	2019/06/11 
2019/06/12 	63.400001525878906	63.400001525878906	63.400001525878906	63.400001525878906	0	2019/06/12 
2019/06/13 	63.20000076293945	63.70000076293945	63.20000076293945	63.70000076293945	8015	2019/06/13 
2019/06/14 	63.400001525878906	63.70000076293945	63.400001525878906	63.70000076293945	3660	2019/06/14 
2019/06/17 	63.5	63.599998474121094	63.5	63.599998474121094	14460	2019/06/17 
2019/06/18 	63.79999923706055	64.0	63.79999923706055	63.900001525878906	12279	2019/06/18 
2019/06/19 	64.5	65.30000305175781	64.5	65.30000305175781	48470	2019/06/19 
2019/06/20 	65.5	66.0999984741211	65.30000305175781	66.0999984741211	71012	2019/06/20 
2019/06/21 	66.5	66.5	65.5	66.19999694824219	66552	2019/06/21 
2019/06/24 	62.900001525878906	63.0	62.400001525878906	62.400001525878906	39475	2019/06/24 
2019/06/25 	62.400001525878906	62.79999923706055	62.400001525878906	62.400001525878906	12000	2019/06/25 
2019/06/26 	62.5	62.5	62.0	62.0	10000	2019/06/26 
2019/06/27 	62.0	62.099998474121094	62.0	62.099998474121094	5047	2019/06/27 
2019/06/28 	62.0	62.0	61.599998474121094	61.900001525878906	18053	2019/06/28 
2019/07/01 	61.900001525878906	62.79999923706055	61.900001525878906	62.599998474121094	25000	2019/07/01 
2019/07/02 	62.099998474121094	63.099998474121094	62.099998474121094	63.0	13000	2019/07/02 
2019/07/03 	63.099998474121094	63.099998474121094	62.5	62.900001525878906	9000	2019/07/03 
2019/07/04 	63.099998474121094	63.099998474121094	63.099998474121094	63.099998474121094	1000	2019/07/04 
2019/07/05 	63.099998474121094	63.099998474121094	62.400001525878906	62.900001525878906	16140	2019/07/05 
2019/07/08 	62.900001525878906	63.400001525878906	62.5	63.400001525878906	24397	2019/07/08 
2019/07/09 	63.0	63.0	62.599998474121094	62.79999923706055	4398	2019/07/09 
2019/07/10 	62.79999923706055	64.0	62.20000076293945	64.0	64030	2019/07/10 
2019/07/11 	64.0	64.0	63.5	63.5	37000	2019/07/11 
2019/07/12 	64.0	64.30000305175781	63.599998474121094	63.599998474121094	7000	2019/07/12 
2019/07/15 	64.0	64.80000305175781	63.900001525878906	64.80000305175781	32030	2019/07/15 
2019/07/16 	64.9000015258789	64.9000015258789	64.80000305175781	64.9000015258789	14236	2019/07/16 
2019/07/17 	64.9000015258789	65.30000305175781	64.0999984741211	65.30000305175781	12116	2019/07/17 
2019/07/18 	65.30000305175781	65.4000015258789	64.5	65.4000015258789	21100	2019/07/18 
2019/07/19 	65.0	65.0	64.9000015258789	65.0	19000	2019/07/19 
2019/07/22 	64.9000015258789	65.0	64.80000305175781	64.80000305175781	11000	2019/07/22 
2019/07/23 	64.80000305175781	65.0	64.5999984741211	64.69999694824219	31300	2019/07/23 
2019/07/24 	65.0	65.0	64.5999984741211	64.69999694824219	35000	2019/07/24 
2019/07/25 	65.0	65.4000015258789	64.9000015258789	65.19999694824219	37045	2019/07/25 
2019/07/26 	65.19999694824219	65.4000015258789	65.19999694824219	65.4000015258789	19124	2019/07/26 
2019/07/29 	65.4000015258789	65.69999694824219	65.0999984741211	65.69999694824219	60030	2019/07/29 
2019/07/30 	65.0	65.5999984741211	64.9000015258789	65.5	8000	2019/07/30 
2019/07/31 	65.19999694824219	65.30000305175781	65.0	65.30000305175781	11000	2019/07/31 
2019/08/01 	65.0	66.0	64.9000015258789	66.0	23350	2019/08/01 
2019/08/02 	65.5	65.5	65.0	65.4000015258789	18101	2019/08/02 
2019/08/05 	65.30000305175781	66.0	65.0	65.30000305175781	132400	2019/08/05 
2019/08/06 	64.80000305175781	64.80000305175781	64.30000305175781	64.69999694824219	38050	2019/08/06 
2019/08/07 	64.69999694824219	64.69999694824219	64.69999694824219	64.69999694824219	4633	2019/08/07 
2019/08/08 	64.5	65.80000305175781	64.5	65.4000015258789	56045	2019/08/08 
2019/08/12 	66.0999984741211	66.5999984741211	65.9000015258789	65.9000015258789	184183	2019/08/12 
2019/08/13 	66.0	66.19999694824219	65.5999984741211	65.5999984741211	57280	2019/08/13 
2019/08/14 	65.69999694824219	68.0	65.69999694824219	67.80000305175781	138238	2019/08/14 
2019/08/15 	67.5	72.5999984741211	66.5999984741211	71.30000305175781	246161	2019/08/15 
2019/08/16 	71.5999984741211	75.0	71.5999984741211	74.69999694824219	339890	2019/08/16 
2019/08/19 	74.9000015258789	75.5	73.9000015258789	74.30000305175781	218180	2019/08/19 
2019/08/20 	74.0	76.30000305175781	74.0	74.5	210529	2019/08/20 
2019/08/21 	74.5	74.5	72.69999694824219	74.5	215500	2019/08/21 
2019/08/22 	74.5	74.5	73.4000015258789	73.9000015258789	136090	2019/08/22 
2019/08/23 	73.80000305175781	73.80000305175781	71.69999694824219	72.69999694824219	137567	2019/08/23 
2019/08/26 	71.9000015258789	71.9000015258789	71.4000015258789	71.9000015258789	50250	2019/08/26 
2019/08/27 	72.9000015258789	73.0999984741211	71.5999984741211	73.0999984741211	60010	2019/08/27 
2019/08/28 	73.0999984741211	74.9000015258789	73.0999984741211	73.5	112040	2019/08/28 
2019/08/29 	73.5	74.0999984741211	73.0	74.0999984741211	76060	2019/08/29 
2019/08/30 	74.30000305175781	74.30000305175781	73.0	73.0	72000	2019/08/30 
2019/09/02 	73.0	73.30000305175781	72.80000305175781	72.80000305175781	20050	2019/09/02 
2019/09/03 	72.69999694824219	73.69999694824219	72.69999694824219	73.5999984741211	27100	2019/09/03 
2019/09/04 	73.5999984741211	73.5999984741211	72.30000305175781	72.5	80000	2019/09/04 
2019/09/05 	72.5	72.5999984741211	71.5	72.5999984741211	70300	2019/09/05 
2019/09/06 	72.4000015258789	72.4000015258789	71.80000305175781	71.80000305175781	22100	2019/09/06 
2019/09/10 	71.5	71.5	70.80000305175781	71.0	21545	2019/09/10 
2019/09/11 	71.0	72.0	71.0	72.0	9250	2019/09/11 
2019/09/12 	71.80000305175781	72.0999984741211	71.4000015258789	72.0999984741211	33310	2019/09/12 
2019/09/16 	72.0999984741211	72.0999984741211	71.5999984741211	71.5999984741211	20100	2019/09/16 
2019/09/17 	71.5999984741211	71.5999984741211	71.19999694824219	71.19999694824219	8459	2019/09/17 
2019/09/18 	71.0	71.19999694824219	70.80000305175781	70.9000015258789	29000	2019/09/18 
2019/09/19 	71.19999694824219	71.5	70.9000015258789	71.0	20000	2019/09/19 
2019/09/20 	70.0	71.5	70.0	71.5	13103	2019/09/20 
2019/09/23 	71.0999984741211	72.0	71.0999984741211	71.5	18286	2019/09/23 
2019/09/24 	72.5	72.5	71.4000015258789	71.5	23000	2019/09/24 
2019/09/25 	71.5	71.5	71.5	71.5	17560	2019/09/25 
2019/09/26 	71.4000015258789	71.5	71.30000305175781	71.30000305175781	11010	2019/09/26 
2019/09/27 	71.5	72.30000305175781	71.0	71.5	51000	2019/09/27 
2019/10/01 	71.5	71.5	70.9000015258789	71.0	35040	2019/10/01 
2019/10/02 	71.19999694824219	71.19999694824219	70.5	70.9000015258789	33000	2019/10/02 
2019/10/03 	71.0	71.0	70.69999694824219	70.69999694824219	6000	2019/10/03 
2019/10/04 	70.80000305175781	71.0	70.0	70.9000015258789	44150	2019/10/04 
2019/10/07 	70.5999984741211	70.69999694824219	70.30000305175781	70.69999694824219	14200	2019/10/07 
2019/10/08 	70.4000015258789	70.5	69.69999694824219	70.30000305175781	45710	2019/10/08 
2019/10/09 	69.5	69.9000015258789	69.0	69.0	59144	2019/10/09 
2019/10/14 	69.0999984741211	69.80000305175781	68.69999694824219	68.69999694824219	41530	2019/10/14 
2019/10/15 	68.5999984741211	69.0	68.4000015258789	68.80000305175781	44002	2019/10/15 
2019/10/16 	69.0	69.0	68.30000305175781	69.0	23000	2019/10/16 
2019/10/17 	68.80000305175781	69.0	68.5	68.9000015258789	18005	2019/10/17 
2019/10/18 	69.0	70.0999984741211	69.0	69.5999984741211	46000	2019/10/18 
2019/10/21 	69.69999694824219	70.0	69.69999694824219	70.0	9000	2019/10/21 
2019/10/22 	69.5999984741211	70.0	69.4000015258789	69.9000015258789	37000	2019/10/22 
2019/10/23 	69.80000305175781	69.80000305175781	69.5	69.5	21013	2019/10/23 
2019/10/24 	69.5999984741211	69.5999984741211	68.80000305175781	68.80000305175781	47137	2019/10/24 
2019/10/25 	68.80000305175781	69.30000305175781	68.80000305175781	69.19999694824219	9100	2019/10/25 
2019/10/28 	69.19999694824219	69.4000015258789	68.19999694824219	68.19999694824219	54200	2019/10/28 
2019/10/29 	68.19999694824219	68.30000305175781	67.80000305175781	68.0999984741211	52000	2019/10/29 
2019/10/30 	68.0	68.5	67.9000015258789	68.19999694824219	40030	2019/10/30 
2019/10/31 	68.5	68.9000015258789	68.5	68.69999694824219	47046	2019/10/31 
2019/11/01 	68.69999694824219	71.0	68.69999694824219	70.0	123074	2019/11/01 
2019/11/04 	70.30000305175781	70.9000015258789	69.5999984741211	70.0	125000	2019/11/04 
2019/11/05 	70.0	70.5	69.80000305175781	70.0	55200	2019/11/05 
2019/11/06 	69.80000305175781	70.30000305175781	69.80000305175781	70.0	19000	2019/11/06 
2019/11/07 	70.0	70.0	69.4000015258789	69.5	12140	2019/11/07 
2019/11/08 	69.0999984741211	69.69999694824219	69.0	69.19999694824219	84229	2019/11/08 
2019/11/11 	69.0	69.0	67.80000305175781	68.0	58080	2019/11/11 
2019/11/12 	67.80000305175781	68.0	67.30000305175781	67.5999984741211	49020	2019/11/12 
2019/11/13 	67.5999984741211	68.19999694824219	67.5999984741211	68.0	26100	2019/11/13 
2019/11/14 	67.9000015258789	67.9000015258789	66.5999984741211	67.0999984741211	95100	2019/11/14 
2019/11/15 	67.0999984741211	67.5999984741211	67.0999984741211	67.0999984741211	20000	2019/11/15 
2019/11/18 	67.30000305175781	67.30000305175781	66.30000305175781	67.0	108380	2019/11/18 
2019/11/19 	66.5999984741211	67.0999984741211	66.5999984741211	67.0	30000	2019/11/19 
2019/11/20 	66.5999984741211	66.80000305175781	66.0	66.80000305175781	59000	2019/11/20 
2019/11/21 	66.69999694824219	66.80000305175781	65.80000305175781	66.80000305175781	96011	2019/11/21 
2019/11/22 	66.80000305175781	66.80000305175781	66.5999984741211	66.80000305175781	18000	2019/11/22 
2019/11/25 	66.80000305175781	66.80000305175781	66.0	66.0	60300	2019/11/25 
2019/11/26 	66.0999984741211	66.0999984741211	65.0999984741211	65.5	80340	2019/11/26 
2019/11/27 	65.5	65.80000305175781	65.0999984741211	65.5	44330	2019/11/27 
2019/11/28 	66.0	66.19999694824219	65.5	65.9000015258789	44045	2019/11/28 
2019/11/29 	65.5	65.5	65.19999694824219	65.4000015258789	34208	2019/11/29 
2019/12/02 	64.9000015258789	64.9000015258789	64.5	64.9000015258789	46220	2019/12/02 
2019/12/03 	65.0	65.9000015258789	65.0	65.9000015258789	12100	2019/12/03 
2019/12/04 	65.5	65.80000305175781	65.0999984741211	65.80000305175781	24200	2019/12/04 
2019/12/05 	68.4000015258789	72.30000305175781	68.4000015258789	72.30000305175781	1629548	2019/12/05 
2019/12/06 	74.0	74.9000015258789	70.0999984741211	70.0999984741211	1009553	2019/12/06 
2019/12/09 	70.19999694824219	71.30000305175781	69.0999984741211	69.0999984741211	217273	2019/12/09 
2019/12/10 	69.80000305175781	70.0999984741211	68.4000015258789	68.5	129027	2019/12/10 
2019/12/11 	68.5999984741211	69.0999984741211	67.5999984741211	68.0999984741211	139100	2019/12/11 
2019/12/12 	68.5999984741211	70.0	68.19999694824219	69.0999984741211	181000	2019/12/12 
2019/12/13 	69.5	69.5	68.0999984741211	68.0999984741211	72077	2019/12/13 
2019/12/16 	68.19999694824219	68.5999984741211	68.19999694824219	68.19999694824219	0	2019/12/16 
2019/12/17 	68.19999694824219	69.19999694824219	68.19999694824219	68.69999694824219	17075	2019/12/17 
2019/12/18 	68.5999984741211	69.19999694824219	68.5999984741211	69.0	37000	2019/12/18 
2019/12/19 	69.5	69.69999694824219	69.30000305175781	69.5	54197	2019/12/19 
2019/12/20 	69.80000305175781	69.80000305175781	69.19999694824219	69.19999694824219	23000	2019/12/20 
2019/12/23 	69.19999694824219	69.19999694824219	68.30000305175781	68.5	30144	2019/12/23 
2019/12/24 	68.30000305175781	68.5	68.0999984741211	68.4000015258789	46040	2019/12/24 
2019/12/25 	68.5999984741211	68.5999984741211	68.19999694824219	68.4000015258789	40160	2019/12/25 
2019/12/26 	68.4000015258789	68.5	68.30000305175781	68.5	22000	2019/12/26 
2019/12/27 	68.30000305175781	68.69999694824219	68.19999694824219	68.4000015258789	39200	2019/12/27 
2019/12/30 	68.5	68.9000015258789	68.4000015258789	68.80000305175781	48035	2019/12/30 
2019/12/31 	68.80000305175781	68.80000305175781	68.5	68.5	60035	2019/12/31 
2020/01/02 	68.5	69.69999694824219	68.5	69.5999984741211	59550	2020/01/02 
2020/01/03 	70.0	70.0	69.0	69.30000305175781	35202	2020/01/03 
2020/01/06 	70.0	71.30000305175781	70.0	70.30000305175781	176070	2020/01/06 
2020/01/07 	70.30000305175781	70.30000305175781	69.0999984741211	69.80000305175781	54074	2020/01/07 
2020/01/08 	69.80000305175781	69.80000305175781	69.0999984741211	69.5	29050	2020/01/08 
2020/01/09 	70.5999984741211	70.5999984741211	69.5	69.5	31000	2020/01/09 
2020/01/10 	69.9000015258789	69.9000015258789	69.30000305175781	69.30000305175781	26000	2020/01/10 
2020/01/13 	69.9000015258789	70.19999694824219	69.30000305175781	70.0999984741211	47000	2020/01/13 
2020/01/14 	70.0	71.5999984741211	70.0	71.5	133094	2020/01/14 
2020/01/15 	71.0999984741211	71.9000015258789	71.0	71.80000305175781	67450	2020/01/15 
2020/01/16 	71.5	72.5999984741211	71.4000015258789	72.5999984741211	96000	2020/01/16 
2020/01/17 	72.5999984741211	73.30000305175781	72.19999694824219	72.80000305175781	108100	2020/01/17 
2020/01/20 	72.80000305175781	72.80000305175781	72.0999984741211	72.19999694824219	58135	2020/01/20 
2020/01/30 	67.0	67.19999694824219	66.0	66.80000305175781	155079	2020/01/30 
2020/01/31 	66.80000305175781	68.0	66.19999694824219	67.80000305175781	86000	2020/01/31 
2020/02/03 	66.0	67.30000305175781	65.5	66.0999984741211	49049	2020/02/03 
2020/02/04 	68.19999694824219	68.19999694824219	66.80000305175781	66.80000305175781	59700	2020/02/04 
2020/02/05 	66.4000015258789	66.4000015258789	64.0999984741211	65.0	198370	2020/02/05 
2020/02/06 	65.5	65.5	65.0	65.0999984741211	49000	2020/02/06 
2020/02/07 	65.0999984741211	65.19999694824219	64.80000305175781	64.80000305175781	94000	2020/02/07 
2020/02/10 	63.599998474121094	64.0	63.0	63.5	181000	2020/02/10 
2020/02/11 	64.5	65.30000305175781	64.4000015258789	65.0	44000	2020/02/11 
2020/02/12 	65.0999984741211	66.5999984741211	65.0999984741211	66.0	66100	2020/02/12 
2020/02/13 	66.0	67.0	65.80000305175781	66.19999694824219	38365	2020/02/13 
2020/02/14 	66.5	67.30000305175781	66.19999694824219	67.30000305175781	37180	2020/02/14 
2020/02/17 	67.30000305175781	67.30000305175781	66.4000015258789	66.4000015258789	11000	2020/02/17 
2020/02/18 	66.4000015258789	66.5999984741211	66.19999694824219	66.5999984741211	18000	2020/02/18 
2020/02/19 	65.5999984741211	67.0	65.5999984741211	67.0	30000	2020/02/19 
2020/02/20 	67.30000305175781	67.30000305175781	66.5	66.5999984741211	4011	2020/02/20 
2020/02/21 	66.0	66.9000015258789	66.0	66.80000305175781	16000	2020/02/21 
2020/02/24 	66.69999694824219	66.69999694824219	65.5	65.5	19000	2020/02/24 
2020/02/25 	65.0	66.19999694824219	64.80000305175781	66.19999694824219	18300	2020/02/25 
2020/02/26 	65.0	66.5	65.0	66.4000015258789	19350	2020/02/26 
2020/02/27 	66.5	66.5	65.0	65.80000305175781	33142	2020/02/27 
2020/03/02 	64.80000305175781	65.5	64.69999694824219	65.0999984741211	37101	2020/03/02 
2020/03/03 	65.0999984741211	66.0	65.0999984741211	65.30000305175781	15000	2020/03/03 
2020/03/04 	66.0	66.0	65.0999984741211	65.0999984741211	25100	2020/03/04 
2020/03/05 	64.0	65.0	64.0	64.19999694824219	181000	2020/03/05 
2020/03/06 	64.5	64.5	63.5	63.599998474121094	71100	2020/03/06 
2020/03/09 	63.599998474121094	63.599998474121094	60.099998474121094	60.70000076293945	153000	2020/03/09 
2020/03/10 	60.0	61.0	60.0	60.79999923706055	116214	2020/03/10 
2020/03/11 	61.70000076293945	62.20000076293945	61.70000076293945	61.900001525878906	38001	2020/03/11 
2020/03/12 	60.29999923706055	60.900001525878906	59.0	59.20000076293945	101200	2020/03/12 
2020/03/13 	57.5	57.5	53.29999923706055	56.79999923706055	202208	2020/03/13 
2020/03/16 	58.5	58.5	53.79999923706055	54.20000076293945	53146	2020/03/16 
2020/03/17 	49.29999923706055	51.79999923706055	49.29999923706055	51.0	81000	2020/03/17 
2020/03/18 	51.0	51.900001525878906	50.400001525878906	51.099998474121094	67500	2020/03/18 
2020/03/19 	50.0	50.0	46.5	47.0	79104	2020/03/19 
2020/03/20 	51.599998474121094	51.70000076293945	50.900001525878906	51.70000076293945	103050	2020/03/20 
2020/03/23 	50.5	51.099998474121094	50.0	50.0	44000	2020/03/23 
2020/03/24 	51.5	53.5	51.5	53.0	27798	2020/03/24 
2020/03/25 	55.5	56.5	55.400001525878906	56.0	48294	2020/03/25 
2020/03/26 	56.0	56.0	55.0	56.0	19080	2020/03/26 
2020/03/27 	56.20000076293945	56.900001525878906	56.0	56.900001525878906	44050	2020/03/27 
2020/03/30 	56.5	57.400001525878906	56.5	57.400001525878906	31074	2020/03/30 
2020/03/31 	58.5	60.70000076293945	58.5	60.0	65975	2020/03/31 
2020/04/01 	58.79999923706055	61.20000076293945	58.79999923706055	61.20000076293945	51095	2020/04/01 
2020/04/06 	61.20000076293945	61.5	60.5	61.20000076293945	31800	2020/04/06 
2020/04/07 	61.29999923706055	61.29999923706055	60.29999923706055	61.099998474121094	44031	2020/04/07 
2020/04/08 	60.5	61.0	60.20000076293945	61.0	31100	2020/04/08 
2020/04/09 	61.0	61.79999923706055	61.0	61.099998474121094	10150	2020/04/09 
2020/04/10 	61.099998474121094	61.5	61.099998474121094	61.5	8100	2020/04/10 
2020/04/13 	61.5	61.5	60.5	61.5	20301	2020/04/13 
2020/04/14 	61.0	61.599998474121094	60.79999923706055	61.599998474121094	47100	2020/04/14 
2020/04/15 	61.599998474121094	64.69999694824219	61.599998474121094	64.4000015258789	46264	2020/04/15 
2020/04/16 	64.4000015258789	65.80000305175781	64.0	65.5999984741211	39165	2020/04/16 
2020/04/17 	64.19999694824219	65.9000015258789	64.19999694824219	65.80000305175781	41064	2020/04/17 
2020/04/20 	65.0999984741211	65.80000305175781	64.69999694824219	65.80000305175781	26090	2020/04/20 
2020/04/21 	64.5	65.4000015258789	63.20000076293945	65.4000015258789	29105	2020/04/21 
2020/04/22 	65.19999694824219	65.4000015258789	65.0999984741211	65.4000015258789	9100	2020/04/22 
2020/04/23 	65.4000015258789	65.4000015258789	64.69999694824219	65.4000015258789	10005	2020/04/23 
2020/04/24 	64.80000305175781	65.5	64.19999694824219	65.5	34000	2020/04/24 
2020/04/27 	65.5	65.9000015258789	65.4000015258789	65.9000015258789	18007	2020/04/27 
2020/04/28 	65.9000015258789	66.5	65.9000015258789	66.30000305175781	15010	2020/04/28 
2020/04/29 	66.5	66.5999984741211	66.30000305175781	66.5999984741211	17000	2020/04/29 
2020/04/30 	67.0999984741211	67.0999984741211	65.5	66.5	28110	2020/04/30 
2020/05/04 	65.5	66.30000305175781	65.5	65.80000305175781	10000	2020/05/04 
2020/05/05 	68.0	68.0	66.0	66.5	17013	2020/05/05 
2020/05/06 	66.5	67.4000015258789	66.5	66.69999694824219	30094	2020/05/06 
2020/05/07 	67.0	67.4000015258789	66.80000305175781	67.30000305175781	35000	2020/05/07 
2020/05/08 	67.9000015258789	68.0	67.30000305175781	67.9000015258789	54000	2020/05/08 
2020/05/11 	68.0	68.0999984741211	67.9000015258789	68.0999984741211	27126	2020/05/11 
2020/05/12 	67.0	68.0999984741211	67.0	68.0999984741211	47258	2020/05/12 
2020/05/13 	67.80000305175781	68.19999694824219	67.5	68.19999694824219	75000	2020/05/13 
2020/05/14 	67.9000015258789	68.0	66.9000015258789	67.0999984741211	61070	2020/05/14 
2020/05/15 	68.0	68.0	67.30000305175781	67.4000015258789	33090	2020/05/15 
2020/05/18 	67.5999984741211	67.80000305175781	67.4000015258789	67.80000305175781	73100	2020/05/18 
2020/05/19 	68.0999984741211	68.19999694824219	67.80000305175781	67.80000305175781	18100	2020/05/19 
2020/05/20 	67.5	67.80000305175781	67.19999694824219	67.19999694824219	25250	2020/05/20 
2020/05/21 	67.30000305175781	67.30000305175781	67.0	67.0	16450	2020/05/21 
2020/05/22 	67.0999984741211	67.19999694824219	65.9000015258789	66.0999984741211	30550	2020/05/22 
2020/05/25 	66.0999984741211	66.5999984741211	66.0999984741211	66.5	14000	2020/05/25 
2020/05/26 	66.80000305175781	66.9000015258789	66.5	66.5999984741211	20000	2020/05/26 
2020/05/27 	66.4000015258789	68.0	66.4000015258789	68.0	72993	2020/05/27 
2020/05/28 	67.80000305175781	68.30000305175781	67.80000305175781	68.0999984741211	25014	2020/05/28 
2020/05/29 	68.0	68.0	67.0	67.0	12770	2020/05/29 
2020/06/01 	67.0	67.0	67.0	67.0	17200	2020/06/01 
2020/06/02 	67.30000305175781	67.30000305175781	67.0	67.19999694824219	18050	2020/06/02 
2020/06/03 	67.19999694824219	67.30000305175781	67.19999694824219	67.30000305175781	6500	2020/06/03 
2020/06/04 	67.5999984741211	67.5999984741211	67.0	67.0999984741211	14114	2020/06/04 
2020/06/05 	67.0	67.30000305175781	66.30000305175781	66.30000305175781	26050	2020/06/05 
2020/06/08 	66.5999984741211	67.5999984741211	66.5999984741211	67.0	25000	2020/06/08 
2020/06/09 	66.80000305175781	67.5	66.5	67.4000015258789	15000	2020/06/09 
2020/06/10 	67.4000015258789	67.4000015258789	66.5	66.80000305175781	9050	2020/06/10 
2020/06/11 	67.0	67.0	66.0999984741211	66.0999984741211	21050	2020/06/11 
2020/06/12 	66.0	66.0	65.4000015258789	66.0	10000	2020/06/12 
2020/06/15 	65.9000015258789	66.0	65.80000305175781	66.0	6000	2020/06/15 
2020/06/16 	67.0	67.0	66.9000015258789	66.9000015258789	3100	2020/06/16 
2020/06/17 	66.9000015258789	66.9000015258789	66.19999694824219	66.80000305175781	6206	2020/06/17 
2020/06/18 	66.69999694824219	66.69999694824219	66.4000015258789	66.4000015258789	7050	2020/06/18 
2020/06/19 	66.19999694824219	66.19999694824219	65.0	65.5	18012	2020/06/19 
2020/06/22 	65.0999984741211	66.0	65.0999984741211	66.0	19000	2020/06/22 
2020/06/23 	65.5	65.5	65.19999694824219	65.30000305175781	12012	2020/06/23 
2020/06/24 	65.5	65.69999694824219	65.4000015258789	65.69999694824219	4060	2020/06/24 
2020/06/29 	66.0	66.0	65.5	65.80000305175781	30000	2020/06/29 
2020/06/30 	66.30000305175781	67.9000015258789	66.30000305175781	67.5999984741211	17170	2020/06/30 
2020/07/01 	68.80000305175781	68.80000305175781	67.5	67.5	19064	2020/07/01 
2020/07/02 	66.5999984741211	68.19999694824219	66.5999984741211	67.5	17056	2020/07/02 
2020/07/03 	68.0	68.0	67.4000015258789	67.4000015258789	13068	2020/07/03 
2020/07/06 	67.69999694824219	68.5	67.69999694824219	68.4000015258789	38246	2020/07/06 
2020/07/07 	68.4000015258789	68.5	68.0999984741211	68.19999694824219	34100	2020/07/07 
2020/07/08 	68.4000015258789	69.0999984741211	68.30000305175781	68.80000305175781	44060	2020/07/08 
2020/07/09 	68.5999984741211	68.5999984741211	68.0999984741211	68.30000305175781	21094	2020/07/09 
2020/07/10 	68.30000305175781	69.19999694824219	68.30000305175781	69.19999694824219	40153	2020/07/10 
2020/07/13 	64.19999694824219	65.0999984741211	64.19999694824219	64.30000305175781	26039	2020/07/13 
2020/07/14 	64.30000305175781	64.30000305175781	64.19999694824219	64.19999694824219	9200	2020/07/14 
2020/07/15 	64.19999694824219	64.19999694824219	63.5	63.599998474121094	36000	2020/07/15 
2020/07/16 	63.5	63.5	62.900001525878906	63.0	15000	2020/07/16 
2020/07/17 	62.79999923706055	62.79999923706055	62.400001525878906	62.400001525878906	13000	2020/07/17 
2020/07/20 	62.400001525878906	62.400001525878906	62.0	62.0	4000	2020/07/20 
2020/07/21 	63.0	63.0	62.20000076293945	62.29999923706055	3000	2020/07/21 
2020/07/22 	62.29999923706055	62.29999923706055	62.29999923706055	62.29999923706055	5030	2020/07/22 
2020/07/23 	62.5	62.599998474121094	62.5	62.599998474121094	4080	2020/07/23 
2020/07/24 	62.29999923706055	62.29999923706055	62.0	62.0	9050	2020/07/24 
2020/07/27 	61.70000076293945	61.79999923706055	61.0	61.0	12000	2020/07/27 
2020/07/28 	59.099998474121094	59.099998474121094	58.5	58.79999923706055	16150	2020/07/28 
2020/07/29 	58.79999923706055	59.5	58.79999923706055	59.5	6300	2020/07/29 
2020/07/30 	59.5	60.0	59.20000076293945	59.900001525878906	6100	2020/07/30 
2020/07/31 	59.900001525878906	59.900001525878906	59.900001525878906	59.900001525878906	5053	2020/07/31 
2020/08/03 	58.70000076293945	58.79999923706055	58.70000076293945	58.79999923706055	4000	2020/08/03 
2020/08/04 	59.0	59.0	58.70000076293945	58.70000076293945	19145	2020/08/04 
2020/08/05 	59.599998474121094	60.0	58.79999923706055	58.79999923706055	10100	2020/08/05 
2020/08/06 	59.400001525878906	59.400001525878906	58.79999923706055	58.900001525878906	6000	2020/08/06 
2020/08/07 	58.400001525878906	58.400001525878906	58.0	58.0	27400	2020/08/07 
2020/08/10 	58.0	59.29999923706055	57.599998474121094	58.0	28010	2020/08/10 
2020/08/11 	59.099998474121094	59.599998474121094	59.0	59.0	4000	2020/08/11 
2020/08/12 	59.900001525878906	60.79999923706055	59.900001525878906	60.79999923706055	12097	2020/08/12 
2020/08/13 	62.0	62.0	59.0	61.900001525878906	25100	2020/08/13 
2020/08/14 	61.900001525878906	61.900001525878906	60.900001525878906	60.900001525878906	6000	2020/08/14 
2020/08/17 	60.900001525878906	61.29999923706055	60.900001525878906	61.29999923706055	5010	2020/08/17 
2020/08/18 	62.0	62.0	61.29999923706055	61.400001525878906	5080	2020/08/18 
2020/08/19 	61.79999923706055	61.79999923706055	61.0	61.599998474121094	6100	2020/08/19 
2020/08/20 	61.70000076293945	61.70000076293945	59.0	59.70000076293945	17101	2020/08/20 
2020/08/21 	60.0	61.20000076293945	60.0	60.79999923706055	9010	2020/08/21 
2020/08/24 	60.900001525878906	61.0	59.70000076293945	61.0	11000	2020/08/24 
2020/08/25 	61.5	63.0	61.0	62.29999923706055	18000	2020/08/25 
2020/08/26 	62.29999923706055	62.29999923706055	61.0	62.0	18000	2020/08/26 
2020/08/27 	62.0	62.0	61.5	62.0	8000	2020/08/27 
2020/08/28 	61.599998474121094	62.0	61.599998474121094	62.0	8000	2020/08/28 
2020/08/31 	62.0	62.79999923706055	62.0	62.599998474121094	8095	2020/08/31 
2020/09/01 	62.70000076293945	63.79999923706055	62.70000076293945	63.29999923706055	28000	2020/09/01 
2020/09/02 	63.70000076293945	63.79999923706055	63.70000076293945	63.79999923706055	6130	2020/09/02 
2020/09/03 	63.79999923706055	64.30000305175781	63.79999923706055	63.900001525878906	7000	2020/09/03 
2020/09/04 	63.099998474121094	63.29999923706055	63.0	63.29999923706055	34000	2020/09/04 
2020/09/07 	63.099998474121094	63.29999923706055	63.0	63.099998474121094	9600	2020/09/07 
2020/09/08 	63.5	63.5	63.0	63.0	5193	2020/09/08 
2020/09/09 	62.599998474121094	62.79999923706055	62.599998474121094	62.79999923706055	2281	2020/09/09 
2020/09/10 	63.70000076293945	63.70000076293945	63.70000076293945	63.70000076293945	1000	2020/09/10 
2020/09/11 	63.70000076293945	63.70000076293945	62.099998474121094	63.5	6054	2020/09/11 
2020/09/14 	63.5	63.5	63.099998474121094	63.099998474121094	2026	2020/09/14 
2020/09/15 	62.70000076293945	63.0	62.599998474121094	63.0	7000	2020/09/15 
2020/09/16 	63.0	63.400001525878906	62.900001525878906	63.400001525878906	11000	2020/09/16 
2020/09/17 	62.599998474121094	63.5	62.599998474121094	63.400001525878906	12000	2020/09/17 
2020/09/18 	63.5	63.5	63.400001525878906	63.400001525878906	3000	2020/09/18 
2020/09/21 	63.79999923706055	64.19999694824219	63.0	63.900001525878906	23250	2020/09/21 
2020/09/22 	63.79999923706055	63.79999923706055	63.79999923706055	63.79999923706055	1000	2020/09/22 
2020/09/23 	63.599998474121094	63.79999923706055	63.599998474121094	63.79999923706055	11007	2020/09/23 
2020/09/24 	62.599998474121094	63.0	62.5	62.599998474121094	19000	2020/09/24 
2020/09/25 	62.599998474121094	62.79999923706055	62.099998474121094	62.099998474121094	23200	2020/09/25 
2020/09/28 	62.400001525878906	62.5	62.099998474121094	62.099998474121094	10000	2020/09/28 
2020/09/29 	62.099998474121094	63.900001525878906	62.0	63.900001525878906	22000	2020/09/29 
2020/09/30 	63.79999923706055	63.900001525878906	63.099998474121094	63.400001525878906	12000	2020/09/30 
2020/10/05 	62.5	62.5	62.5	62.5	2014	2020/10/05 
2020/10/06 	64.0	64.0	62.79999923706055	63.099998474121094	58000	2020/10/06 
2020/10/07 	63.5	63.5	62.79999923706055	63.0	7000	2020/10/07 
2020/10/08 	64.5	64.5	63.29999923706055	63.5	14000	2020/10/08 
2020/10/12 	63.5	63.5	63.5	63.5	4000	2020/10/12 
2020/10/13 	63.400001525878906	63.400001525878906	63.29999923706055	63.29999923706055	2000	2020/10/13 
2020/10/14 	62.599998474121094	63.20000076293945	62.5	63.0	15000	2020/10/14 
2020/10/15 	63.0	63.29999923706055	62.900001525878906	63.099998474121094	18141	2020/10/15 
2020/10/16 	63.0	63.099998474121094	63.0	63.099998474121094	28000	2020/10/16 
2020/10/19 	63.099998474121094	63.5	63.0	63.099998474121094	17000	2020/10/19 
2020/10/20 	63.0	63.099998474121094	63.0	63.099998474121094	24000	2020/10/20 
2020/10/21 	63.099998474121094	63.099998474121094	63.0	63.0	12000	2020/10/21 
2020/10/22 	63.0	63.0	63.0	63.0	7500	2020/10/22 
2020/10/23 	64.0	64.0	63.0	63.0	7295	2020/10/23 
2020/10/26 	63.0	63.70000076293945	63.0	63.70000076293945	14252	2020/10/26 
2020/10/27 	63.599998474121094	63.599998474121094	63.599998474121094	63.599998474121094	1500	2020/10/27 
2020/10/28 	63.599998474121094	63.599998474121094	62.599998474121094	62.79999923706055	3100	2020/10/28 
2020/10/29 	62.5	62.5	62.5	62.5	5000	2020/10/29 
2020/10/30 	62.70000076293945	62.70000076293945	62.599998474121094	62.599998474121094	13000	2020/10/30 
2020/11/02 	62.0	62.20000076293945	61.900001525878906	62.099998474121094	7001	2020/11/02 
2020/11/03 	62.20000076293945	63.20000076293945	62.20000076293945	63.20000076293945	13015	2020/11/03 
2020/11/04 	63.5	63.5	63.5	63.5	1000	2020/11/04 
2020/11/05 	63.5	63.5	63.400001525878906	63.5	6000	2020/11/05 
2020/11/06 	64.80000305175781	64.80000305175781	63.0	63.79999923706055	18005	2020/11/06 
2020/11/09 	64.69999694824219	64.69999694824219	64.0	64.5	16054	2020/11/09 
2020/11/10 	63.79999923706055	63.79999923706055	63.400001525878906	63.5	7496	2020/11/10 
2020/11/11 	63.5	63.79999923706055	63.5	63.5	35000	2020/11/11 
2020/11/12 	63.5	63.5	63.0	63.0	12002	2020/11/12 
2020/11/13 	63.099998474121094	63.5	63.0	63.5	10000	2020/11/13 
2020/11/16 	63.5	63.79999923706055	63.5	63.599998474121094	26000	2020/11/16 
2020/11/17 	63.599998474121094	63.599998474121094	63.099998474121094	63.29999923706055	12100	2020/11/17 
2020/11/18 	63.20000076293945	63.400001525878906	63.20000076293945	63.400001525878906	7000	2020/11/18 
2020/11/19 	63.900001525878906	68.0	63.900001525878906	67.69999694824219	113258	2020/11/19 
2020/11/20 	68.5	68.5	66.5	66.5	118100	2020/11/20 
2020/11/23 	66.69999694824219	66.9000015258789	65.30000305175781	65.4000015258789	37100	2020/11/23 
2020/11/24 	66.5	66.5	65.80000305175781	65.80000305175781	11068	2020/11/24 
2020/11/25 	66.5999984741211	67.0999984741211	66.30000305175781	66.5	21000	2020/11/25 
2020/11/26 	66.5999984741211	67.19999694824219	66.5999984741211	67.19999694824219	38076	2020/11/26 
2020/11/27 	67.19999694824219	67.19999694824219	66.5	66.5999984741211	15000	2020/11/27 
2020/11/30 	67.0	67.0	66.5999984741211	66.69999694824219	12074	2020/11/30 
2020/12/01 	66.5999984741211	66.69999694824219	66.4000015258789	66.5999984741211	12000	2020/12/01 
2020/12/02 	66.5999984741211	66.5999984741211	66.4000015258789	66.5999984741211	16014	2020/12/02 
2020/12/03 	66.5999984741211	66.5999984741211	66.19999694824219	66.19999694824219	8000	2020/12/03 
2020/12/04 	66.5999984741211	66.5999984741211	65.69999694824219	65.80000305175781	19000	2020/12/04 
2020/12/07 	65.80000305175781	66.5999984741211	65.69999694824219	66.0999984741211	73234	2020/12/07 
2020/12/08 	65.4000015258789	66.0999984741211	65.4000015258789	66.0999984741211	3000	2020/12/08 
2020/12/09 	66.30000305175781	66.30000305175781	65.5	65.5999984741211	25076	2020/12/09 
2020/12/10 	65.4000015258789	65.5999984741211	65.30000305175781	65.30000305175781	10200	2020/12/10 
2020/12/11 	64.5	65.0	64.5	64.69999694824219	16124	2020/12/11 
2020/12/14 	64.0	64.69999694824219	64.0	64.69999694824219	5251	2020/12/14 
2020/12/15 	64.5999984741211	64.5999984741211	64.0999984741211	64.30000305175781	6052	2020/12/15 
2020/12/16 	64.0999984741211	64.0999984741211	63.79999923706055	63.900001525878906	38120	2020/12/16 
2020/12/17 	63.70000076293945	63.900001525878906	63.20000076293945	63.5	20000	2020/12/17 
2020/12/18 	64.0	64.0	63.70000076293945	63.70000076293945	2000	2020/12/18 
2020/12/21 	64.0	64.0	62.900001525878906	63.20000076293945	45000	2020/12/21 
2020/12/22 	63.0	63.70000076293945	63.0	63.29999923706055	5000	2020/12/22 
2020/12/23 	63.29999923706055	63.599998474121094	63.29999923706055	63.29999923706055	3020	2020/12/23 
2020/12/24 	63.29999923706055	63.599998474121094	63.0	63.599998474121094	10000	2020/12/24 
2020/12/25 	63.29999923706055	63.29999923706055	62.900001525878906	62.900001525878906	12030	2020/12/25 
2020/12/28 	63.0	63.5	63.0	63.5	20078	2020/12/28 
2020/12/29 	63.400001525878906	63.599998474121094	63.29999923706055	63.599998474121094	10050	2020/12/29 
2020/12/30 	63.599998474121094	63.79999923706055	63.5	63.70000076293945	13050	2020/12/30 
2020/12/31 	64.80000305175781	64.80000305175781	64.0	64.0999984741211	37015	2020/12/31 
2021/01/04 	65.0	66.0	65.0	65.5	61000	2021/01/04 
2021/01/05 	65.5999984741211	66.0	65.0	66.0	45000	2021/01/05 
2021/01/06 	66.9000015258789	67.9000015258789	66.19999694824219	66.30000305175781	163000	2021/01/06 
2021/01/07 	66.80000305175781	66.80000305175781	66.30000305175781	66.5	20300	2021/01/07 
2021/01/08 	66.19999694824219	67.19999694824219	66.19999694824219	66.69999694824219	20000	2021/01/08 
2021/01/11 	66.80000305175781	66.80000305175781	64.9000015258789	65.5	76000	2021/01/11 
2021/01/12 	66.5	66.5	65.5	65.5999984741211	28050	2021/01/12 
2021/01/13 	65.5999984741211	66.4000015258789	65.5	65.80000305175781	20000	2021/01/13 
2021/01/14 	65.5999984741211	66.80000305175781	65.5999984741211	66.5	48050	2021/01/14 
2021/01/15 	66.0999984741211	66.19999694824219	65.0	65.0999984741211	32000	2021/01/15 
2021/01/18 	64.80000305175781	64.80000305175781	64.5999984741211	64.69999694824219	4000	2021/01/18 
2021/01/19 	64.69999694824219	65.0999984741211	64.69999694824219	65.0999984741211	4100	2021/01/19 
2021/01/20 	64.69999694824219	64.69999694824219	63.29999923706055	63.29999923706055	13100	2021/01/20 
2021/01/21 	64.5	64.5	64.5	64.5	6000	2021/01/21 
2021/01/22 	64.19999694824219	64.5999984741211	64.0999984741211	64.5999984741211	19000	2021/01/22 
2021/01/25 	64.69999694824219	64.69999694824219	64.0999984741211	64.5999984741211	3030	2021/01/25 
2021/01/26 	64.4000015258789	64.4000015258789	64.4000015258789	64.4000015258789	1062	2021/01/26 
2021/01/27 	64.4000015258789	64.69999694824219	64.19999694824219	64.69999694824219	3000	2021/01/27 
2021/01/28 	64.0	64.0	63.70000076293945	63.70000076293945	8200	2021/01/28 
2021/01/29 	63.70000076293945	63.70000076293945	63.0	63.0	14278	2021/01/29 
2021/02/01 	63.5	63.599998474121094	63.5	63.5	10015	2021/02/01 
2021/02/02 	64.0999984741211	64.0999984741211	64.0999984741211	64.0999984741211	2000	2021/02/02 
2021/02/03 	63.900001525878906	64.0	63.79999923706055	63.79999923706055	14068	2021/02/03 
2021/02/04 	64.0	64.0	63.70000076293945	63.70000076293945	3132	2021/02/04 
2021/02/05 	64.69999694824219	64.69999694824219	63.599998474121094	63.599998474121094	21032	2021/02/05 
2021/02/17 	63.599998474121094	65.5	63.599998474121094	65.30000305175781	72000	2021/02/17 
2021/02/18 	65.30000305175781	65.30000305175781	65.0	65.0	14000	2021/02/18 
2021/02/19 	64.80000305175781	65.0	64.80000305175781	64.9000015258789	6000	2021/02/19 
2021/02/22 	65.0	65.4000015258789	65.0	65.30000305175781	20000	2021/02/22 
2021/02/23 	65.0	65.0	64.4000015258789	65.0	33039	2021/02/23 
2021/02/24 	65.0	65.4000015258789	64.69999694824219	64.69999694824219	48000	2021/02/24 
2021/02/25 	65.30000305175781	66.0	65.0999984741211	65.4000015258789	55100	2021/02/25 
2021/02/26 	65.5999984741211	65.5999984741211	65.0999984741211	65.30000305175781	8000	2021/02/26 
2021/03/02 	65.9000015258789	66.4000015258789	65.19999694824219	65.19999694824219	23000	2021/03/02 
2021/03/03 	65.0999984741211	65.5	65.0	65.19999694824219	10000	2021/03/03 
2021/03/04 	65.69999694824219	65.80000305175781	65.19999694824219	65.69999694824219	40100	2021/03/04 
2021/03/05 	65.4000015258789	65.5999984741211	65.19999694824219	65.5999984741211	48100	2021/03/05 
2021/03/08 	66.0	66.0	65.19999694824219	65.19999694824219	25100	2021/03/08 
2021/03/09 	65.19999694824219	65.5	65.0	65.30000305175781	21240	2021/03/09 
2021/03/10 	65.9000015258789	65.9000015258789	65.0	65.0	43000	2021/03/10 
2021/03/11 	65.5999984741211	66.0	65.0999984741211	66.0	31000	2021/03/11 
2021/03/12 	66.0	66.0	65.30000305175781	65.30000305175781	17021	2021/03/12 
2021/03/15 	65.30000305175781	65.5999984741211	65.30000305175781	65.4000015258789	40016	2021/03/15 
2021/03/16 	65.9000015258789	66.4000015258789	65.9000015258789	65.9000015258789	20000	2021/03/16 
2021/03/17 	65.9000015258789	66.4000015258789	65.5999984741211	65.5999984741211	29000	2021/03/17 
2021/03/18 	65.80000305175781	66.30000305175781	65.69999694824219	66.0	10020	2021/03/18 
2021/03/19 	65.5999984741211	65.5999984741211	64.80000305175781	65.19999694824219	85000	2021/03/19 
2021/03/22 	71.4000015258789	71.69999694824219	71.4000015258789	71.69999694824219	305964	2021/03/22 
2021/03/23 	71.69999694824219	72.0	69.0999984741211	69.19999694824219	214020	2021/03/23 
2021/03/24 	68.5999984741211	69.19999694824219	68.5999984741211	68.80000305175781	42000	2021/03/24 
2021/03/25 	69.0	70.30000305175781	69.0	69.5999984741211	114050	2021/03/25 
2021/03/26 	70.0	70.0	69.5999984741211	69.80000305175781	34013	2021/03/26 
2021/03/29 	69.9000015258789	70.5	69.80000305175781	70.0	72230	2021/03/29 
2021/03/30 	70.0999984741211	70.0999984741211	69.80000305175781	70.0	26300	2021/03/30 
2021/03/31 	70.0	70.0	69.5999984741211	69.80000305175781	49000	2021/03/31 
2021/04/01 	69.69999694824219	71.4000015258789	69.5	71.4000015258789	161000	2021/04/01 
2021/04/07 	78.5	79.19999694824219	75.0	75.0999984741211	162008	2021/04/07 
2021/04/08 	75.80000305175781	76.5	75.0	75.5	83001	2021/04/08 
2021/04/09 	76.4000015258789	76.4000015258789	74.5999984741211	74.5999984741211	79000	2021/04/09 
2021/04/12 	74.80000305175781	75.0	74.0	74.5	62300	2021/04/12 
2021/04/13 	75.69999694824219	78.4000015258789	75.30000305175781	75.30000305175781	160014	2021/04/13 
2021/04/14 	75.80000305175781	79.19999694824219	75.5	75.80000305175781	434000	2021/04/14 
2021/04/15 	76.0	77.5	75.0	75.0	134160	2021/04/15 
2021/04/16 	75.0	75.0999984741211	74.19999694824219	74.19999694824219	85568	2021/04/16 
2021/04/19 	74.19999694824219	77.0	74.0	74.69999694824219	359200	2021/04/19 
2021/04/20 	74.5999984741211	74.69999694824219	73.0999984741211	73.19999694824219	154226	2021/04/20 
2021/04/21 	73.30000305175781	73.30000305175781	72.0999984741211	72.30000305175781	142500	2021/04/21 
2021/04/22 	72.4000015258789	72.80000305175781	70.9000015258789	70.9000015258789	125500	2021/04/22 
2021/04/23 	70.5	70.9000015258789	68.9000015258789	70.9000015258789	122150	2021/04/23 
2021/04/26 	71.0	72.5999984741211	70.9000015258789	72.5999984741211	49000	2021/04/26 
2021/04/27 	74.19999694824219	76.0	73.19999694824219	73.5999984741211	296379	2021/04/27 
2021/04/28 	74.5	74.5	72.30000305175781	73.30000305175781	60100	2021/04/28 
2021/04/29 	73.5	73.5	72.69999694824219	73.0	38100	2021/04/29 
2021/05/03 	73.30000305175781	73.5	71.69999694824219	72.5	67000	2021/05/03 
2021/05/04 	72.5	73.0	70.9000015258789	71.5999984741211	84160	2021/05/04 
2021/05/05 	71.5999984741211	72.30000305175781	71.5999984741211	71.69999694824219	23000	2021/05/05 
2021/05/06 	71.0	72.80000305175781	71.0	71.9000015258789	35100	2021/05/06 
2021/05/07 	71.0	71.80000305175781	70.5	71.5	24100	2021/05/07 
2021/05/10 	70.4000015258789	71.5	70.4000015258789	71.30000305175781	50080	2021/05/10 
2021/05/11 	69.9000015258789	70.80000305175781	69.19999694824219	69.5	102010	2021/05/11 
2021/05/12 	70.0999984741211	70.4000015258789	66.0	67.0	130184	2021/05/12 
2021/05/13 	64.80000305175781	68.80000305175781	64.80000305175781	68.80000305175781	25462	2021/05/13 
2021/05/14 	68.4000015258789	68.9000015258789	67.19999694824219	67.19999694824219	26100	2021/05/14 
2021/05/17 	64.5999984741211	66.5	64.5	64.5	48700	2021/05/17 
2021/05/18 	64.9000015258789	67.0	64.80000305175781	67.0	10200	2021/05/18 
2021/05/19 	69.0	69.0	67.0	67.5999984741211	8060	2021/05/19 
2021/05/20 	67.5	68.5	66.9000015258789	67.0	31070	2021/05/20 
2021/05/21 	68.69999694824219	68.69999694824219	67.30000305175781	67.5999984741211	8000	2021/05/21 
2021/05/24 	67.5	67.5	66.5999984741211	67.30000305175781	30000	2021/05/24 
2021/05/25 	67.30000305175781	67.80000305175781	67.30000305175781	67.5999984741211	32000	2021/05/25 
2021/05/26 	68.0	68.0999984741211	67.69999694824219	68.0	27000	2021/05/26 
2021/05/27 	67.5	68.0999984741211	67.5	68.0999984741211	5000	2021/05/27 
2021/05/28 	68.0999984741211	68.4000015258789	68.0	68.4000015258789	16100	2021/05/28 
2021/05/31 	68.4000015258789	68.5999984741211	68.0	68.0999984741211	27000	2021/05/31 
2021/06/01 	68.0999984741211	68.4000015258789	67.80000305175781	68.0999984741211	19000	2021/06/01 
2021/06/02 	68.0	68.19999694824219	67.69999694824219	68.19999694824219	44000	2021/06/02 
2021/06/03 	67.80000305175781	68.0999984741211	67.80000305175781	67.9000015258789	11090	2021/06/03 
2021/06/04 	67.5999984741211	68.5999984741211	67.4000015258789	68.5	73000	2021/06/04 
2021/06/07 	67.80000305175781	68.0999984741211	67.5999984741211	68.0999984741211	19000	2021/06/07 
2021/06/08 	67.5	68.0	67.5	68.0	20000	2021/06/08 
2021/06/09 	67.5999984741211	67.5999984741211	67.19999694824219	67.19999694824219	19300	2021/06/09 
2021/06/10 	67.19999694824219	67.5	66.9000015258789	67.5	22200	2021/06/10 
2021/06/11 	67.5	67.5	67.4000015258789	67.4000015258789	5000	2021/06/11 
2021/06/15 	67.19999694824219	67.4000015258789	67.19999694824219	67.30000305175781	28000	2021/06/15 
2021/06/16 	67.30000305175781	67.5	67.30000305175781	67.5	8009	2021/06/16 
2021/06/17 	67.4000015258789	67.9000015258789	67.4000015258789	67.9000015258789	8054	2021/06/17 
2021/06/18 	68.0	68.9000015258789	68.0	68.30000305175781	34001	2021/06/18 
2021/06/21 	68.30000305175781	68.30000305175781	67.80000305175781	67.80000305175781	10031	2021/06/21 
2021/06/22 	67.80000305175781	68.19999694824219	67.80000305175781	68.0	12100	2021/06/22 
2021/06/23 	68.0999984741211	68.0999984741211	68.0	68.0	8000	2021/06/23 
2021/06/24 	68.0999984741211	68.5999984741211	68.0999984741211	68.5999984741211	10265	2021/06/24 
2021/06/25 	68.69999694824219	69.19999694824219	68.69999694824219	68.80000305175781	16060	2021/06/25 
2021/06/28 	68.80000305175781	68.9000015258789	68.4000015258789	68.4000015258789	9060	2021/06/28 
2021/06/29 	68.4000015258789	69.0	68.4000015258789	68.5	14000	2021/06/29 
2021/06/30 	68.4000015258789	69.0	68.4000015258789	69.0	7000	2021/06/30 
2021/07/01 	69.0	69.0	68.5	68.5999984741211	13000	2021/07/01 
2021/07/02 	68.5999984741211	68.80000305175781	68.5999984741211	68.69999694824219	7000	2021/07/02 
2021/07/05 	68.9000015258789	69.0	68.30000305175781	68.30000305175781	10000	2021/07/05 
2021/07/06 	68.19999694824219	68.19999694824219	68.0	68.19999694824219	30000	2021/07/06 
2021/07/07 	68.19999694824219	68.69999694824219	68.19999694824219	68.4000015258789	15000	2021/07/07 
2021/07/08 	68.0999984741211	68.0999984741211	67.4000015258789	67.5	41220	2021/07/08 
2021/07/09 	67.4000015258789	67.5	67.19999694824219	67.19999694824219	37000	2021/07/09 
2021/07/12 	67.30000305175781	67.9000015258789	67.19999694824219	67.80000305175781	8000	2021/07/12 
2021/07/13 	67.5999984741211	67.80000305175781	67.4000015258789	67.80000305175781	11000	2021/07/13 
2021/07/14 	67.5	67.5999984741211	67.5	67.5	8000	2021/07/14 
2021/07/15 	67.80000305175781	68.5	67.80000305175781	68.30000305175781	11005	2021/07/15 
2021/07/16 	68.19999694824219	68.5	67.9000015258789	67.9000015258789	3032	2021/07/16 
2021/07/19 	67.5999984741211	68.5	67.5999984741211	68.5	8000	2021/07/19 
2021/07/20 	67.5	68.0	67.5	67.80000305175781	6000	2021/07/20 
2021/07/21 	67.9000015258789	68.0	67.69999694824219	67.69999694824219	9000	2021/07/21 
2021/07/22 	67.80000305175781	67.80000305175781	67.80000305175781	67.80000305175781	6000	2021/07/22 
2021/07/23 	68.5	68.5	67.5999984741211	67.5999984741211	22050	2021/07/23 
2021/07/26 	67.69999694824219	68.4000015258789	67.69999694824219	68.0999984741211	16200	2021/07/26 
2021/07/27 	68.0999984741211	68.0999984741211	67.69999694824219	68.0	15100	2021/07/27 
2021/07/28 	68.0	68.0	67.80000305175781	67.80000305175781	2000	2021/07/28 
2021/07/29 	68.0	68.0	67.80000305175781	68.0	12000	2021/07/29 
2021/07/30 	68.0	68.5	68.0	68.0	4035	2021/07/30 
2021/08/02 	68.0	68.19999694824219	67.80000305175781	67.80000305175781	32000	2021/08/02 
2021/08/03 	68.19999694824219	68.80000305175781	68.19999694824219	68.80000305175781	27008	2021/08/03 
2021/08/04 	64.30000305175781	64.30000305175781	63.0	63.70000076293945	29077	2021/08/04 
2021/08/05 	63.599998474121094	63.70000076293945	63.5	63.5	19000	2021/08/05 
2021/08/06 	63.5	63.5	63.29999923706055	63.400001525878906	8000	2021/08/06 
2021/08/09 	63.0	63.0	63.0	63.0	7000	2021/08/09 
2021/08/10 	63.0	63.0	62.79999923706055	62.79999923706055	11037	2021/08/10 
2021/08/11 	63.0	63.79999923706055	63.0	63.099998474121094	12150	2021/08/11 
2021/08/12 	63.099998474121094	63.099998474121094	62.70000076293945	62.70000076293945	14000	2021/08/12 
2021/08/13 	63.0	63.0	62.5	62.5	16117	2021/08/13 
2021/08/16 	62.70000076293945	62.70000076293945	61.599998474121094	61.599998474121094	12000	2021/08/16 
2021/08/17 	61.599998474121094	61.599998474121094	61.20000076293945	61.20000076293945	18000	2021/08/17 
2021/08/18 	60.79999923706055	61.099998474121094	60.79999923706055	61.099998474121094	15100	2021/08/18 
2021/08/19 	60.900001525878906	60.900001525878906	60.5	60.5	11120	2021/08/19 
2021/08/20 	60.0	60.0	59.70000076293945	60.0	13151	2021/08/20 
2021/08/23 	60.5	60.900001525878906	60.0	60.900001525878906	12000	2021/08/23 
2021/08/24 	60.900001525878906	60.900001525878906	60.599998474121094	60.599998474121094	13000	2021/08/24 
2021/08/25 	60.599998474121094	60.599998474121094	60.400001525878906	60.400001525878906	5010	2021/08/25 
2021/08/26 	60.599998474121094	60.599998474121094	60.5	60.5	12000	2021/08/26 
2021/08/27 	60.29999923706055	60.400001525878906	60.20000076293945	60.400001525878906	17211	2021/08/27 
2021/08/30 	60.400001525878906	60.400001525878906	60.20000076293945	60.29999923706055	14515	2021/08/30 
2021/08/31 	59.628108978271484	59.72699737548828	59.331451416015625	59.331451416015625	28503	2021/08/31 
2021/09/01 	59.628108978271484	59.82588195800781	59.628108978271484	59.82588195800781	13146	2021/09/01 
2021/09/02 	59.82588195800781	59.82588195800781	59.72699737548828	59.82588195800781	19279	2021/09/02 
2021/09/03 	59.628108978271484	59.72699737548828	59.52922439575195	59.72699737548828	20427	2021/09/03 
2021/09/06 	59.72699737548828	59.72699737548828	59.331451416015625	59.331451416015625	16180	2021/09/06 
2021/09/07 	59.331451416015625	59.331451416015625	59.232566833496094	59.232566833496094	8090	2021/09/07 
2021/09/08 	59.232566833496094	59.331451416015625	59.232566833496094	59.331451416015625	10112	2021/09/08 
2021/09/09 	59.43033981323242	59.43033981323242	59.331451416015625	59.331451416015625	11123	2021/09/09 
2021/09/10 	59.13368225097656	59.331451416015625	58.935909271240234	59.331451416015625	33371	2021/09/10 
2021/09/13 	60.0	60.0	59.599998474121094	59.599998474121094	18150	2021/09/13 
2021/09/14 	59.599998474121094	59.599998474121094	59.5	59.5	10000	2021/09/14 
2021/09/15 	59.5	59.79999923706055	59.5	59.5	6000	2021/09/15 
2021/09/16 	59.70000076293945	60.099998474121094	59.599998474121094	60.099998474121094	8040	2021/09/16 
2021/09/17 	59.5	59.79999923706055	59.29999923706055	59.79999923706055	5000	2021/09/17 
2021/09/22 	59.0	59.0	58.70000076293945	59.0	8000	2021/09/22 
2021/09/23 	59.0	59.0	58.900001525878906	59.0	12039	2021/09/23 
2021/09/24 	58.79999923706055	58.900001525878906	58.79999923706055	58.900001525878906	24071	2021/09/24 
2021/09/27 	59.0	59.20000076293945	59.0	59.099998474121094	22214	2021/09/27 
2021/09/28 	59.099998474121094	59.099998474121094	58.900001525878906	59.099998474121094	17000	2021/09/28 
2021/09/29 	59.0	59.099998474121094	56.0	57.0	134109	2021/09/29 
2021/09/30 	57.099998474121094	57.099998474121094	56.79999923706055	56.79999923706055	11262	2021/09/30 
2021/10/01 	56.79999923706055	56.79999923706055	55.5	55.70000076293945	52058	2021/10/01 
2021/10/04 	56.0	56.099998474121094	55.0	56.099998474121094	25100	2021/10/04 
2021/10/05 	54.900001525878906	57.900001525878906	54.79999923706055	56.70000076293945	13000	2021/10/05 
2021/10/06 	58.20000076293945	58.400001525878906	57.0	57.099998474121094	36000	2021/10/06 
2021/10/07 	57.5	57.79999923706055	56.70000076293945	57.5	19000	2021/10/07 
2021/10/08 	55.79999923706055	56.0	55.099998474121094	55.79999923706055	159358	2021/10/08 
2021/10/12 	55.29999923706055	56.29999923706055	55.29999923706055	56.29999923706055	26511	2021/10/12 
2021/10/13 	56.29999923706055	56.29999923706055	55.5	55.70000076293945	26374	2021/10/13 
2021/10/14 	55.79999923706055	56.0	55.5	55.79999923706055	23000	2021/10/14 
2021/10/15 	55.900001525878906	56.099998474121094	55.79999923706055	56.0	13101	2021/10/15 
2021/10/18 	56.0	56.0	55.900001525878906	56.0	15024	2021/10/18 
2021/10/19 	56.099998474121094	56.29999923706055	56.099998474121094	56.20000076293945	18080	2021/10/19 
2021/10/20 	56.20000076293945	56.5	56.20000076293945	56.5	20031	2021/10/20 
2021/10/21 	56.5	56.5	56.29999923706055	56.29999923706055	8029	2021/10/21 
2021/10/22 	56.29999923706055	56.400001525878906	56.0	56.29999923706055	18060	2021/10/22 
2021/10/25 	56.29999923706055	56.5	56.29999923706055	56.5	6060	2021/10/25 
2021/10/26 	56.5	56.70000076293945	56.5	56.5	11040	2021/10/26 
2021/10/27 	56.5	56.5	56.0	56.5	11214	2021/10/27 
2021/10/28 	56.5	56.900001525878906	56.5	56.5	11000	2021/10/28 
2021/10/29 	56.5	56.5	56.099998474121094	56.099998474121094	7027	2021/10/29 
2021/11/01 	56.099998474121094	56.400001525878906	56.0	56.400001525878906	13429	2021/11/01 
2021/11/02 	56.20000076293945	56.400001525878906	56.20000076293945	56.400001525878906	7046	2021/11/02 
2021/11/03 	56.400001525878906	56.5	56.400001525878906	56.400001525878906	9044	2021/11/03 
2021/11/04 	56.400001525878906	56.79999923706055	56.20000076293945	56.79999923706055	6200	2021/11/04 
2021/11/05 	56.70000076293945	56.79999923706055	56.599998474121094	56.79999923706055	11200	2021/11/05 
2021/11/08 	56.0	57.0	55.0	56.79999923706055	36071	2021/11/08 
2021/11/09 	56.0	56.29999923706055	56.0	56.0	11000	2021/11/09 
2021/11/10 	57.0	57.0	56.70000076293945	56.79999923706055	7000	2021/11/10 
2021/11/11 	56.900001525878906	58.599998474121094	56.79999923706055	57.79999923706055	102000	2021/11/11 
2021/11/12 	58.5	59.0	58.29999923706055	59.0	51201	2021/11/12 
2021/11/15 	59.0	59.29999923706055	58.900001525878906	59.0	29060	2021/11/15 
2021/11/16 	59.0	59.5	59.0	59.0	15200	2021/11/16 
2021/11/17 	59.20000076293945	59.20000076293945	58.900001525878906	58.900001525878906	15345	2021/11/17 
2021/11/18 	59.0	59.0	58.79999923706055	58.79999923706055	10124	2021/11/18 
2021/11/19 	59.0	59.0	58.29999923706055	58.5	9003	2021/11/19 
2021/11/22 	59.0	59.20000076293945	59.0	59.0	20000	2021/11/22 
2021/11/23 	59.0	59.29999923706055	58.70000076293945	58.79999923706055	10000	2021/11/23 
2021/11/24 	59.0	59.099998474121094	59.0	59.099998474121094	20000	2021/11/24 
2021/11/25 	59.20000076293945	59.400001525878906	59.20000076293945	59.20000076293945	30103	2021/11/25 
2021/11/26 	59.0	59.0	58.599998474121094	58.599998474121094	39000	2021/11/26 
2021/11/29 	58.0	59.0	58.0	58.70000076293945	17000	2021/11/29 
2021/11/30 	59.0	59.29999923706055	58.900001525878906	59.099998474121094	20695	2021/11/30 
2021/12/01 	59.0	59.29999923706055	58.900001525878906	59.20000076293945	26010	2021/12/01 
2021/12/02 	58.900001525878906	59.0	58.5	58.5	32001	2021/12/02 
2021/12/03 	59.0	59.29999923706055	59.0	59.20000076293945	25316	2021/12/03 
2021/12/06 	59.20000076293945	59.20000076293945	59.0	59.0	15068	2021/12/06 
2021/12/07 	59.79999923706055	60.29999923706055	59.79999923706055	60.0	47000	2021/12/07 
2021/12/08 	60.0	60.29999923706055	59.900001525878906	60.0	32001	2021/12/08 
2021/12/09 	59.900001525878906	59.900001525878906	59.400001525878906	59.400001525878906	11000	2021/12/09 
2021/12/10 	59.20000076293945	59.599998474121094	59.0	59.599998474121094	47000	2021/12/10 
2021/12/13 	59.599998474121094	59.599998474121094	59.5	59.5	4000	2021/12/13 
2021/12/14 	59.5	61.0	59.099998474121094	59.400001525878906	8000	2021/12/14 
2021/12/15 	59.400001525878906	59.5	59.400001525878906	59.5	6000	2021/12/15 
2021/12/16 	59.5	60.5	59.5	60.400001525878906	6000	2021/12/16 
2021/12/17 	60.900001525878906	61.099998474121094	60.70000076293945	61.0	25040	2021/12/17 
2021/12/20 	61.20000076293945	61.20000076293945	60.099998474121094	60.79999923706055	14040	2021/12/20 
2021/12/21 	60.900001525878906	60.900001525878906	60.29999923706055	60.29999923706055	3034	2021/12/21 
2021/12/22 	60.29999923706055	60.29999923706055	60.29999923706055	60.29999923706055	5000	2021/12/22 
2021/12/23 	60.0	60.5	60.0	60.5	6560	2021/12/23 
2021/12/24 	60.5	60.599998474121094	59.79999923706055	60.20000076293945	23045	2021/12/24 
2021/12/27 	60.0	60.29999923706055	59.900001525878906	60.29999923706055	10000	2021/12/27 
2021/12/28 	60.5	61.099998474121094	60.5	61.099998474121094	12599	2021/12/28 
2021/12/29 	62.0	62.0	60.900001525878906	61.29999923706055	17143	2021/12/29 
2021/12/30 	61.599998474121094	61.70000076293945	61.5	61.70000076293945	15000	2021/12/30 
2022/01/03 	61.099998474121094	61.20000076293945	61.099998474121094	61.20000076293945	6000	2022/01/03 
2022/01/04 	61.70000076293945	61.79999923706055	61.400001525878906	61.400001525878906	12040	2022/01/04 
2022/01/05 	61.400001525878906	61.400001525878906	60.79999923706055	60.79999923706055	16000	2022/01/05 
2022/01/06 	61.599998474121094	61.70000076293945	60.70000076293945	60.70000076293945	13183	2022/01/06 
2022/01/07 	60.70000076293945	61.0	60.599998474121094	60.599998474121094	8000	2022/01/07 
2022/01/10 	60.79999923706055	61.599998474121094	60.79999923706055	60.79999923706055	11000	2022/01/10 
2022/01/11 	60.79999923706055	61.20000076293945	60.79999923706055	60.900001525878906	49000	2022/01/11 
2022/01/12 	60.79999923706055	61.29999923706055	60.79999923706055	61.099998474121094	11549	2022/01/12 
2022/01/13 	61.0	61.29999923706055	60.79999923706055	61.20000076293945	20000	2022/01/13 
2022/01/14 	61.099998474121094	61.400001525878906	60.400001525878906	61.400001525878906	23000	2022/01/14 
2022/01/17 	61.0	61.0	61.0	61.0	27000	2022/01/17 
2022/01/18 	61.0	61.400001525878906	60.900001525878906	61.0	18008	2022/01/18 
2022/01/19 	61.0	61.0	60.79999923706055	60.79999923706055	23000	2022/01/19 
2022/01/20 	60.79999923706055	61.0	60.79999923706055	60.900001525878906	17000	2022/01/20 
2022/01/21 	60.900001525878906	60.900001525878906	60.79999923706055	60.79999923706055	8020	2022/01/21 
2022/01/24 	60.0	60.79999923706055	60.0	60.79999923706055	15021	2022/01/24 
2022/01/25 	60.099998474121094	60.29999923706055	60.0	60.29999923706055	12040	2022/01/25 
2022/01/26 	59.900001525878906	61.5	59.900001525878906	61.5	43214	2022/01/26 
2022/02/07 	61.5	61.5	61.0	61.400001525878906	13000	2022/02/07 
2022/02/08 	61.5	61.900001525878906	61.5	61.900001525878906	6020	2022/02/08 
2022/02/09 	62.0	62.20000076293945	61.79999923706055	62.099998474121094	23040	2022/02/09 
2022/02/10 	62.099998474121094	62.099998474121094	61.79999923706055	61.79999923706055	7020	2022/02/10 
2022/02/11 	62.0	62.0	61.79999923706055	62.0	21150	2022/02/11 
2022/02/14 	62.0	62.099998474121094	61.70000076293945	62.099998474121094	36160	2022/02/14 
2022/02/15 	62.20000076293945	62.400001525878906	62.0	62.20000076293945	28050	2022/02/15 
2022/02/16 	62.29999923706055	62.5	62.20000076293945	62.5	25000	2022/02/16 
2022/02/17 	62.5	62.5	62.20000076293945	62.20000076293945	11000	2022/02/17 
2022/02/18 	61.70000076293945	62.0	61.599998474121094	62.0	19000	2022/02/18 
2022/02/21 	62.0	62.0	61.599998474121094	61.79999923706055	18057	2022/02/21 
2022/02/22 	61.900001525878906	61.900001525878906	61.599998474121094	61.599998474121094	20000	2022/02/22 
2022/02/23 	61.599998474121094	62.0	61.599998474121094	62.0	12000	2022/02/23 
2022/02/24 	61.599998474121094	61.599998474121094	61.0	61.0	43000	2022/02/24 
2022/02/25 	61.20000076293945	61.20000076293945	61.099998474121094	61.20000076293945	5000	2022/02/25 
2022/03/01 	63.0	63.29999923706055	62.599998474121094	63.20000076293945	53070	2022/03/01 
2022/03/02 	63.0	63.599998474121094	63.0	63.599998474121094	13005	2022/03/02 
2022/03/03 	64.0	64.4000015258789	64.0	64.0	46000	2022/03/03 
2022/03/04 	65.0999984741211	65.0999984741211	64.0	64.19999694824219	41069	2022/03/04 
2022/03/07 	64.0	64.0	62.70000076293945	62.70000076293945	49100	2022/03/07 
2022/03/08 	62.599998474121094	63.599998474121094	62.5	62.70000076293945	44094	2022/03/08 
2022/03/09 	63.099998474121094	63.29999923706055	62.70000076293945	62.79999923706055	34037	2022/03/09 
2022/03/10 	63.400001525878906	63.599998474121094	63.0	63.599998474121094	16500	2022/03/10 
2022/03/11 	63.29999923706055	63.29999923706055	63.29999923706055	63.29999923706055	2002	2022/03/11 
2022/03/14 	63.29999923706055	63.400001525878906	63.0	63.0	36000	2022/03/14 
2022/03/15 	62.79999923706055	62.79999923706055	62.20000076293945	62.29999923706055	25310	2022/03/15 
2022/03/16 	62.400001525878906	62.5	62.29999923706055	62.5	6100	2022/03/16 
2022/03/17 	62.79999923706055	63.5	62.70000076293945	63.5	13046	2022/03/17 
2022/03/18 	63.599998474121094	63.599998474121094	63.5	63.5	12102	2022/03/18 
2022/03/21 	63.900001525878906	64.0	63.5	63.599998474121094	12031	2022/03/21 
2022/03/22 	63.70000076293945	63.79999923706055	63.70000076293945	63.79999923706055	6007	2022/03/22 
2022/03/23 	63.79999923706055	63.79999923706055	63.70000076293945	63.79999923706055	17000	2022/03/23 
2022/03/24 	63.599998474121094	63.79999923706055	63.599998474121094	63.79999923706055	3026	2022/03/24 
2022/03/25 	64.30000305175781	64.30000305175781	63.70000076293945	63.79999923706055	20000	2022/03/25 
2022/03/28 	63.79999923706055	63.900001525878906	63.5	63.79999923706055	9000	2022/03/28 
2022/03/29 	63.900001525878906	63.900001525878906	63.900001525878906	63.900001525878906	3000	2022/03/29 
2022/03/30 	64.0999984741211	64.80000305175781	64.0999984741211	64.80000305175781	9501	2022/03/30 
2022/03/31 	64.0999984741211	64.30000305175781	64.0	64.0	19000	2022/03/31 
2022/04/01 	64.9000015258789	65.0	64.0999984741211	64.0999984741211	13000	2022/04/01 
2022/04/06 	64.0	64.0	64.0	64.0	3000	2022/04/06 
2022/04/07 	64.0	64.0	62.70000076293945	63.0	21000	2022/04/07 
2022/04/08 	63.0	63.099998474121094	63.0	63.099998474121094	2000	2022/04/08 
2022/04/11 	62.900001525878906	63.0	62.5	62.5	15025	2022/04/11 
2022/04/12 	63.900001525878906	63.900001525878906	62.70000076293945	62.70000076293945	5000	2022/04/12 
2022/04/13 	62.70000076293945	63.400001525878906	62.70000076293945	63.400001525878906	18000	2022/04/13 
2022/04/14 	63.0	63.5	62.900001525878906	63.5	7120	2022/04/14 
2022/04/15 	62.900001525878906	63.70000076293945	62.70000076293945	63.70000076293945	12016	2022/04/15 
2022/04/18 	63.20000076293945	63.900001525878906	63.20000076293945	63.5	5000	2022/04/18 
2022/04/19 	63.900001525878906	63.900001525878906	63.20000076293945	63.70000076293945	4000	2022/04/19 
2022/04/20 	63.70000076293945	63.70000076293945	63.400001525878906	63.70000076293945	5030	2022/04/20 
2022/04/21 	63.29999923706055	63.79999923706055	63.29999923706055	63.79999923706055	2010	2022/04/21 
2022/04/22 	63.79999923706055	63.79999923706055	63.79999923706055	63.79999923706055	1000	2022/04/22 
2022/04/25 	63.29999923706055	63.5	62.29999923706055	63.400001525878906	14046	2022/04/25 
2022/04/26 	63.400001525878906	63.5	62.900001525878906	63.5	5000	2022/04/26 
2022/04/27 	62.29999923706055	62.400001525878906	62.20000076293945	62.20000076293945	12000	2022/04/27 
2022/04/28 	62.400001525878906	62.79999923706055	62.400001525878906	62.599998474121094	7000	2022/04/28 
2022/04/29 	63.79999923706055	63.79999923706055	62.79999923706055	62.79999923706055	5050	2022/04/29 
2022/05/03 	62.599998474121094	62.599998474121094	62.5	62.5	6000	2022/05/03 
2022/05/04 	63.0	63.0	63.0	63.0	1000	2022/05/04 
2022/05/05 	63.5	63.79999923706055	63.5	63.70000076293945	5010	2022/05/05 
2022/05/06 	62.5	62.599998474121094	62.20000076293945	62.599998474121094	17000	2022/05/06 
2022/05/09 	62.20000076293945	62.20000076293945	61.0	61.5	27143	2022/05/09 
2022/05/10 	61.599998474121094	61.599998474121094	61.599998474121094	61.599998474121094	2000	2022/05/10 
2022/05/11 	61.29999923706055	61.29999923706055	61.099998474121094	61.099998474121094	12000	2022/05/11 
2022/05/12 	61.099998474121094	61.099998474121094	60.599998474121094	60.599998474121094	8000	2022/05/12 
2022/05/13 	60.70000076293945	60.79999923706055	60.5	60.5	23000	2022/05/13 
2022/05/16 	61.0	61.0	61.0	61.0	1000	2022/05/16 
2022/05/17 	61.0	61.0	61.0	61.0	1000	2022/05/17 
2022/05/18 	61.0	61.5	61.0	61.5	3025	2022/05/18 
2022/05/19 	60.0	60.20000076293945	60.0	60.20000076293945	7000	2022/05/19 
2022/05/20 	60.70000076293945	60.70000076293945	60.5	60.70000076293945	6000	2022/05/20 
2022/05/23 	60.70000076293945	60.70000076293945	60.70000076293945	60.70000076293945	1000	2022/05/23 
2022/05/24 	60.70000076293945	61.0	60.70000076293945	61.0	3000	2022/05/24 
2022/05/25 	61.5	61.5	61.20000076293945	61.20000076293945	2000	2022/05/25 
2022/05/26 	61.099998474121094	61.099998474121094	60.79999923706055	60.79999923706055	8000	2022/05/26 
2022/05/27 	61.20000076293945	61.20000076293945	60.900001525878906	61.20000076293945	5000	2022/05/27 
2022/05/30 	61.400001525878906	61.400001525878906	61.400001525878906	61.400001525878906	1000	2022/05/30 
2022/05/31 	61.5	61.599998474121094	61.5	61.599998474121094	3000	2022/05/31 
2022/06/01 	61.70000076293945	61.70000076293945	61.400001525878906	61.400001525878906	3000	2022/06/01 
2022/06/02 	61.099998474121094	61.20000076293945	61.099998474121094	61.20000076293945	4000	2022/06/02 
2022/06/06 	61.0	61.20000076293945	61.0	61.20000076293945	2000	2022/06/06 
2022/06/07 	61.29999923706055	62.20000076293945	61.20000076293945	62.099998474121094	12000	2022/06/07 
2022/06/08 	62.099998474121094	62.099998474121094	61.400001525878906	61.900001525878906	5000	2022/06/08 
2022/06/09 	61.5	61.5	61.5	61.5	2047	2022/06/09 
2022/06/10 	61.29999923706055	62.0	61.29999923706055	61.599998474121094	4000	2022/06/10 
2022/06/13 	61.70000076293945	61.70000076293945	61.20000076293945	61.5	17000	2022/06/13 
2022/06/14 	61.5	61.599998474121094	61.5	61.599998474121094	12000	2022/06/14 
2022/06/15 	61.5	62.5	61.5	62.5	9440	2022/06/15 
2022/06/16 	62.20000076293945	62.20000076293945	62.0	62.0	4000	2022/06/16 
2022/06/17 	62.400001525878906	62.400001525878906	61.20000076293945	61.900001525878906	13000	2022/06/17 
2022/06/20 	61.5	62.400001525878906	61.0	62.400001525878906	13036	2022/06/20 
2022/06/21 	61.5	62.29999923706055	61.5	61.900001525878906	9214	2022/06/21 
2022/06/22 	61.5	61.5	61.400001525878906	61.400001525878906	4000	2022/06/22 
2022/06/23 	62.599998474121094	62.79999923706055	61.0	61.099998474121094	32000	2022/06/23 
2022/06/24 	61.70000076293945	61.70000076293945	61.70000076293945	61.70000076293945	7000	2022/06/24 
2022/06/27 	62.0	62.099998474121094	61.70000076293945	61.79999923706055	11000	2022/06/27 
2022/06/28 	61.70000076293945	61.79999923706055	61.70000076293945	61.79999923706055	5000	2022/06/28 
2022/06/29 	61.900001525878906	61.900001525878906	61.79999923706055	61.79999923706055	2028	2022/06/29 
2022/06/30 	61.900001525878906	61.900001525878906	61.5	61.5	13037	2022/06/30 
2022/07/01 	61.70000076293945	61.70000076293945	61.0	61.29999923706055	20000	2022/07/01 
2022/07/04 	60.79999923706055	62.400001525878906	60.79999923706055	62.400001525878906	11040	2022/07/04 
2022/07/05 	58.400001525878906	58.70000076293945	57.900001525878906	57.900001525878906	28017	2022/07/05 
2022/07/06 	58.400001525878906	58.5	57.79999923706055	58.5	23030	2022/07/06 
2022/07/07 	58.79999923706055	58.79999923706055	58.79999923706055	58.79999923706055	1000	2022/07/07 
2022/07/08 	59.29999923706055	59.29999923706055	59.29999923706055	59.29999923706055	1046	2022/07/08 
2022/07/11 	59.5	59.5	59.5	59.5	1030	2022/07/11 
2022/07/12 	59.5	59.5	59.5	59.5	0	2022/07/12 
2022/07/13 	59.0	59.0	59.0	59.0	2000	2022/07/13 
2022/07/14 	59.400001525878906	59.400001525878906	59.400001525878906	59.400001525878906	1000	2022/07/14 
2022/07/15 	59.400001525878906	59.5	58.70000076293945	59.099998474121094	7000	2022/07/15 
2022/07/18 	57.099998474121094	58.79999923706055	57.099998474121094	58.20000076293945	32030	2022/07/18 
2022/07/19 	58.29999923706055	58.599998474121094	58.29999923706055	58.599998474121094	2000	2022/07/19 
2022/07/20 	58.099998474121094	58.099998474121094	58.0	58.0	2000	2022/07/20 
2022/07/21 	58.0	58.400001525878906	58.0	58.099998474121094	5000	2022/07/21 
2022/07/22 	58.5	58.5	58.5	58.5	3000	2022/07/22 
2022/07/25 	58.599998474121094	58.599998474121094	58.599998474121094	58.599998474121094	2000	2022/07/25 
2022/07/26 	58.20000076293945	59.29999923706055	58.099998474121094	59.29999923706055	12021	2022/07/26 
2022/07/27 	59.20000076293945	59.20000076293945	59.20000076293945	59.20000076293945	1000	2022/07/27 
2022/07/28 	59.099998474121094	59.099998474121094	58.29999923706055	58.29999923706055	3080	2022/07/28 
2022/07/29 	58.400001525878906	58.400001525878906	58.0	58.0	7000	2022/07/29 
2022/08/01 	58.0	58.099998474121094	58.0	58.0	9000	2022/08/01 
2022/08/02 	58.0	58.400001525878906	58.0	58.20000076293945	11000	2022/08/02 
2022/08/03 	58.79999923706055	58.79999923706055	58.0	58.0	18100	2022/08/03 
2022/08/04 	58.099998474121094	58.099998474121094	58.0	58.0	9000	2022/08/04 
2022/08/05 	58.0	59.20000076293945	58.0	59.20000076293945	10010	2022/08/05 
2022/08/08 	57.79999923706055	57.900001525878906	57.599998474121094	57.900001525878906	18000	2022/08/08 
2022/08/09 	57.79999923706055	57.79999923706055	57.5	57.70000076293945	13000	2022/08/09 
2022/08/10 	57.70000076293945	57.70000076293945	57.599998474121094	57.599998474121094	3000	2022/08/10 
2022/08/11 	57.79999923706055	57.79999923706055	57.79999923706055	57.79999923706055	3020	2022/08/11 
2022/08/12 	58.0	58.0	57.900001525878906	57.900001525878906	2000	2022/08/12 
2022/08/15 	58.0	58.0	57.900001525878906	58.0	4000	2022/08/15 
2022/08/16 	58.099998474121094	58.099998474121094	58.099998474121094	58.099998474121094	1100	2022/08/16 
2022/08/17 	58.0	58.099998474121094	57.5	57.70000076293945	18100	2022/08/17 
2022/08/18 	57.79999923706055	58.20000076293945	57.70000076293945	58.20000076293945	13121	2022/08/18 
2022/08/19 	58.0	58.400001525878906	57.900001525878906	58.400001525878906	16000	2022/08/19 
2022/08/22 	58.400001525878906	58.79999923706055	58.20000076293945	58.79999923706055	17000	2022/08/22 
2022/08/23 	58.599998474121094	58.70000076293945	58.099998474121094	58.400001525878906	15040	2022/08/23 
2022/08/24 	58.5	58.599998474121094	58.5	58.599998474121094	21000	2022/08/24 
2022/08/25 	58.5	58.79999923706055	58.5	58.79999923706055	21040	2022/08/25 
2022/08/26 	58.70000076293945	58.70000076293945	58.5	58.5	14000	2022/08/26 
2022/08/29 	59.099998474121094	59.099998474121094	57.599998474121094	58.400001525878906	11000	2022/08/29 
2022/08/30 	57.79999923706055	58.0	57.70000076293945	57.900001525878906	22000	2022/08/30 
2022/08/31 	57.599998474121094	57.900001525878906	57.5	57.900001525878906	4000	2022/08/31 
2022/09/01 	57.599998474121094	58.20000076293945	57.599998474121094	57.599998474121094	7000	2022/09/01 
2022/09/02 	57.70000076293945	58.099998474121094	57.599998474121094	57.70000076293945	9000	2022/09/02 
2022/09/05 	57.70000076293945	57.70000076293945	57.70000076293945	57.70000076293945	9000	2022/09/05 
2022/09/06 	57.70000076293945	57.79999923706055	57.70000076293945	57.70000076293945	5000	2022/09/06 
2022/09/07 	57.70000076293945	57.70000076293945	57.0	57.0	18000	2022/09/07 
2022/09/08 	57.29999923706055	57.400001525878906	57.29999923706055	57.400001525878906	3000	2022/09/08 
2022/09/12 	57.400001525878906	57.5	56.900001525878906	57.5	18400	2022/09/12 
2022/09/13 	57.5	57.5	57.20000076293945	57.29999923706055	8000	2022/09/13 
2022/09/14 	57.099998474121094	57.400001525878906	57.099998474121094	57.099998474121094	17000	2022/09/14 
2022/09/15 	57.099998474121094	57.400001525878906	56.79999923706055	57.400001525878906	23100	2022/09/15 
2022/09/16 	56.900001525878906	57.0	56.900001525878906	56.900001525878906	9000	2022/09/16 
2022/09/19 	56.900001525878906	56.900001525878906	56.900001525878906	56.900001525878906	4000	2022/09/19 
2022/09/20 	56.900001525878906	56.900001525878906	56.70000076293945	56.900001525878906	5000	2022/09/20 
2022/09/21 	57.0	57.099998474121094	56.5	56.5	22000	2022/09/21 
2022/09/22 	56.20000076293945	56.599998474121094	56.0	56.599998474121094	13000	2022/09/22 
2022/09/23 	57.0	57.0	56.20000076293945	56.599998474121094	5020	2022/09/23 
2022/09/26 	56.0	56.0	55.29999923706055	55.79999923706055	20000	2022/09/26 
2022/09/27 	56.0	56.20000076293945	55.599998474121094	56.20000076293945	21010	2022/09/27 
2022/09/28 	55.5	56.0	55.20000076293945	56.0	13000	2022/09/28 
2022/09/29 	55.0	55.5	55.0	55.5	19000	2022/09/29 
2022/09/30 	55.5	55.5	55.5	55.5	0	2022/09/30 
2022/10/03 	55.5	55.5	55.400001525878906	55.400001525878906	3000	2022/10/03 
2022/10/04 	55.599998474121094	55.599998474121094	55.599998474121094	55.599998474121094	6000	2022/10/04 
2022/10/05 	55.400001525878906	55.70000076293945	55.29999923706055	55.70000076293945	11000	2022/10/05 
2022/10/06 	55.0	55.0	53.70000076293945	54.0	57000	2022/10/06 
2022/10/07 	54.0	54.0	54.0	54.0	5000	2022/10/07 
2022/10/11 	53.099998474121094	53.099998474121094	52.099998474121094	52.20000076293945	20000	2022/10/11 
2022/10/12 	51.900001525878906	52.400001525878906	51.5	52.400001525878906	11000	2022/10/12 
2022/10/13 	51.5	51.79999923706055	51.5	51.79999923706055	3000	2022/10/13 
2022/10/14 	51.0	52.5	51.0	52.5	10000	2022/10/14 
2022/10/17 	51.5	52.5	51.5	52.5	2000	2022/10/17 
2022/10/18 	52.599998474121094	52.599998474121094	51.29999923706055	51.79999923706055	16000	2022/10/18 
2022/10/19 	51.099998474121094	51.5	50.900001525878906	51.5	10000	2022/10/19 
2022/10/20 	50.599998474121094	50.79999923706055	50.099998474121094	50.79999923706055	9000	2022/10/20 
2022/10/21 	50.5	50.900001525878906	50.5	50.900001525878906	3000	2022/10/21 
2022/10/24 	50.5	51.0	50.29999923706055	51.0	4026	2022/10/24 
2022/10/25 	51.400001525878906	52.29999923706055	50.20000076293945	51.0	6000	2022/10/25 
2022/10/26 	51.0	51.0	51.0	51.0	2000	2022/10/26 
2022/10/27 	51.0	51.29999923706055	51.0	51.29999923706055	4000	2022/10/27 
2022/10/28 	51.0	51.0	51.0	51.0	1000	2022/10/28 
2022/10/31 	51.5	52.0	51.5	52.0	10020	2022/10/31 
2022/11/01 	52.0	52.0	52.0	52.0	0	2022/11/01 
2022/11/02 	52.099998474121094	52.099998474121094	52.0	52.0	3000	2022/11/02 
2022/11/03 	52.0	52.400001525878906	52.0	52.400001525878906	4000	2022/11/03 
2022/11/04 	51.5	51.5	51.5	51.5	3000	2022/11/04 
2022/11/07 	51.599998474121094	52.099998474121094	51.5	52.099998474121094	5000	2022/11/07 
2022/11/08 	51.79999923706055	52.20000076293945	51.79999923706055	52.20000076293945	3000	2022/11/08 
2022/11/09 	52.20000076293945	52.20000076293945	51.70000076293945	51.70000076293945	9040	2022/11/09 
2022/11/10 	52.0	52.0	52.0	52.0	1000	2022/11/10 
2022/11/11 	51.900001525878906	52.20000076293945	51.599998474121094	52.20000076293945	8000	2022/11/11 
2022/11/14 	52.20000076293945	52.20000076293945	52.20000076293945	52.20000076293945	2000	2022/11/14 
2022/11/15 	51.70000076293945	52.0	51.20000076293945	51.599998474121094	11000	2022/11/15 
2022/11/16 	51.599998474121094	51.599998474121094	51.400001525878906	51.400001525878906	9000	2022/11/16 
2022/11/17 	51.400001525878906	51.400001525878906	51.29999923706055	51.29999923706055	2000	2022/11/17 
2022/11/18 	51.5	51.599998474121094	51.29999923706055	51.599998474121094	6000	2022/11/18 
2022/11/21 	51.5	51.79999923706055	51.5	51.79999923706055	6000	2022/11/21 
2022/11/22 	51.29999923706055	51.29999923706055	51.20000076293945	51.29999923706055	10000	2022/11/22 
2022/11/23 	51.20000076293945	51.599998474121094	51.099998474121094	51.599998474121094	9000	2022/11/23 
2022/11/24 	51.79999923706055	52.0	51.79999923706055	52.0	9020	2022/11/24 
2022/11/25 	52.0	52.20000076293945	52.0	52.20000076293945	2000	2022/11/25 
2022/11/28 	52.099998474121094	52.20000076293945	51.20000076293945	52.20000076293945	6000	2022/11/28 
2022/11/29 	51.5	51.79999923706055	51.29999923706055	51.79999923706055	6300	2022/11/29 
2022/11/30 	51.79999923706055	51.79999923706055	51.70000076293945	51.70000076293945	5030	2022/11/30 
2022/12/01 	51.70000076293945	52.0	51.70000076293945	52.0	12000	2022/12/01 
2022/12/02 	52.20000076293945	52.20000076293945	52.20000076293945	52.20000076293945	2000	2022/12/02 
2022/12/05 	52.20000076293945	53.599998474121094	52.20000076293945	53.0	17000	2022/12/05 
2022/12/06 	52.79999923706055	53.0	52.79999923706055	53.0	15000	2022/12/06 
2022/12/07 	53.79999923706055	53.79999923706055	53.79999923706055	53.79999923706055	1001	2022/12/07 
2022/12/08 	53.70000076293945	53.70000076293945	53.70000076293945	53.70000076293945	1003	2022/12/08 
2022/12/09 	53.5	53.5	53.5	53.5	2020	2022/12/09 
2022/12/12 	53.20000076293945	53.29999923706055	53.20000076293945	53.20000076293945	22000	2022/12/12 
2022/12/13 	53.20000076293945	53.20000076293945	53.20000076293945	53.20000076293945	1000	2022/12/13 
2022/12/14 	53.0	53.29999923706055	53.0	53.29999923706055	6020	2022/12/14 
2022/12/15 	53.79999923706055	53.79999923706055	53.79999923706055	53.79999923706055	1000	2022/12/15 
2022/12/16 	53.79999923706055	53.79999923706055	53.20000076293945	53.70000076293945	5000	2022/12/16 
2022/12/19 	53.70000076293945	53.70000076293945	53.599998474121094	53.599998474121094	2000	2022/12/19 
2022/12/20 	52.70000076293945	53.0	52.70000076293945	53.0	3000	2022/12/20 
2022/12/21 	53.0	53.0	52.29999923706055	52.400001525878906	7000	2022/12/21 
2022/12/22 	52.5	52.900001525878906	52.5	52.900001525878906	5100	2022/12/22 
2022/12/23 	52.900001525878906	52.900001525878906	52.900001525878906	52.900001525878906	0	2022/12/23 
2022/12/26 	52.900001525878906	52.900001525878906	52.900001525878906	52.900001525878906	0	2022/12/26 
2022/12/27 	53.70000076293945	53.70000076293945	53.70000076293945	53.70000076293945	1025	2022/12/27 
2022/12/28 	52.29999923706055	52.29999923706055	52.29999923706055	52.29999923706055	1016	2022/12/28 
2022/12/29 	52.29999923706055	53.20000076293945	52.29999923706055	53.20000076293945	6000	2022/12/29 
2022/12/30 	53.0	53.0	53.0	53.0	6000	2022/12/30 
2023/01/03 	53.099998474121094	53.29999923706055	53.099998474121094	53.29999923706055	6000	2023/01/03 
2023/01/04 	53.400001525878906	53.400001525878906	53.400001525878906	53.400001525878906	1000	2023/01/04 
2023/01/05 	53.5	53.5	53.5	53.5	1020	2023/01/05 
2023/01/06 	53.5	53.5	53.5	53.5	5013	2023/01/06 
2023/01/09 	53.5	53.5	53.5	53.5	3000	2023/01/09 
2023/01/10 	53.400001525878906	53.599998474121094	53.400001525878906	53.599998474121094	2100	2023/01/10 
2023/01/11 	53.599998474121094	53.599998474121094	53.20000076293945	53.20000076293945	2000	2023/01/11 
2023/01/12 	53.20000076293945	53.20000076293945	53.0	53.0	12011	2023/01/12 
2023/01/13 	53.5	53.5	53.5	53.5	1019	2023/01/13 
2023/01/16 	53.5	53.5	53.5	53.5	1044	2023/01/16 
2023/01/17 	53.29999923706055	53.5	53.29999923706055	53.5	2000	2023/01/17 
2023/01/30 	53.900001525878906	53.900001525878906	53.599998474121094	53.599998474121094	4018	2023/01/30 
2023/01/31 	53.5	53.5	53.5	53.5	1000	2023/01/31 
2023/02/01 	54.29999923706055	54.79999923706055	53.599998474121094	54.099998474121094	17100	2023/02/01 
2023/02/02 	54.099998474121094	54.20000076293945	54.0	54.20000076293945	8025	2023/02/02 
2023/02/03 	54.20000076293945	54.20000076293945	54.20000076293945	54.20000076293945	2025	2023/02/03 
2023/02/06 	54.20000076293945	54.599998474121094	54.20000076293945	54.400001525878906	17000	2023/02/06 
2023/02/07 	53.900001525878906	54.0	53.79999923706055	54.0	20000	2023/02/07 
2023/02/08 	54.0	54.0	54.0	54.0	2000	2023/02/08 
2023/02/09 	54.0	54.0	54.0	54.0	7000	2023/02/09 
2023/02/10 	54.0	54.0	53.79999923706055	54.0	13000	2023/02/10 
2023/02/13 	53.70000076293945	53.79999923706055	53.599998474121094	53.79999923706055	5000	2023/02/13 
2023/02/14 	53.5	54.0	53.5	54.0	5000	2023/02/14 
2023/02/15 	53.5	53.599998474121094	53.5	53.599998474121094	4005	2023/02/15 
2023/02/16 	53.099998474121094	56.20000076293945	53.099998474121094	54.70000076293945	36000	2023/02/16 
2023/02/17 	54.5	54.5	53.400001525878906	53.599998474121094	15000	2023/02/17 
2023/02/20 	54.0	54.5	53.70000076293945	54.400001525878906	28000	2023/02/20 
2023/02/21 	54.900001525878906	55.0	54.599998474121094	54.70000076293945	8044	2023/02/21 
2023/02/22 	55.29999923706055	55.5	54.400001525878906	55.0	21140	2023/02/22 
