Date	Open	High	Low	Close	Volume	Date
2017/11/13 	109.5085220336914	120.37655639648438	93.71910095214844	109.5085220336914	1599217	2017/11/13 
2017/11/14 	101.73999786376953	109.53218078613281	99.37395477294922	101.73999786376953	639648	2017/11/14 
2017/11/15 	97.79659271240234	104.5003890991211	96.61356353759766	97.79659271240234	618634	2017/11/15 
2017/11/16 	100.15474700927734	100.16263580322266	93.06449890136719	100.15474700927734	720479	2017/11/16 
2017/11/17 	102.5286865234375	105.67552185058594	98.58527374267578	102.5286865234375	593834	2017/11/17 
2017/11/20 	105.68341064453125	106.92163848876953	101.74788665771484	105.68341064453125	346327	2017/11/20 
2017/11/21 	114.35891723632812	119.8718032836914	104.89472961425781	114.35891723632812	726144	2017/11/21 
2017/11/22 	112.38720703125	117.38745880126953	111.99286651611328	112.38720703125	310785	2017/11/22 
2017/11/23 	111.20418548583984	114.37468719482422	109.62682342529297	111.20418548583984	170097	2017/11/23 
2017/11/24 	109.62682342529297	114.35891723632812	108.83814239501953	109.62682342529297	115535	2017/11/24 
2017/11/27 	108.0494613647461	111.07011413574219	106.47209167480469	108.0494613647461	132952	2017/11/27 
2017/11/28 	107.26077270507812	110.4155044555664	106.47998046875	107.26077270507812	164970	2017/11/28 
2017/11/29 	108.83814239501953	111.19629669189453	106.8664321899414	108.83814239501953	110366	2017/11/29 
2017/11/30 	111.19629669189453	111.19629669189453	107.26077270507812	111.19629669189453	186319	2017/11/30 
2017/12/01 	107.65511322021484	108.83814239501953	106.47998046875	107.65511322021484	105091	2017/12/01 
2017/12/04 	106.8664321899414	107.26866149902344	105.29695892333984	106.8664321899414	116987	2017/12/04 
2017/12/05 	109.83976745605469	109.83976745605469	104.89472961425781	109.83976745605469	72373	2017/12/05 
2017/12/06 	106.47209167480469	109.84765625	105.68341064453125	106.47209167480469	194435	2017/12/06 
2017/12/07 	106.55096435546875	110.2498779296875	105.68341064453125	106.55096435546875	111395	2017/12/07 
2017/12/08 	106.47209167480469	108.44380187988281	105.68341064453125	106.47209167480469	150453	2017/12/08 
2017/12/11 	108.0494613647461	110.4076156616211	106.47209167480469	108.0494613647461	264223	2017/12/11 
2017/12/12 	107.65511322021484	110.32875061035156	106.55096435546875	107.65511322021484	81778	2017/12/12 
2017/12/13 	107.26077270507812	107.94692993164062	106.47998046875	107.26077270507812	20413	2017/12/13 
2017/12/14 	107.024169921875	108.0494613647461	106.8664321899414	107.024169921875	83317	2017/12/14 
2017/12/15 	106.47209167480469	109.62682342529297	106.47209167480469	106.47209167480469	13815	2017/12/15 
2017/12/18 	107.65511322021484	110.01327514648438	106.07775115966797	107.65511322021484	52687	2017/12/18 
2017/12/19 	108.44380187988281	111.20418548583984	107.26077270507812	108.44380187988281	261853	2017/12/19 
2017/12/20 	108.9958724975586	109.61893463134766	108.0494613647461	108.9958724975586	142769	2017/12/20 
2017/12/21 	109.22459411621094	109.22459411621094	107.26866149902344	109.22459411621094	37530	2017/12/21 
2017/12/22 	107.65511322021484	108.52266693115234	104.5082778930664	107.65511322021484	326533	2017/12/22 
2017/12/25 	107.65511322021484	109.22459411621094	106.55884552001953	107.65511322021484	86849	2017/12/25 
2017/12/26 	107.63934326171875	109.22459411621094	106.08563995361328	107.63934326171875	42112	2017/12/26 
2017/12/27 	106.8664321899414	107.65511322021484	106.47209167480469	106.8664321899414	139980	2017/12/27 
2017/12/28 	106.87432098388672	107.64723205566406	106.8427734375	106.87432098388672	85585	2017/12/28 
2017/12/29 	107.50526428222656	108.05734252929688	106.87432098388672	107.50526428222656	140605	2017/12/29 
2018/01/02 	107.26077270507812	108.0494613647461	106.47998046875	107.26077270507812	49260	2018/01/02 
2018/01/03 	107.67089080810547	108.83025360107422	107.26077270507812	107.67089080810547	195829	2018/01/03 
2018/01/04 	109.1378402709961	109.31134796142578	107.67089080810547	109.1378402709961	188396	2018/01/04 
2018/01/05 	109.62682342529297	111.19629669189453	108.83814239501953	109.62682342529297	134908	2018/01/05 
2018/01/08 	110.4155044555664	111.59063720703125	109.62682342529297	110.4155044555664	117205	2018/01/08 
2018/01/09 	110.80984497070312	111.59063720703125	109.63471221923828	110.80984497070312	137258	2018/01/09 
2018/01/10 	114.3667984008789	116.71707153320312	110.80984497070312	114.3667984008789	744590	2018/01/10 
2018/01/11 	125.31371307373047	129.73822021484375	114.35891723632812	125.31371307373047	1001068	2018/01/11 
2018/01/12 	127.72708129882812	127.9163589477539	121.85928344726562	127.72708129882812	312286	2018/01/12 
2018/01/15 	121.85139465332031	128.14508056640625	118.31021118164062	121.85139465332031	400219	2018/01/15 
2018/01/16 	123.83098602294922	125.40046691894531	122.6874008178711	123.83098602294922	98069	2018/01/16 
2018/01/17 	124.61178588867188	125.02978515625	123.49974060058594	124.61178588867188	81651	2018/01/17 
2018/01/18 	125.40046691894531	129.76976013183594	124.61178588867188	125.40046691894531	380373	2018/01/18 
2018/01/19 	125.47933197021484	126.97782897949219	124.61966705322266	125.47933197021484	59973	2018/01/19 
2018/01/22 	126.97782897949219	128.15296936035156	125.40835571289062	126.97782897949219	277613	2018/01/22 
2018/01/23 	133.67373657226562	135.1722412109375	125.72382354736328	133.67373657226562	457461	2018/01/23 
2018/01/24 	131.70993041992188	133.67373657226562	129.3517608642578	131.70993041992188	143564	2018/01/24 
2018/01/25 	130.13255310058594	133.99710083007812	128.55519104003906	130.13255310058594	292253	2018/01/25 
2018/01/26 	136.35525512695312	138.01148986816406	130.5269012451172	136.35525512695312	227222	2018/01/26 
2018/01/29 	136.71017456054688	137.22280883789062	133.6106414794922	136.71017456054688	238404	2018/01/29 
2018/01/30 	136.3946990966797	138.01148986816406	133.86302185058594	136.3946990966797	229054	2018/01/30 
2018/01/31 	137.06507873535156	137.06507873535156	133.6106414794922	137.06507873535156	254580	2018/01/31 
2018/02/01 	143.5322723388672	144.96766662597656	134.0759735107422	143.5322723388672	463067	2018/02/01 
2018/02/02 	144.32884216308594	146.93148803710938	141.96278381347656	144.32884216308594	438523	2018/02/02 
2018/02/05 	145.8983154296875	145.8983154296875	138.8080596923828	145.8983154296875	404980	2018/02/05 
2018/02/06 	143.5322723388672	145.11752319335938	138.0272674560547	143.5322723388672	599870	2018/02/06 
2018/02/07 	152.2156524658203	152.57057189941406	141.96278381347656	152.2156524658203	485427	2018/02/07 
2018/02/08 	159.50387573242188	160.16954040527344	154.36154174804688	159.50387573242188	217890	2018/02/08 
2018/02/09 	159.50387573242188	159.50387573242188	159.50387573242188	159.50387573242188	0	2018/02/09 
2018/02/12 	152.69735717773438	155.6013641357422	148.95294189453125	152.69735717773438	218395	2018/02/12 
2018/02/21 	147.18890380859375	153.02186584472656	145.19187927246094	147.18890380859375	384856	2018/02/21 
2018/02/22 	142.28787231445312	147.18890380859375	139.30897521972656	142.28787231445312	320000	2018/02/22 
2018/02/23 	143.1116485595703	144.193359375	141.45578002929688	143.1116485595703	234521	2018/02/23 
2018/02/26 	142.28787231445312	144.193359375	141.6221923828125	142.28787231445312	125875	2018/02/26 
2018/02/27 	137.71136474609375	142.78712463378906	136.82101440429688	137.71136474609375	341725	2018/02/27 
2018/03/01 	133.5509033203125	137.29531860351562	131.47067260742188	133.5509033203125	511284	2018/03/01 
2018/03/02 	133.37615966796875	133.96694946289062	130.63856506347656	133.37615966796875	588305	2018/03/02 
2018/03/05 	133.37615966796875	133.37615966796875	133.37615966796875	133.37615966796875	0	2018/03/05 
2018/03/06 	135.63113403320312	137.6198272705078	133.2180633544922	135.63113403320312	490310	2018/03/06 
2018/03/07 	141.86351013183594	141.9550323486328	135.20675659179688	141.86351013183594	498589	2018/03/07 
2018/03/08 	145.61624145507812	146.107177734375	141.45578002929688	145.61624145507812	442057	2018/03/08 
2018/03/09 	144.78414916992188	149.77670288085938	144.21832275390625	144.78414916992188	480036	2018/03/09 
2018/03/12 	146.8643798828125	149.44386291503906	143.9603729248047	146.8643798828125	345531	2018/03/12 
2018/03/13 	146.9309539794922	149.42723083496094	146.11549377441406	146.9309539794922	233781	2018/03/13 
2018/03/14 	148.22901916503906	150.3092498779297	147.23883056640625	148.22901916503906	549407	2018/03/14 
2018/03/15 	150.0180206298828	150.2593231201172	146.8643798828125	150.0180206298828	436470	2018/03/15 
2018/03/16 	146.45664978027344	149.36065673828125	145.61624145507812	146.45664978027344	248885	2018/03/16 
2018/03/19 	155.6013641357422	157.25721740722656	147.61326599121094	155.6013641357422	1024704	2018/03/19 
2018/03/20 	155.34341430664062	157.25721740722656	153.1134033203125	155.34341430664062	383743	2018/03/20 
2018/03/21 	155.1104278564453	156.999267578125	154.36154174804688	155.1104278564453	313902	2018/03/21 
2018/03/22 	150.1927490234375	156.35023498535156	148.53689575195312	150.1927490234375	445560	2018/03/22 
2018/03/23 	146.44833374023438	150.1927490234375	144.04359436035156	146.44833374023438	259665	2018/03/23 
2018/03/26 	150.60047912597656	152.55589294433594	144.36810302734375	150.60047912597656	234451	2018/03/26 
2018/03/27 	151.69052124023438	153.84564208984375	149.77670288085938	151.69052124023438	233041	2018/03/27 
2018/03/28 	148.94461059570312	151.99839782714844	148.11251831054688	148.94461059570312	151217	2018/03/28 
2018/03/29 	149.77670288085938	150.60879516601562	148.120849609375	149.77670288085938	147725	2018/03/29 
2018/03/30 	151.02484130859375	151.93182373046875	148.94461059570312	151.02484130859375	268599	2018/03/30 
2018/04/02 	153.93716430664062	155.09378051757812	152.27297973632812	153.93716430664062	209963	2018/04/02 
2018/04/03 	152.27297973632812	153.51280212402344	151.69883728027344	152.27297973632812	136245	2018/04/03 
2018/04/09 	151.75709533691406	152.77224731445312	149.95144653320312	151.75709533691406	187915	2018/04/09 
2018/04/10 	156.999267578125	157.84800720214844	151.98175048828125	156.999267578125	690657	2018/04/10 
2018/04/11 	158.92140197753906	158.92140197753906	155.6013641357422	158.92140197753906	871021	2018/04/11 
2018/04/12 	164.93743896484375	172.5427703857422	153.93716430664062	164.93743896484375	1470322	2018/04/12 
2018/04/13 	166.1522979736328	168.74009704589844	160.17787170410156	166.1522979736328	829556	2018/04/13 
2018/04/16 	178.05953979492188	183.88418579101562	165.5864715576172	178.05953979492188	1740769	2018/04/16 
2018/04/17 	182.80247497558594	191.15667724609375	177.2357635498047	182.80247497558594	1058190	2018/04/17 
2018/04/18 	196.34893798828125	196.36558532714844	183.89251708984375	196.34893798828125	1413725	2018/04/18 
2018/04/19 	218.4742889404297	224.2240447998047	195.54180908203125	218.4742889404297	1761857	2018/04/19 
2018/04/20 	230.7892608642578	232.98599243164062	218.00831604003906	230.7892608642578	1724754	2018/04/20 
2018/04/23 	215.5120391845703	237.14645385742188	214.68826293945312	215.5120391845703	1706188	2018/04/23 
2018/04/24 	195.5334930419922	218.8404083251953	192.49635314941406	195.5334930419922	2087138	2018/04/24 
2018/04/25 	207.19943237304688	212.83270263671875	187.23753356933594	207.19943237304688	897012	2018/04/25 
2018/04/26 	204.27879333496094	219.6641845703125	203.03065490722656	204.27879333496094	1066409	2018/04/26 
2018/04/27 	208.66390991210938	211.7676239013672	203.87106323242188	208.66390991210938	542219	2018/04/27 
2018/04/30 	215.03775024414062	215.52035522460938	204.87789916992188	215.03775024414062	580800	2018/04/30 
2018/05/02 	231.3134765625	231.3134765625	213.1821746826172	231.3134765625	1134708	2018/05/02 
2018/05/03 	226.73696899414062	231.96250915527344	220.5045928955078	226.73696899414062	507164	2018/05/03 
2018/05/04 	221.3450164794922	227.985107421875	221.2950897216797	221.3450164794922	488642	2018/05/04 
2018/05/07 	231.19699096679688	232.97767639160156	221.3450164794922	231.19699096679688	557616	2018/05/07 
2018/05/08 	247.8305206298828	250.0438995361328	230.15687561035156	247.8305206298828	1874804	2018/05/08 
2018/05/09 	244.1360321044922	255.0281219482422	237.33782958984375	244.1360321044922	773964	2018/05/09 
2018/05/10 	245.0430145263672	253.7633514404297	239.6510467529297	245.0430145263672	762074	2018/05/10 
2018/05/11 	240.71612548828125	248.5211639404297	236.82192993164062	240.71612548828125	631258	2018/05/11 
2018/05/14 	247.6641082763672	249.53631591796875	241.30691528320312	247.6641082763672	764324	2018/05/14 
2018/05/15 	279.5748596191406	279.58319091796875	244.63528442382812	279.5748596191406	2795311	2018/05/15 
2018/05/16 	318.6915588378906	325.3399658203125	278.7510986328125	318.6915588378906	2855585	2018/05/16 
2018/05/17 	337.388671875	351.1348571777344	324.5162048339844	337.388671875	1487045	2018/05/17 
2018/05/18 	331.9800720214844	349.46234130859375	324.60772705078125	331.9800720214844	1260716	2018/05/18 
2018/05/21 	325.3482971191406	338.6534423828125	325.3482971191406	325.3482971191406	855912	2018/05/21 
2018/05/22 	323.8172302246094	330.50726318359375	317.0356750488281	323.8172302246094	802444	2018/05/22 
2018/05/23 	334.5013122558594	340.8501892089844	319.5486145019531	334.5013122558594	1172402	2018/05/23 
2018/05/24 	332.0050354003906	338.6617736816406	327.4368591308594	332.0050354003906	350148	2018/05/24 
2018/05/25 	336.1405334472656	336.14886474609375	327.4451599121094	336.1405334472656	374640	2018/05/25 
2018/05/28 	340.4008483886719	340.53399658203125	331.1812744140625	340.4008483886719	511335	2018/05/28 
2018/05/29 	378.60223388671875	388.57904052734375	337.089111328125	378.60223388671875	1711319	2018/05/29 
2018/05/30 	400.6443786621094	401.0604248046875	365.29705810546875	400.6443786621094	1389975	2018/05/30 
2018/05/31 	397.3160095214844	406.88507080078125	391.9240417480469	397.3160095214844	1398244	2018/05/31 
2018/06/01 	392.739501953125	399.396240234375	389.43609619140625	392.739501953125	580067	2018/06/01 
2018/06/04 	394.8030700683594	396.3424377441406	381.93060302734375	394.8030700683594	707274	2018/06/04 
2018/06/05 	418.53436279296875	418.53436279296875	389.4277648925781	418.53436279296875	1122878	2018/06/05 
2018/06/06 	439.3367004394531	440.56817626953125	416.0380859375	439.3367004394531	1161255	2018/06/06 
2018/06/07 	422.7031555175781	449.88763427734375	416.8868103027344	422.7031555175781	805649	2018/06/07 
2018/06/08 	411.8859558105469	428.5278015136719	401.91748046875	411.8859558105469	1032710	2018/06/08 
2018/06/11 	427.3462219238281	434.3441162109375	411.8859558105469	427.3462219238281	631268	2018/06/11 
2018/06/12 	494.86224365234375	498.415283203125	420.2152099609375	494.86224365234375	1507474	2018/06/12 
2018/06/13 	481.75677490234375	500.1210632324219	462.4355773925781	481.75677490234375	1330595	2018/06/13 
2018/06/14 	482.61383056640625	508.0009765625	456.9104919433594	482.61383056640625	1716088	2018/06/14 
2018/06/15 	504.99713134765625	514.9406127929688	482.61383056640625	504.99713134765625	883281	2018/06/15 
2018/06/19 	498.415283203125	515.8892211914062	487.6147155761719	498.415283203125	833790	2018/06/19 
2018/06/20 	494.86224365234375	500.91156005859375	463.4757080078125	494.86224365234375	1057669	2018/06/20 
2018/06/21 	506.25360107421875	506.25360107421875	486.79095458984375	506.25360107421875	543446	2018/06/21 
2018/06/22 	490.93475341796875	505.90411376953125	480.9579772949219	490.93475341796875	468422	2018/06/22 
2018/06/25 	459.3069152832031	499.24737548828125	455.1630859375	459.3069152832031	1228489	2018/06/25 
2018/06/26 	434.0279235839844	458.483154296875	416.0464172363281	434.0279235839844	1421629	2018/06/26 
2018/06/27 	439.8775634765625	457.6343994140625	424.78338623046875	439.8775634765625	607539	2018/06/27 
2018/06/28 	436.0083312988281	442.37384033203125	428.5361328125	436.0083312988281	452640	2018/06/28 
2018/06/29 	436.8487243652344	442.6650695800781	432.69659423828125	436.8487243652344	446446	2018/06/29 
2018/07/02 	426.0315246582031	445.1696472167969	422.71978759765625	426.0315246582031	470763	2018/07/02 
2018/07/03 	409.38134765625	436.8404235839844	403.5733337402344	409.38134765625	634133	2018/07/03 
2018/07/04 	382.7460632324219	411.87762451171875	367.5853271484375	382.7460632324219	912895	2018/07/04 
2018/07/05 	412.7180480957031	416.0380859375	374.4501037597656	412.7180480957031	685906	2018/07/05 
2018/07/06 	424.37567138671875	432.679931640625	407.7337951660156	424.37567138671875	524791	2018/07/06 
2018/07/09 	434.3441162109375	456.8106384277344	424.37567138671875	434.3441162109375	521464	2018/07/09 
2018/07/10 	407.7171630859375	439.6861572265625	401.9091491699219	407.7171630859375	828671	2018/07/10 
2018/07/11 	407.7254943847656	417.7022705078125	395.2524108886719	407.7254943847656	266941	2018/07/11 
2018/07/12 	421.8710632324219	426.0315246582031	407.7337951660156	421.8710632324219	287495	2018/07/12 
2018/07/13 	445.9934387207031	446.68408203125	423.5435791015625	445.9934387207031	589552	2018/07/13 
2018/07/16 	434.0695495605469	451.826416015625	426.8719482421875	434.0695495605469	453300	2018/07/16 
2018/07/17 	389.7605895996094	438.5129089355469	372.7942199707031	389.7605895996094	2135819	2018/07/17 
2018/07/18 	340.74200439453125	391.90740966796875	333.67755126953125	340.74200439453125	1960707	2018/07/18 
2018/07/19 	354.8959045410156	370.48931884765625	338.67010498046875	354.8959045410156	1003110	2018/07/19 
2018/07/20 	347.8064880371094	364.4483337402344	337.8380126953125	347.8064880371094	605591	2018/07/20 
2018/07/23 	351.1431579589844	354.4632263183594	339.909912109375	351.1431579589844	317304	2018/07/23 
2018/07/24 	357.7999267578125	366.1125183105469	347.8231201171875	357.7999267578125	1040305	2018/07/24 
2018/07/25 	383.8028259277344	393.57159423828125	356.1357421875	383.8028259277344	1137192	2018/07/25 
2018/07/26 	414.2900085449219	433.989990234375	390.0	414.2900085449219	781456	2018/07/26 
2018/07/27 	411.0	437.989990234375	406.20001220703125	411.0	750370	2018/07/27 
2018/07/30 	389.989990234375	421.20001220703125	375.0	389.989990234375	790122	2018/07/30 
2018/07/31 	368.0	392.0	350.010009765625	368.0	1537995	2018/07/31 
2018/08/01 	377.7900085449219	387.989990234375	370.0	377.7900085449219	728888	2018/08/01 
2018/08/02 	352.0	380.0	349.010009765625	352.0	748639	2018/08/02 
2018/08/03 	361.1499938964844	366.1600036621094	349.0	361.1499938964844	506120	2018/08/03 
2018/08/06 	363.1400146484375	367.7900085449219	357.2099914550781	363.1400146484375	287393	2018/08/06 
2018/08/07 	341.0	366.989990234375	340.010009765625	341.0	1275895	2018/08/07 
2018/08/08 	319.010009765625	350.0	307.1000061035156	319.010009765625	1442611	2018/08/08 
2018/08/09 	312.29998779296875	321.989990234375	299.0	312.29998779296875	902598	2018/08/09 
2018/08/10 	341.07000732421875	342.989990234375	306.1099853515625	341.07000732421875	1004921	2018/08/10 
2018/08/13 	339.8500061035156	345.0	329.0199890136719	339.8500061035156	654548	2018/08/13 
2018/08/14 	351.0	355.5	334.010009765625	351.0	458689	2018/08/14 
2018/08/15 	345.989990234375	358.989990234375	341.010009765625	345.989990234375	476545	2018/08/15 
2018/08/16 	335.0	344.7900085449219	325.0199890136719	335.0	409989	2018/08/16 
2018/08/17 	337.9800109863281	348.0	331.5	337.9800109863281	255144	2018/08/17 
2018/08/20 	311.010009765625	337.0	308.510009765625	311.010009765625	525298	2018/08/20 
2018/08/21 	310.010009765625	320.489990234375	310.0	310.010009765625	217954	2018/08/21 
2018/08/22 	306.0	316.989990234375	306.0	306.0	252135	2018/08/22 
2018/08/23 	308.489990234375	312.989990234375	305.010009765625	308.489990234375	269939	2018/08/23 
2018/08/24 	301.010009765625	310.0	299.1099853515625	301.010009765625	412275	2018/08/24 
2018/08/27 	313.989990234375	316.989990234375	303.0	313.989990234375	458721	2018/08/27 
2018/08/28 	324.0199890136719	330.989990234375	317.4100036621094	324.0199890136719	415051	2018/08/28 
2018/08/29 	334.05999755859375	338.0	325.0199890136719	334.05999755859375	449398	2018/08/29 
2018/08/30 	354.489990234375	354.489990234375	335.0400085449219	354.489990234375	836197	2018/08/30 
2018/08/31 	353.0	366.0	348.0	353.0	1040062	2018/08/31 
2018/09/03 	327.989990234375	354.0	323.0	327.989990234375	604324	2018/09/03 
2018/09/04 	345.0	351.489990234375	328.0	345.0	271915	2018/09/04 
2018/09/05 	338.0	351.2900085449219	336.9100036621094	338.0	398942	2018/09/05 
2018/09/06 	342.989990234375	346.989990234375	331.0899963378906	342.989990234375	577434	2018/09/06 
2018/09/07 	342.8599853515625	354.989990234375	331.010009765625	342.8599853515625	549353	2018/09/07 
2018/09/10 	342.989990234375	357.0	338.010009765625	342.989990234375	691858	2018/09/10 
2018/09/11 	330.989990234375	345.989990234375	326.010009765625	330.989990234375	478534	2018/09/11 
2018/09/12 	301.010009765625	334.489990234375	297.010009765625	301.010009765625	1107817	2018/09/12 
2018/09/13 	261.260009765625	310.0	261.260009765625	261.260009765625	2028836	2018/09/13 
2018/09/14 	260.989990234375	280.8900146484375	244.0	260.989990234375	2428701	2018/09/14 
2018/09/17 	273.6700134277344	275.4599914550781	255.0	273.6700134277344	703182	2018/09/17 
2018/09/18 	264.989990234375	273.0	258.0	264.989990234375	390552	2018/09/18 
2018/09/19 	268.989990234375	269.989990234375	260.1000061035156	268.989990234375	346100	2018/09/19 
2018/09/20 	265.989990234375	272.989990234375	263.010009765625	265.989990234375	281893	2018/09/20 
2018/09/21 	291.989990234375	293.7900085449219	265.010009765625	291.989990234375	778302	2018/09/21 
2018/09/25 	307.510009765625	310.989990234375	280.0	307.510009765625	898080	2018/09/25 
2018/09/26 	292.010009765625	314.989990234375	286.0199890136719	292.010009765625	564820	2018/09/26 
2018/09/27 	289.9700012207031	297.0	285.010009765625	289.9700012207031	268038	2018/09/27 
2018/09/28 	287.010009765625	294.94000244140625	283.0	287.010009765625	195917	2018/09/28 
2018/10/01 	291.489990234375	291.989990234375	285.5199890136719	291.489990234375	140481	2018/10/01 
2018/10/02 	289.989990234375	292.42999267578125	285.0	289.989990234375	178587	2018/10/02 
2018/10/03 	281.7900085449219	290.0	277.0	281.7900085449219	256651	2018/10/03 
2018/10/04 	264.3299865722656	283.989990234375	254.60000610351562	264.3299865722656	1040255	2018/10/04 
2018/10/05 	247.97999572753906	265.0	244.0	247.97999572753906	793944	2018/10/05 
2018/10/08 	217.30999755859375	245.0	213.00999450683594	217.30999755859375	1810390	2018/10/08 
2018/10/09 	230.0	234.99000549316406	218.0	230.0	878462	2018/10/09 
2018/10/11 	192.2899932861328	223.0	188.52999877929688	192.2899932861328	1558368	2018/10/11 
2018/10/12 	227.0	239.99000549316406	192.00999450683594	227.0	1258015	2018/10/12 
2018/10/15 	226.02000427246094	235.97999572753906	220.00999450683594	226.02000427246094	551933	2018/10/15 
2018/10/16 	225.00999450683594	232.97999572753906	223.00999450683594	225.00999450683594	298470	2018/10/16 
2018/10/17 	226.7899932861328	238.92999267578125	224.00999450683594	226.7899932861328	306836	2018/10/17 
2018/10/18 	225.97999572753906	226.88999938964844	213.02999877929688	225.97999572753906	405411	2018/10/18 
2018/10/19 	228.0	228.0	210.0	228.0	454029	2018/10/19 
2018/10/22 	235.00999450683594	239.49000549316406	221.02000427246094	235.00999450683594	591459	2018/10/22 
2018/10/23 	219.0	233.5	218.0	219.0	438243	2018/10/23 
2018/10/24 	224.0	228.72000122070312	218.00999450683594	224.0	212591	2018/10/24 
2018/10/25 	209.30999755859375	220.0	201.00999450683594	209.30999755859375	431384	2018/10/25 
2018/10/26 	212.0	220.00999450683594	204.27000427246094	212.0	271091	2018/10/26 
2018/10/29 	212.99000549316406	217.88999938964844	208.0	212.99000549316406	260661	2018/10/29 
2018/10/30 	209.3699951171875	213.7899932861328	207.0	209.3699951171875	121057	2018/10/30 
2018/10/31 	223.0	226.0	208.0	223.0	529675	2018/10/31 
2018/11/01 	228.00999450683594	233.77999877929688	222.0	228.00999450683594	506454	2018/11/01 
2018/11/02 	221.0	231.0	217.00999450683594	221.0	405502	2018/11/02 
2018/11/05 	223.2100067138672	226.55999755859375	219.0	223.2100067138672	189362	2018/11/05 
2018/11/06 	233.25	245.97999572753906	225.5	233.25	889069	2018/11/06 
2018/11/07 	230.75	238.1699981689453	229.00999450683594	230.75	371961	2018/11/07 
2018/11/08 	232.0	240.0	230.02000427246094	232.0	197056	2018/11/08 
2018/11/09 	231.72999572753906	233.72000122070312	229.50999450683594	231.72999572753906	238665	2018/11/09 
2018/11/12 	236.25	238.4600067138672	228.0	236.25	326330	2018/11/12 
2018/11/13 	231.5	234.0	228.61000061035156	231.5	298449	2018/11/13 
2018/11/14 	258.5	261.0	234.0	258.5	998594	2018/11/14 
2018/11/15 	294.0	304.20001220703125	259.0	294.0	1319467	2018/11/15 
2018/11/16 	290.010009765625	311.9800109863281	290.010009765625	290.010009765625	991235	2018/11/16 
2018/11/19 	289.0	295.0	275.0	289.0	550104	2018/11/19 
2018/11/20 	285.9700012207031	293.989990234375	282.30999755859375	285.9700012207031	493436	2018/11/20 
2018/11/21 	277.989990234375	281.989990234375	272.010009765625	277.989990234375	638545	2018/11/21 
2018/11/22 	277.8800048828125	286.489990234375	274.010009765625	277.8800048828125	283273	2018/11/22 
2018/11/23 	277.989990234375	281.7900085449219	274.5199890136719	277.989990234375	139181	2018/11/23 
2018/11/26 	283.8599853515625	285.9800109863281	277.0	283.8599853515625	306899	2018/11/26 
2018/11/27 	283.5	287.989990234375	280.010009765625	283.5	312460	2018/11/27 
2018/11/28 	300.989990234375	303.989990234375	284.010009765625	300.989990234375	926925	2018/11/28 
2018/11/29 	299.989990234375	318.5199890136719	294.010009765625	299.989990234375	823008	2018/11/29 
2018/11/30 	299.989990234375	301.0	290.1099853515625	299.989990234375	413108	2018/11/30 
2018/12/03 	315.489990234375	317.989990234375	300.1000061035156	315.489990234375	852990	2018/12/03 
2018/12/04 	316.79998779296875	324.989990234375	306.5400085449219	316.79998779296875	763800	2018/12/04 
2018/12/05 	308.989990234375	316.79998779296875	295.010009765625	308.989990234375	482305	2018/12/05 
2018/12/06 	294.05999755859375	308.989990234375	292.010009765625	294.05999755859375	714172	2018/12/06 
2018/12/07 	317.69000244140625	320.3800048828125	300.0	317.69000244140625	872067	2018/12/07 
2018/12/10 	315.0	317.9800109863281	303.0	315.0	516613	2018/12/10 
2018/12/11 	319.0	328.0	311.010009765625	319.0	854618	2018/12/11 
2018/12/12 	315.9599914550781	326.489990234375	310.010009765625	315.9599914550781	683644	2018/12/12 
2018/12/13 	308.0	318.8500061035156	302.010009765625	308.0	482549	2018/12/13 
2018/12/14 	304.989990234375	307.989990234375	300.0	304.989990234375	315573	2018/12/14 
2018/12/17 	302.6600036621094	309.9200134277344	296.0	302.6600036621094	378394	2018/12/17 
2018/12/18 	293.0	298.989990234375	290.6099853515625	293.0	332594	2018/12/18 
2018/12/19 	287.07000732421875	298.989990234375	286.0	287.07000732421875	394228	2018/12/19 
2018/12/20 	269.0400085449219	287.07000732421875	269.010009765625	269.0400085449219	667957	2018/12/20 
2018/12/21 	275.0	275.989990234375	267.010009765625	275.0	373718	2018/12/21 
2018/12/24 	292.9800109863281	292.9800109863281	282.010009765625	292.9800109863281	293112	2018/12/24 
2018/12/25 	281.010009765625	294.8500061035156	277.0199890136719	281.010009765625	253139	2018/12/25 
2018/12/26 	283.010009765625	292.989990234375	282.010009765625	283.010009765625	285256	2018/12/26 
2018/12/27 	287.0	293.989990234375	285.0	287.0	232366	2018/12/27 
2018/12/28 	277.0	287.29998779296875	275.0	277.0	323681	2018/12/28 
2019/01/02 	280.5	285.989990234375	278.010009765625	280.5	161738	2019/01/02 
2019/01/03 	277.20001220703125	281.989990234375	271.0	277.20001220703125	241290	2019/01/03 
2019/01/04 	267.9800109863281	273.5	260.010009765625	267.9800109863281	354305	2019/01/04 
2019/01/07 	274.9700012207031	277.8800048828125	270.0	274.9700012207031	181587	2019/01/07 
2019/01/08 	270.5	276.989990234375	269.2699890136719	270.5	173960	2019/01/08 
2019/01/09 	297.0	300.989990234375	275.0	297.0	1154068	2019/01/09 
2019/01/10 	321.0	322.989990234375	297.1000061035156	321.0	2158591	2019/01/10 
2019/01/11 	318.9800109863281	327.989990234375	314.010009765625	318.9800109863281	950098	2019/01/11 
2019/01/14 	320.5899963378906	325.9800109863281	317.0	320.5899963378906	757680	2019/01/14 
2019/01/15 	327.9800109863281	327.9800109863281	312.5899963378906	327.9800109863281	1184769	2019/01/15 
2019/01/16 	349.9700012207031	350.989990234375	325.8399963378906	349.9700012207031	1453218	2019/01/16 
2019/01/17 	337.0400085449219	356.989990234375	335.0	337.0400085449219	665549	2019/01/17 
2019/01/18 	327.0	342.989990234375	325.010009765625	327.0	882422	2019/01/18 
2019/01/21 	318.0	332.989990234375	316.0299987792969	318.0	842818	2019/01/21 
2019/01/22 	323.0	325.989990234375	314.6499938964844	323.0	348903	2019/01/22 
2019/01/23 	320.4700012207031	325.0	317.010009765625	320.4700012207031	244826	2019/01/23 
2019/01/24 	334.989990234375	335.0	323.510009765625	334.989990234375	645360	2019/01/24 
2019/01/25 	322.29998779296875	335.0	319.0	322.29998779296875	481043	2019/01/25 
2019/01/28 	321.989990234375	325.0	316.510009765625	321.989990234375	333551	2019/01/28 
2019/01/29 	322.9800109863281	323.94000244140625	317.5199890136719	322.9800109863281	217126	2019/01/29 
2019/01/30 	321.0	325.989990234375	319.510009765625	321.0	383713	2019/01/30 
2019/02/11 	323.6099853515625	329.989990234375	320.5	323.6099853515625	667687	2019/02/11 
2019/02/12 	334.0799865722656	339.8900146484375	323.6000061035156	334.0799865722656	851192	2019/02/12 
2019/02/13 	335.0199890136719	338.9800109863281	332.010009765625	335.0199890136719	619710	2019/02/13 
2019/02/14 	335.9800109863281	339.989990234375	332.1099853515625	335.9800109863281	532440	2019/02/14 
2019/02/15 	342.0	344.989990234375	332.0199890136719	342.0	964274	2019/02/15 
2019/02/18 	362.9100036621094	369.82000732421875	342.79998779296875	362.9100036621094	1895414	2019/02/18 
2019/02/19 	380.0	387.9599914550781	361.010009765625	380.0	1950160	2019/02/19 
2019/02/20 	365.5	396.989990234375	358.0	365.5	1798932	2019/02/20 
2019/02/21 	372.989990234375	374.9800109863281	359.1099853515625	372.989990234375	1001858	2019/02/21 
2019/02/22 	353.989990234375	376.989990234375	349.0	353.989990234375	1600241	2019/02/22 
2019/02/25 	360.8599853515625	363.1099853515625	340.2799987792969	360.8599853515625	1801157	2019/02/25 
2019/02/26 	366.1600036621094	369.19000244140625	360.0	366.1600036621094	996908	2019/02/26 
2019/02/27 	373.1499938964844	375.1700134277344	364.510009765625	373.1499938964844	1112173	2019/02/27 
2019/03/04 	396.2799987792969	396.9800109863281	372.010009765625	396.2799987792969	4259707	2019/03/04 
2019/03/05 	393.29998779296875	404.489990234375	390.0199890136719	393.29998779296875	1974666	2019/03/05 
2019/03/06 	390.0	395.0	384.010009765625	390.0	1168363	2019/03/06 
2019/03/07 	385.8900146484375	392.9800109863281	380.8699951171875	385.8900146484375	1161454	2019/03/07 
2019/03/08 	398.989990234375	398.989990234375	377.010009765625	398.989990234375	1064910	2019/03/08 
2019/03/11 	386.9800109863281	398.989990234375	383.05999755859375	386.9800109863281	902335	2019/03/11 
2019/03/12 	389.2099914550781	397.5	385.0	389.2099914550781	734722	2019/03/12 
2019/03/13 	376.3900146484375	392.989990234375	370.0199890136719	376.3900146484375	1890407	2019/03/13 
2019/03/14 	381.3999938964844	386.30999755859375	375.0199890136719	381.3999938964844	525084	2019/03/14 
2019/03/15 	378.0	383.0	376.0199890136719	378.0	520318	2019/03/15 
2019/03/18 	382.0	383.29998779296875	376.5	382.0	609357	2019/03/18 
2019/03/19 	389.989990234375	392.989990234375	373.0199890136719	389.989990234375	1222440	2019/03/19 
2019/03/20 	384.5	390.989990234375	381.0299987792969	384.5	1131749	2019/03/20 
2019/03/21 	383.0	389.989990234375	379.5199890136719	383.0	1059521	2019/03/21 
2019/03/22 	387.9800109863281	390.4800109863281	381.0	387.9800109863281	1264573	2019/03/22 
2019/03/25 	381.82000732421875	387.0	378.0199890136719	381.82000732421875	1143216	2019/03/25 
2019/03/26 	384.0	389.989990234375	380.0	384.0	1805899	2019/03/26 
2019/03/27 	370.0	387.0	362.0	378.0	7122919	2019/03/27 
2019/03/28 	375.0	391.5	374.0	390.5	4537483	2019/03/28 
2019/03/29 	393.0	398.0	390.0	392.5	3122075	2019/03/29 
2019/04/01 	396.5	397.5	380.5	381.0	2862326	2019/04/01 
2019/04/02 	381.0	383.5	371.5	381.5	3130654	2019/04/02 
2019/04/03 	379.0	384.0	376.5	378.0	1540882	2019/04/03 
2019/04/08 	380.5	381.0	341.0	354.5	4088688	2019/04/08 
2019/04/09 	349.0	353.0	337.0	350.0	2586989	2019/04/09 
2019/04/10 	348.0	362.5	345.0	357.5	1876623	2019/04/10 
2019/04/11 	352.0	358.5	349.5	352.5	1124908	2019/04/11 
2019/04/12 	354.5	356.5	349.5	355.5	673448	2019/04/12 
2019/04/15 	359.5	360.0	352.5	355.0	565748	2019/04/15 
2019/04/16 	357.0	366.5	356.0	364.0	1062671	2019/04/16 
2019/04/17 	365.0	368.5	361.5	363.0	858162	2019/04/17 
2019/04/18 	365.0	366.0	346.0	348.0	1111233	2019/04/18 
2019/04/19 	348.0	351.5	336.0	342.0	1669688	2019/04/19 
2019/04/22 	341.0	341.0	325.0	328.0	2007153	2019/04/22 
2019/04/23 	326.5	326.5	313.0	316.0	2258599	2019/04/23 
2019/04/24 	316.0	333.5	308.5	330.0	2454720	2019/04/24 
2019/04/25 	327.0	327.0	320.0	325.0	913084	2019/04/25 
2019/04/26 	324.5	324.5	315.5	316.0	788252	2019/04/26 
2019/04/29 	320.5	327.5	318.0	318.5	907155	2019/04/29 
2019/04/30 	318.5	323.0	316.0	321.5	393703	2019/04/30 
2019/05/02 	324.0	331.5	321.5	331.0	831581	2019/05/02 
2019/05/03 	347.5	358.0	339.0	358.0	3140973	2019/05/03 
2019/05/06 	352.0	361.0	342.0	358.5	2178224	2019/05/06 
2019/05/07 	358.5	370.0	358.5	368.5	2029032	2019/05/07 
2019/05/08 	363.0	374.0	360.0	371.5	1585134	2019/05/08 
2019/05/09 	374.0	374.5	351.0	354.0	1955553	2019/05/09 
2019/05/10 	356.0	367.0	353.0	357.5	1222842	2019/05/10 
2019/05/13 	352.0	357.5	341.5	345.0	1030663	2019/05/13 
2019/05/14 	335.0	348.0	327.5	342.5	1060727	2019/05/14 
2019/05/15 	342.5	352.0	341.5	342.0	1069474	2019/05/15 
2019/05/16 	344.0	346.5	337.0	337.0	473473	2019/05/16 
2019/05/17 	340.5	343.0	323.0	323.5	881222	2019/05/17 
2019/05/20 	326.0	333.0	321.0	327.0	828911	2019/05/20 
2019/05/21 	327.0	358.0	325.0	358.0	1232388	2019/05/21 
2019/05/22 	365.0	374.0	364.0	370.0	3221346	2019/05/22 
2019/05/23 	370.5	370.5	354.0	361.0	2057359	2019/05/23 
2019/05/24 	360.0	371.0	360.0	364.0	1222508	2019/05/24 
2019/05/27 	368.0	369.0	360.0	362.5	599301	2019/05/27 
2019/05/28 	365.0	369.0	358.5	365.0	655105	2019/05/28 
2019/05/29 	361.0	364.5	355.5	358.0	680263	2019/05/29 
2019/05/30 	358.0	362.0	355.5	360.0	517295	2019/05/30 
2019/05/31 	335.0	338.5	324.0	327.0	4171464	2019/05/31 
2019/06/03 	311.5	323.0	300.5	323.0	2525719	2019/06/03 
2019/06/04 	315.0	318.0	308.0	308.5	1259701	2019/06/04 
2019/06/05 	322.0	327.0	315.5	322.0	1506761	2019/06/05 
2019/06/06 	318.5	326.0	315.5	324.5	725598	2019/06/06 
2019/06/10 	354.5	355.0	342.5	355.0	2287477	2019/06/10 
2019/06/11 	350.0	357.0	345.5	350.0	910852	2019/06/11 
2019/06/12 	353.0	353.5	347.0	349.5	355579	2019/06/12 
2019/06/13 	351.5	351.5	341.5	344.0	335019	2019/06/13 
2019/06/14 	344.0	344.0	333.5	334.5	580953	2019/06/14 
2019/06/17 	335.0	338.0	331.0	332.0	298576	2019/06/17 
2019/06/18 	332.0	332.0	325.0	325.5	618065	2019/06/18 
2019/06/19 	334.0	343.0	331.0	341.5	1012774	2019/06/19 
2019/06/20 	339.0	349.0	336.0	349.0	1024656	2019/06/20 
2019/06/21 	350.0	354.5	345.5	350.0	1257570	2019/06/21 
2019/06/24 	348.0	350.0	343.0	347.0	435207	2019/06/24 
2019/06/25 	348.0	350.0	346.5	347.5	443783	2019/06/25 
2019/06/26 	349.5	360.0	349.5	352.5	1801724	2019/06/26 
2019/06/27 	354.0	357.0	351.0	353.5	863740	2019/06/27 
2019/06/28 	354.0	354.5	350.5	353.5	377112	2019/06/28 
2019/07/01 	358.0	361.0	355.0	356.0	692780	2019/07/01 
2019/07/02 	358.5	358.5	351.5	351.5	284908	2019/07/02 
2019/07/03 	353.0	353.0	348.0	351.5	359285	2019/07/03 
2019/07/04 	352.0	368.5	352.0	366.5	2120459	2019/07/04 
2019/07/05 	368.0	369.5	363.0	367.0	1069378	2019/07/05 
2019/07/08 	368.0	369.0	359.0	360.0	810561	2019/07/08 
2019/07/09 	359.0	361.0	352.0	353.0	583816	2019/07/09 
2019/07/10 	362.5	365.5	355.0	356.5	1700943	2019/07/10 
2019/07/11 	345.5	353.0	345.0	350.5	1714390	2019/07/11 
2019/07/12 	352.5	353.0	347.0	347.5	479481	2019/07/12 
2019/07/15 	348.5	356.0	347.5	354.0	736298	2019/07/15 
2019/07/16 	355.0	364.0	353.0	361.0	1239134	2019/07/16 
2019/07/17 	362.5	362.5	357.0	360.0	738429	2019/07/17 
2019/07/18 	359.5	361.5	355.0	360.5	526574	2019/07/18 
2019/07/19 	364.5	368.0	352.0	354.0	1067709	2019/07/19 
2019/07/22 	356.0	358.5	351.5	355.0	452709	2019/07/22 
2019/07/23 	358.0	359.0	355.0	357.0	416350	2019/07/23 
2019/07/24 	358.0	383.0	358.0	379.0	3656581	2019/07/24 
2019/07/25 	381.5	397.0	376.0	381.5	4269812	2019/07/25 
2019/07/26 	384.5	395.0	382.5	392.5	2624213	2019/07/26 
2019/07/29 	392.5	400.5	390.0	391.0	1918479	2019/07/29 
2019/07/30 	393.0	395.5	374.0	381.0	1814437	2019/07/30 
2019/07/31 	383.0	385.0	374.5	382.0	1249173	2019/07/31 
2019/08/01 	379.0	396.0	379.0	391.0	3034327	2019/08/01 
2019/08/02 	393.0	396.0	381.0	392.5	2878468	2019/08/02 
2019/08/05 	395.0	396.0	375.0	375.5	2327506	2019/08/05 
2019/08/06 	361.5	381.0	361.5	378.5	2010180	2019/08/06 
2019/08/07 	382.0	384.5	377.5	382.5	1273823	2019/08/07 
2019/08/08 	389.5	412.5	387.0	412.0	5987313	2019/08/08 
2019/08/12 	409.5	430.5	407.0	408.0	4428981	2019/08/12 
2019/08/13 	415.5	423.0	400.5	415.0	3864876	2019/08/13 
2019/08/14 	428.0	430.0	418.0	422.0	4060465	2019/08/14 
2019/08/15 	413.0	421.5	411.0	421.5	2057596	2019/08/15 
2019/08/16 	424.0	427.5	416.5	421.0	1938884	2019/08/16 
2019/08/19 	425.0	449.5	423.5	441.0	3209432	2019/08/19 
2019/08/20 	446.0	463.0	443.5	448.0	2915462	2019/08/20 
2019/08/21 	446.0	458.5	445.0	445.0	1630269	2019/08/21 
2019/08/22 	452.0	461.0	448.0	455.0	1999358	2019/08/22 
2019/08/23 	459.5	465.0	431.5	431.5	2960752	2019/08/23 
2019/08/26 	421.5	439.5	415.0	420.5	3283425	2019/08/26 
2019/08/27 	433.0	434.0	423.0	424.0	1500285	2019/08/27 
2019/08/28 	426.0	438.5	426.0	433.5	1728233	2019/08/28 
2019/08/29 	436.5	438.5	423.0	430.0	1821828	2019/08/29 
2019/08/30 	438.0	445.0	430.0	430.0	1502194	2019/08/30 
2019/09/02 	435.0	450.0	432.0	450.0	1954872	2019/09/02 
2019/09/03 	453.0	455.0	438.0	441.5	1322938	2019/09/03 
2019/09/04 	444.0	446.5	436.0	440.0	1356454	2019/09/04 
2019/09/05 	444.0	444.5	432.0	439.0	1098250	2019/09/05 
2019/09/06 	443.0	447.5	435.5	444.5	1246419	2019/09/06 
2019/09/10 	420.0	424.0	416.0	418.5	2274590	2019/09/10 
2019/09/11 	415.5	424.5	413.5	422.5	1000121	2019/09/11 
2019/09/12 	426.0	431.0	424.5	429.5	1027781	2019/09/12 
2019/09/16 	434.5	449.5	433.0	446.5	2566658	2019/09/16 
2019/09/17 	449.0	453.5	444.0	448.5	1172825	2019/09/17 
2019/09/18 	448.0	454.5	447.5	451.5	923775	2019/09/18 
2019/09/19 	459.0	464.5	437.5	440.0	2940476	2019/09/19 
2019/09/20 	445.5	468.5	445.0	467.0	6566297	2019/09/20 
2019/09/23 	466.0	474.0	458.5	460.5	1568894	2019/09/23 
2019/09/24 	465.5	468.5	455.5	459.5	1143323	2019/09/24 
2019/09/25 	459.0	460.5	455.5	457.0	691510	2019/09/25 
2019/09/26 	461.0	464.0	455.0	458.0	816001	2019/09/26 
2019/09/27 	459.0	461.0	438.0	441.5	1457785	2019/09/27 
2019/10/01 	443.0	447.0	436.0	437.0	1114845	2019/10/01 
2019/10/02 	438.0	449.5	437.0	449.0	1015932	2019/10/02 
2019/10/03 	443.5	458.0	443.5	455.5	1170970	2019/10/03 
2019/10/04 	459.0	460.5	451.0	454.0	936052	2019/10/04 
2019/10/07 	461.5	463.0	456.0	456.0	1398969	2019/10/07 
2019/10/08 	461.0	489.0	458.0	481.0	3344745	2019/10/08 
2019/10/09 	478.5	490.5	472.0	485.0	2137196	2019/10/09 
2019/10/14 	485.0	502.0	480.0	495.0	2627161	2019/10/14 
2019/10/15 	499.0	518.0	494.0	494.5	3079945	2019/10/15 
2019/10/16 	499.5	505.0	482.0	485.5	1800257	2019/10/16 
2019/10/17 	489.5	505.0	486.5	505.0	2235988	2019/10/17 
2019/10/18 	505.0	505.0	492.0	495.0	1256849	2019/10/18 
2019/10/21 	495.0	498.5	486.5	489.5	713437	2019/10/21 
2019/10/22 	496.0	504.0	492.5	499.0	1135542	2019/10/22 
2019/10/23 	510.0	517.0	503.0	508.0	2525876	2019/10/23 
2019/10/24 	511.0	525.0	510.0	525.0	2391110	2019/10/24 
2019/10/25 	528.0	534.0	512.0	518.0	1619118	2019/10/25 
2019/10/28 	525.0	538.0	524.0	535.0	1820470	2019/10/28 
2019/10/29 	541.0	547.0	534.0	545.0	1780841	2019/10/29 
2019/10/30 	549.0	557.0	540.0	542.0	1414923	2019/10/30 
2019/10/31 	549.0	583.0	547.0	579.0	2941084	2019/10/31 
2019/11/01 	572.0	573.0	551.0	558.0	2569468	2019/11/01 
2019/11/04 	557.0	560.0	525.0	532.0	3387487	2019/11/04 
2019/11/05 	528.0	533.0	488.0	490.0	5854256	2019/11/05 
2019/11/06 	499.5	510.0	494.0	507.0	3823679	2019/11/06 
2019/11/07 	513.0	518.0	489.0	499.0	2794159	2019/11/07 
2019/11/08 	510.0	531.0	505.0	524.0	4245546	2019/11/08 
2019/11/11 	519.0	522.0	503.0	506.0	1716802	2019/11/11 
2019/11/12 	514.0	525.0	504.0	523.0	2392154	2019/11/12 
2019/11/13 	527.0	527.0	509.0	524.0	2043226	2019/11/13 
2019/11/14 	528.0	540.0	524.0	536.0	2405060	2019/11/14 
2019/11/15 	542.0	554.0	537.0	547.0	2236069	2019/11/15 
2019/11/18 	550.0	554.0	544.0	554.0	1081868	2019/11/18 
2019/11/19 	557.0	561.0	543.0	550.0	1773115	2019/11/19 
2019/11/20 	552.0	556.0	535.0	539.0	1926150	2019/11/20 
2019/11/21 	530.0	551.0	526.0	550.0	1907373	2019/11/21 
2019/11/22 	545.0	559.0	545.0	548.0	1431845	2019/11/22 
2019/11/25 	554.0	558.0	545.0	558.0	1351678	2019/11/25 
2019/11/26 	565.0	566.0	547.0	557.0	9923651	2019/11/26 
2019/11/27 	552.0	555.0	544.0	546.0	1388231	2019/11/27 
2019/11/28 	549.0	555.0	546.0	548.0	773100	2019/11/28 
2019/11/29 	550.0	555.0	545.0	553.0	718442	2019/11/29 
2019/12/02 	556.0	556.0	545.0	550.0	727293	2019/12/02 
2019/12/03 	550.0	559.0	547.0	551.0	850070	2019/12/03 
2019/12/04 	554.0	561.0	549.0	561.0	1159553	2019/12/04 
2019/12/05 	568.0	587.0	564.0	580.0	2467808	2019/12/05 
2019/12/06 	585.0	586.0	572.0	575.0	1194311	2019/12/06 
2019/12/09 	579.0	582.0	573.0	579.0	715903	2019/12/09 
2019/12/10 	583.0	598.0	580.0	595.0	2007304	2019/12/10 
2019/12/11 	592.0	603.0	592.0	600.0	1289683	2019/12/11 
2019/12/12 	600.0	605.0	593.0	594.0	784050	2019/12/12 
2019/12/13 	599.0	621.0	599.0	619.0	2275568	2019/12/13 
2019/12/16 	619.0	620.0	606.0	618.0	7824	2019/12/16 
2019/12/17 	618.0	626.0	613.0	619.0	878280	2019/12/17 
2019/12/18 	624.0	630.0	610.0	614.0	1255368	2019/12/18 
2019/12/19 	616.0	624.0	611.0	616.0	948656	2019/12/19 
2019/12/20 	620.0	622.0	611.0	612.0	814035	2019/12/20 
2019/12/23 	616.0	628.0	612.0	627.0	1040298	2019/12/23 
2019/12/24 	628.0	629.0	624.0	627.0	393492	2019/12/24 
2019/12/25 	629.0	634.0	622.0	622.0	738839	2019/12/25 
2019/12/26 	626.0	626.0	609.0	614.0	813480	2019/12/26 
2019/12/27 	619.0	619.0	606.0	606.0	835461	2019/12/27 
2019/12/30 	614.0	642.0	612.0	639.0	2157706	2019/12/30 
2019/12/31 	635.0	639.0	626.0	635.0	989925	2019/12/31 
2020/01/02 	639.0	643.0	630.0	630.0	625618	2020/01/02 
2020/01/03 	639.0	659.0	620.0	625.0	2078572	2020/01/03 
2020/01/06 	628.0	636.0	621.0	632.0	701504	2020/01/06 
2020/01/07 	639.0	642.0	623.0	627.0	771847	2020/01/07 
2020/01/08 	616.0	628.0	614.0	627.0	888296	2020/01/08 
2020/01/09 	640.0	688.0	640.0	688.0	3899370	2020/01/09 
2020/01/10 	708.0	722.0	694.0	704.0	4166631	2020/01/10 
2020/01/13 	715.0	719.0	687.0	690.0	1513948	2020/01/13 
2020/01/14 	696.0	707.0	688.0	707.0	1004130	2020/01/14 
2020/01/15 	707.0	715.0	702.0	705.0	940633	2020/01/15 
2020/01/16 	705.0	709.0	691.0	709.0	911169	2020/01/16 
2020/01/17 	719.0	726.0	706.0	707.0	1013630	2020/01/17 
2020/01/20 	708.0	728.0	707.0	721.0	1132725	2020/01/20 
2020/01/30 	700.0	715.0	683.0	683.0	1918944	2020/01/30 
2020/01/31 	690.0	716.0	690.0	702.0	1460751	2020/01/31 
2020/02/03 	685.0	695.0	667.0	686.0	1766384	2020/02/03 
2020/02/04 	619.0	724.0	612.0	724.0	2211724	2020/02/04 
2020/02/05 	732.0	758.0	720.0	724.0	2388838	2020/02/05 
2020/02/06 	740.0	753.0	737.0	747.0	1464690	2020/02/06 
2020/02/07 	753.0	755.0	727.0	735.0	1300479	2020/02/07 
2020/02/10 	717.0	726.0	710.0	710.0	1339524	2020/02/10 
2020/02/11 	715.0	727.0	704.0	723.0	1631105	2020/02/11 
2020/02/12 	723.0	740.0	714.0	740.0	1454435	2020/02/12 
2020/02/13 	740.0	748.0	720.0	721.0	1198430	2020/02/13 
2020/02/14 	725.0	767.0	722.0	760.0	2946960	2020/02/14 
2020/02/17 	755.0	764.0	745.0	757.0	1227905	2020/02/17 
2020/02/18 	751.0	754.0	735.0	735.0	1331198	2020/02/18 
2020/02/19 	726.0	767.0	726.0	761.0	2408994	2020/02/19 
2020/02/20 	764.0	786.0	764.0	784.0	1956284	2020/02/20 
2020/02/21 	780.0	788.0	767.0	775.0	1259328	2020/02/21 
2020/02/24 	757.0	768.0	756.0	757.0	917382	2020/02/24 
2020/02/25 	746.0	767.0	745.0	757.0	1041205	2020/02/25 
2020/02/26 	750.0	763.0	740.0	742.0	1378975	2020/02/26 
2020/02/27 	750.0	756.0	706.0	724.0	1925926	2020/02/27 
2020/03/02 	712.0	728.0	702.0	712.0	1296985	2020/03/02 
2020/03/03 	730.0	744.0	701.0	701.0	2209001	2020/03/03 
2020/03/04 	697.0	713.0	691.0	703.0	1761209	2020/03/04 
2020/03/05 	728.0	746.0	725.0	745.0	2347424	2020/03/05 
2020/03/06 	745.0	745.0	725.0	725.0	1175237	2020/03/06 
2020/03/09 	709.0	722.0	692.0	692.0	1595069	2020/03/09 
2020/03/10 	685.0	720.0	684.0	720.0	1675273	2020/03/10 
2020/03/11 	733.0	741.0	704.0	709.0	1334823	2020/03/11 
2020/03/12 	710.0	710.0	640.0	647.0	2748771	2020/03/12 
2020/03/13 	591.0	698.0	583.0	698.0	3825222	2020/03/13 
2020/03/16 	680.0	708.0	661.0	661.0	2712240	2020/03/16 
2020/03/17 	635.0	698.0	635.0	674.0	2856683	2020/03/17 
2020/03/18 	695.0	695.0	641.0	641.0	2248997	2020/03/18 
2020/03/19 	632.0	649.0	577.0	577.0	3610922	2020/03/19 
2020/03/20 	613.0	628.0	590.0	611.0	3742926	2020/03/20 
2020/03/23 	585.0	642.0	565.0	639.0	2971233	2020/03/23 
2020/03/24 	670.0	694.0	658.0	668.0	2725704	2020/03/24 
2020/03/25 	695.0	707.0	674.0	677.0	2011511	2020/03/25 
2020/03/26 	689.0	699.0	670.0	697.0	1526481	2020/03/26 
2020/03/27 	704.0	714.0	670.0	677.0	2002324	2020/03/27 
2020/03/30 	662.0	684.0	661.0	674.0	1204260	2020/03/30 
2020/03/31 	689.0	704.0	681.0	702.0	2174804	2020/03/31 
2020/04/01 	702.0	702.0	684.0	695.0	1232182	2020/04/01 
2020/04/06 	703.0	715.0	698.0	715.0	1666089	2020/04/06 
2020/04/07 	732.0	745.0	726.0	738.0	1751633	2020/04/07 
2020/04/08 	736.0	741.0	711.0	712.0	1932426	2020/04/08 
2020/04/09 	718.0	722.0	698.0	698.0	1275159	2020/04/09 
2020/04/10 	702.0	705.0	669.0	673.0	1520161	2020/04/10 
2020/04/13 	674.0	683.0	660.0	661.0	791312	2020/04/13 
2020/04/14 	669.0	682.0	663.0	675.0	1084095	2020/04/14 
2020/04/15 	680.0	683.0	666.0	675.0	794945	2020/04/15 
2020/04/16 	664.0	674.0	661.0	663.0	1025342	2020/04/16 
2020/04/17 	674.0	688.0	645.0	663.0	2675892	2020/04/17 
2020/04/20 	668.0	668.0	645.0	651.0	1238549	2020/04/20 
2020/04/21 	648.0	663.0	646.0	651.0	1093167	2020/04/21 
2020/04/22 	650.0	654.0	640.0	647.0	873857	2020/04/22 
2020/04/23 	653.0	676.0	653.0	674.0	2007780	2020/04/23 
2020/04/24 	670.0	677.0	666.0	669.0	836143	2020/04/24 
2020/04/27 	680.0	685.0	675.0	683.0	844994	2020/04/27 
2020/04/28 	690.0	717.0	687.0	714.0	1824049	2020/04/28 
2020/04/29 	718.0	725.0	711.0	725.0	1454214	2020/04/29 
2020/04/30 	735.0	785.0	731.0	770.0	3043818	2020/04/30 
2020/05/04 	746.0	776.0	741.0	768.0	1495235	2020/05/04 
2020/05/05 	779.0	788.0	747.0	750.0	1600286	2020/05/05 
2020/05/06 	755.0	787.0	751.0	772.0	1738672	2020/05/06 
2020/05/07 	780.0	801.0	770.0	795.0	1677412	2020/05/07 
2020/05/08 	804.0	806.0	792.0	794.0	1062706	2020/05/08 
2020/05/11 	797.0	873.0	797.0	873.0	2791827	2020/05/11 
2020/05/12 	879.0	887.0	828.0	836.0	2504937	2020/05/12 
2020/05/13 	833.0	846.0	820.0	829.0	1437983	2020/05/13 
2020/05/14 	823.0	843.0	801.0	801.0	1675471	2020/05/14 
2020/05/15 	824.0	836.0	806.0	829.0	1802948	2020/05/15 
2020/05/18 	835.0	872.0	828.0	835.0	1811695	2020/05/18 
2020/05/19 	865.0	888.0	852.0	857.0	2147923	2020/05/19 
2020/05/20 	871.0	885.0	845.0	854.0	1603564	2020/05/20 
2020/05/21 	864.0	872.0	847.0	852.0	1029764	2020/05/21 
2020/05/22 	852.0	872.0	840.0	840.0	1287153	2020/05/22 
2020/05/25 	849.0	861.0	841.0	861.0	906054	2020/05/25 
2020/05/26 	869.0	887.0	864.0	866.0	1349588	2020/05/26 
2020/05/27 	877.0	884.0	861.0	866.0	1189844	2020/05/27 
2020/05/28 	874.0	883.0	845.0	845.0	1341926	2020/05/28 
2020/05/29 	841.0	850.0	797.0	801.0	3364617	2020/05/29 
2020/06/01 	812.0	834.0	807.0	832.0	1101371	2020/06/01 
2020/06/02 	825.0	834.0	751.0	762.0	3929143	2020/06/02 
2020/06/03 	790.0	790.0	747.0	759.0	2674986	2020/06/03 
2020/06/04 	780.0	796.0	762.0	764.0	2409944	2020/06/04 
2020/06/05 	771.0	772.0	743.0	751.0	2500376	2020/06/05 
2020/06/08 	765.0	779.0	754.0	776.0	1825057	2020/06/08 
2020/06/09 	778.0	796.0	764.0	790.0	2065109	2020/06/09 
2020/06/10 	815.0	857.0	809.0	819.0	4182646	2020/06/10 
2020/06/11 	823.0	848.0	804.0	804.0	2128004	2020/06/11 
2020/06/12 	786.0	813.0	772.0	811.0	1635746	2020/06/12 
2020/06/15 	818.0	830.0	788.0	793.0	1647931	2020/06/15 
2020/06/16 	816.0	833.0	811.0	833.0	1974011	2020/06/16 
2020/06/17 	841.0	845.0	813.0	815.0	2026114	2020/06/17 
2020/06/18 	828.0	833.0	817.0	830.0	1230701	2020/06/18 
2020/06/19 	835.0	842.0	818.0	830.0	2982755	2020/06/19 
2020/06/22 	826.0	834.0	815.0	817.0	1387839	2020/06/22 
2020/06/23 	820.0	825.0	791.0	793.0	1773544	2020/06/23 
2020/06/24 	798.0	806.0	780.0	799.0	1948352	2020/06/24 
2020/06/29 	799.0	815.0	786.0	790.0	1462617	2020/06/29 
2020/06/30 	801.0	812.0	792.0	802.0	1068929	2020/06/30 
2020/07/01 	820.0	872.0	820.0	839.0	3380165	2020/07/01 
2020/07/02 	852.0	858.0	827.0	844.0	2586934	2020/07/02 
2020/07/03 	828.0	829.0	805.0	805.0	2550011	2020/07/03 
2020/07/06 	805.0	827.0	805.0	817.0	1536716	2020/07/06 
2020/07/07 	826.0	832.0	811.0	812.0	1413557	2020/07/07 
2020/07/08 	819.0	836.0	809.0	812.0	1894769	2020/07/08 
2020/07/09 	868.0	868.0	805.0	812.0	4002692	2020/07/09 
2020/07/10 	812.0	820.0	781.0	781.0	2193618	2020/07/10 
2020/07/13 	794.0	802.0	781.0	792.0	1557674	2020/07/13 
2020/07/14 	786.0	792.0	779.0	782.0	1106282	2020/07/14 
2020/07/15 	791.0	792.0	768.0	770.0	1230837	2020/07/15 
2020/07/16 	777.0	779.0	757.0	760.0	1104569	2020/07/16 
2020/07/17 	768.0	768.0	746.0	753.0	1139126	2020/07/17 
2020/07/20 	753.0	797.0	748.0	797.0	2271861	2020/07/20 
2020/07/21 	801.0	807.0	783.0	787.0	1712506	2020/07/21 
2020/07/22 	798.0	830.0	786.0	819.0	2690985	2020/07/22 
2020/07/23 	824.0	833.0	809.0	826.0	1444152	2020/07/23 
2020/07/24 	820.0	820.0	751.0	773.0	2996324	2020/07/24 
2020/07/27 	784.0	798.0	760.0	788.0	1428247	2020/07/27 
2020/07/28 	786.0	805.0	772.0	778.0	1413619	2020/07/28 
2020/07/29 	788.0	788.0	765.0	771.0	769265	2020/07/29 
2020/07/30 	776.0	789.0	773.0	785.0	706679	2020/07/30 
2020/07/31 	790.0	790.0	768.0	784.0	807800	2020/07/31 
2020/08/03 	790.0	795.0	767.0	775.0	1077164	2020/08/03 
2020/08/04 	782.0	783.0	771.0	781.0	765369	2020/08/04 
2020/08/05 	784.0	805.0	781.0	789.0	1427812	2020/08/05 
2020/08/06 	801.0	801.0	778.0	782.0	668342	2020/08/06 
2020/08/07 	788.0	804.0	780.0	790.0	1448003	2020/08/07 
2020/08/10 	790.0	854.0	785.0	838.0	4509008	2020/08/10 
2020/08/11 	843.0	855.0	784.0	786.0	3386686	2020/08/11 
2020/08/12 	786.0	792.0	771.0	786.0	1234730	2020/08/12 
2020/08/13 	795.0	797.0	777.0	789.0	942242	2020/08/13 
2020/08/14 	790.0	790.0	774.0	782.0	1207479	2020/08/14 
2020/08/17 	781.0	810.0	779.0	796.0	950339	2020/08/17 
2020/08/18 	810.0	816.0	792.0	793.0	963327	2020/08/18 
2020/08/19 	799.0	812.0	790.0	806.0	1115534	2020/08/19 
2020/08/20 	806.0	806.0	745.0	753.0	2087549	2020/08/20 
2020/08/21 	766.0	775.0	758.0	770.0	954444	2020/08/21 
2020/08/24 	769.0	801.0	758.0	798.0	1250293	2020/08/24 
2020/08/25 	801.0	805.0	788.0	791.0	734740	2020/08/25 
2020/08/26 	801.0	810.0	792.0	796.0	795666	2020/08/26 
2020/08/27 	806.0	830.0	800.0	805.0	1756614	2020/08/27 
2020/08/28 	809.0	825.0	804.0	808.0	997415	2020/08/28 
2020/08/31 	820.0	825.0	782.0	782.0	1480273	2020/08/31 
2020/09/01 	786.0	800.0	768.0	800.0	970032	2020/09/01 
2020/09/02 	806.0	812.0	786.0	790.0	875022	2020/09/02 
2020/09/03 	798.0	799.0	770.0	775.0	1376670	2020/09/03 
2020/09/04 	758.0	764.0	751.0	759.0	1405132	2020/09/04 
2020/09/07 	741.0	741.0	684.0	684.0	2966270	2020/09/07 
2020/09/08 	685.0	707.0	655.0	707.0	3427513	2020/09/08 
2020/09/09 	684.0	688.0	661.0	665.0	2286178	2020/09/09 
2020/09/10 	674.0	690.0	662.0	677.0	1882878	2020/09/10 
2020/09/11 	663.0	671.0	656.0	660.0	1418455	2020/09/11 
2020/09/14 	655.0	682.0	655.0	680.0	1113164	2020/09/14 
2020/09/15 	680.0	688.0	671.0	685.0	541546	2020/09/15 
2020/09/16 	688.0	704.0	683.0	699.0	905642	2020/09/16 
2020/09/17 	690.0	696.0	683.0	683.0	619971	2020/09/17 
2020/09/18 	689.0	689.0	679.0	683.0	599231	2020/09/18 
2020/09/21 	680.0	707.0	680.0	692.0	915179	2020/09/21 
2020/09/22 	695.0	699.0	672.0	674.0	820336	2020/09/22 
2020/09/23 	680.0	683.0	671.0	671.0	634419	2020/09/23 
2020/09/24 	660.0	670.0	653.0	655.0	926841	2020/09/24 
2020/09/25 	662.0	665.0	643.0	645.0	693770	2020/09/25 
2020/09/28 	654.0	690.0	651.0	688.0	1303835	2020/09/28 
2020/09/29 	688.0	691.0	647.0	654.0	1682451	2020/09/29 
2020/09/30 	658.0	675.0	645.0	653.0	1593413	2020/09/30 
2020/10/05 	659.0	684.0	655.0	681.0	1736216	2020/10/05 
2020/10/06 	681.0	712.0	676.0	709.0	1725545	2020/10/06 
2020/10/07 	705.0	717.0	701.0	715.0	1088759	2020/10/07 
2020/10/08 	716.0	735.0	709.0	733.0	1309401	2020/10/08 
2020/10/12 	740.0	767.0	722.0	737.0	2253782	2020/10/12 
2020/10/13 	745.0	751.0	721.0	726.0	1177130	2020/10/13 
2020/10/14 	723.0	741.0	722.0	727.0	829710	2020/10/14 
2020/10/15 	730.0	739.0	721.0	735.0	897808	2020/10/15 
2020/10/16 	735.0	742.0	706.0	710.0	1060759	2020/10/16 
2020/10/19 	710.0	728.0	710.0	728.0	624853	2020/10/19 
2020/10/20 	723.0	740.0	714.0	740.0	844557	2020/10/20 
2020/10/21 	740.0	741.0	721.0	721.0	894046	2020/10/21 
2020/10/22 	721.0	763.0	721.0	758.0	2465505	2020/10/22 
2020/10/23 	752.0	763.0	743.0	753.0	1050000	2020/10/23 
2020/10/26 	755.0	759.0	741.0	746.0	463440	2020/10/26 
2020/10/27 	741.0	746.0	734.0	735.0	396421	2020/10/27 
2020/10/28 	744.0	762.0	734.0	736.0	1191380	2020/10/28 
2020/10/29 	732.0	752.0	728.0	744.0	857520	2020/10/29 
2020/10/30 	745.0	747.0	725.0	727.0	778744	2020/10/30 
2020/11/02 	730.0	738.0	702.0	707.0	789384	2020/11/02 
2020/11/03 	718.0	727.0	710.0	719.0	565690	2020/11/03 
2020/11/04 	720.0	730.0	710.0	721.0	751068	2020/11/04 
2020/11/05 	725.0	745.0	721.0	745.0	833426	2020/11/05 
2020/11/06 	744.0	753.0	737.0	741.0	373796	2020/11/06 
2020/11/09 	760.0	780.0	754.0	780.0	1894063	2020/11/09 
2020/11/10 	780.0	800.0	766.0	788.0	1775700	2020/11/10 
2020/11/11 	769.0	777.0	735.0	738.0	2842345	2020/11/11 
2020/11/12 	748.0	754.0	698.0	711.0	2738726	2020/11/12 
2020/11/13 	710.0	718.0	688.0	697.0	2208276	2020/11/13 
2020/11/16 	689.0	693.0	678.0	688.0	2594831	2020/11/16 
2020/11/17 	698.0	707.0	687.0	689.0	2194624	2020/11/17 
2020/11/18 	691.0	695.0	681.0	687.0	1416618	2020/11/18 
2020/11/19 	691.0	699.0	686.0	690.0	1129510	2020/11/19 
2020/11/20 	690.0	690.0	680.0	686.0	931157	2020/11/20 
2020/11/23 	692.0	696.0	684.0	686.0	1175576	2020/11/23 
2020/11/24 	691.0	692.0	685.0	686.0	1011941	2020/11/24 
2020/11/25 	690.0	694.0	674.0	674.0	1347529	2020/11/25 
2020/11/26 	678.0	686.0	677.0	682.0	624952	2020/11/26 
2020/11/27 	681.0	688.0	674.0	688.0	1027517	2020/11/27 
2020/11/30 	695.0	695.0	678.0	682.0	1257012	2020/11/30 
2020/12/01 	686.0	686.0	678.0	678.0	633333	2020/12/01 
2020/12/02 	684.0	684.0	665.0	668.0	1422896	2020/12/02 
2020/12/03 	668.0	678.0	666.0	666.0	943082	2020/12/03 
2020/12/04 	670.0	678.0	658.0	673.0	850359	2020/12/04 
2020/12/07 	679.0	692.0	677.0	692.0	1198350	2020/12/07 
2020/12/08 	695.0	696.0	688.0	696.0	967956	2020/12/08 
2020/12/09 	697.0	700.0	685.0	691.0	931992	2020/12/09 
2020/12/10 	686.0	689.0	678.0	679.0	717802	2020/12/10 
2020/12/11 	686.0	692.0	680.0	688.0	716991	2020/12/11 
2020/12/14 	693.0	713.0	688.0	703.0	1693138	2020/12/14 
2020/12/15 	708.0	711.0	689.0	690.0	1070360	2020/12/15 
2020/12/16 	694.0	705.0	683.0	701.0	1047504	2020/12/16 
2020/12/17 	709.0	709.0	698.0	705.0	790100	2020/12/17 
2020/12/18 	714.0	732.0	703.0	703.0	1865119	2020/12/18 
2020/12/21 	703.0	712.0	691.0	693.0	636448	2020/12/21 
2020/12/22 	699.0	699.0	686.0	686.0	508922	2020/12/22 
2020/12/23 	686.0	700.0	681.0	697.0	377354	2020/12/23 
2020/12/24 	706.0	706.0	694.0	700.0	411187	2020/12/24 
2020/12/25 	702.0	705.0	692.0	693.0	330236	2020/12/25 
2020/12/28 	693.0	705.0	690.0	692.0	551248	2020/12/28 
2020/12/29 	695.0	700.0	687.0	689.0	408670	2020/12/29 
2020/12/30 	689.0	710.0	689.0	705.0	1033799	2020/12/30 
2020/12/31 	712.0	715.0	700.0	704.0	699300	2020/12/31 
2021/01/04 	702.0	707.0	693.0	695.0	861574	2021/01/04 
2021/01/05 	691.0	699.0	688.0	694.0	702314	2021/01/05 
2021/01/06 	698.0	708.0	689.0	689.0	1610561	2021/01/06 
2021/01/07 	695.0	695.0	682.0	683.0	990951	2021/01/07 
2021/01/08 	690.0	737.0	686.0	735.0	4161503	2021/01/08 
2021/01/11 	725.0	729.0	695.0	707.0	2290743	2021/01/11 
2021/01/12 	711.0	739.0	708.0	712.0	2494774	2021/01/12 
2021/01/13 	727.0	763.0	722.0	763.0	3544671	2021/01/13 
2021/01/14 	768.0	794.0	765.0	767.0	2519485	2021/01/14 
2021/01/15 	780.0	781.0	761.0	767.0	1112857	2021/01/15 
2021/01/18 	772.0	797.0	740.0	789.0	1414759	2021/01/18 
2021/01/19 	800.0	819.0	797.0	802.0	1680756	2021/01/19 
2021/01/20 	850.0	875.0	822.0	833.0	3263078	2021/01/20 
2021/01/21 	861.0	912.0	860.0	894.0	4408693	2021/01/21 
2021/01/22 	894.0	902.0	864.0	868.0	2017075	2021/01/22 
2021/01/25 	874.0	877.0	841.0	851.0	1296251	2021/01/25 
2021/01/26 	861.0	871.0	826.0	836.0	1244640	2021/01/26 
2021/01/27 	849.0	857.0	834.0	842.0	662845	2021/01/27 
2021/01/28 	824.0	854.0	818.0	836.0	1213361	2021/01/28 
2021/01/29 	850.0	859.0	822.0	826.0	1463867	2021/01/29 
2021/02/01 	828.0	833.0	813.0	829.0	1140212	2021/02/01 
2021/02/02 	834.0	855.0	821.0	828.0	1563588	2021/02/02 
2021/02/03 	838.0	852.0	833.0	843.0	1271325	2021/02/03 
2021/02/04 	847.0	873.0	844.0	865.0	1678954	2021/02/04 
2021/02/05 	886.0	886.0	862.0	872.0	1093375	2021/02/05 
2021/02/17 	872.0	896.0	857.0	892.0	1784786	2021/02/17 
2021/02/18 	892.0	892.0	874.0	876.0	802101	2021/02/18 
2021/02/19 	873.0	876.0	848.0	851.0	828412	2021/02/19 
2021/02/22 	856.0	863.0	841.0	843.0	587609	2021/02/22 
2021/02/23 	847.0	858.0	843.0	850.0	753415	2021/02/23 
2021/02/24 	857.0	857.0	827.0	827.0	734860	2021/02/24 
2021/02/25 	837.0	842.0	826.0	837.0	439455	2021/02/25 
2021/02/26 	828.0	833.0	801.0	804.0	1277843	2021/02/26 
2021/03/02 	819.0	840.0	810.0	828.0	909171	2021/03/02 
2021/03/03 	827.0	853.0	815.0	852.0	727272	2021/03/03 
2021/03/04 	839.0	861.0	834.0	850.0	801796	2021/03/04 
2021/03/05 	835.0	849.0	828.0	832.0	485498	2021/03/05 
2021/03/08 	840.0	860.0	836.0	837.0	695400	2021/03/08 
2021/03/09 	845.0	849.0	810.0	810.0	843356	2021/03/09 
2021/03/10 	820.0	843.0	820.0	832.0	566300	2021/03/10 
2021/03/11 	840.0	885.0	840.0	883.0	1022981	2021/03/11 
2021/03/12 	886.0	895.0	869.0	883.0	929771	2021/03/12 
2021/03/15 	892.0	905.0	881.0	890.0	934496	2021/03/15 
2021/03/16 	902.0	909.0	882.0	882.0	824758	2021/03/16 
2021/03/17 	877.0	888.0	847.0	851.0	800109	2021/03/17 
2021/03/18 	859.0	871.0	850.0	854.0	508304	2021/03/18 
2021/03/19 	849.0	849.0	828.0	835.0	425413	2021/03/19 
2021/03/22 	827.0	845.0	827.0	831.0	287502	2021/03/22 
2021/03/23 	831.0	842.0	827.0	838.0	252173	2021/03/23 
2021/03/24 	834.0	838.0	828.0	829.0	186237	2021/03/24 
2021/03/25 	829.0	837.0	825.0	837.0	319680	2021/03/25 
2021/03/26 	837.0	844.0	833.0	837.0	349010	2021/03/26 
2021/03/29 	843.0	861.0	840.0	852.0	475703	2021/03/29 
2021/03/30 	860.0	860.0	843.0	850.0	250260	2021/03/30 
2021/03/31 	850.0	853.0	843.0	843.0	148923	2021/03/31 
2021/04/01 	848.0	849.0	840.0	845.0	187152	2021/04/01 
2021/04/07 	846.0	853.0	830.0	835.0	543606	2021/04/07 
2021/04/08 	834.0	858.0	834.0	858.0	435852	2021/04/08 
2021/04/09 	866.0	866.0	830.0	830.0	964095	2021/04/09 
2021/04/12 	832.0	837.0	822.0	822.0	333217	2021/04/12 
2021/04/13 	822.0	832.0	821.0	821.0	274080	2021/04/13 
2021/04/14 	825.0	831.0	816.0	826.0	234185	2021/04/14 
2021/04/15 	846.0	856.0	838.0	842.0	579725	2021/04/15 
2021/04/16 	856.0	889.0	852.0	878.0	1428185	2021/04/16 
2021/04/19 	878.0	878.0	863.0	868.0	359429	2021/04/19 
2021/04/20 	862.0	877.0	854.0	866.0	314308	2021/04/20 
2021/04/21 	862.0	875.0	858.0	858.0	350098	2021/04/21 
2021/04/22 	866.0	873.0	852.0	854.0	428618	2021/04/22 
2021/04/23 	868.0	890.0	851.0	890.0	977084	2021/04/23 
2021/04/26 	899.0	899.0	873.0	882.0	626413	2021/04/26 
2021/04/27 	882.0	897.0	874.0	884.0	498366	2021/04/27 
2021/04/28 	890.0	890.0	858.0	861.0	774227	2021/04/28 
2021/04/29 	861.0	925.0	861.0	914.0	1701427	2021/04/29 
2021/05/03 	918.0	928.0	871.0	906.0	1151708	2021/05/03 
2021/05/04 	915.0	978.0	901.0	929.0	2487770	2021/05/04 
2021/05/05 	930.0	968.0	914.0	931.0	1820595	2021/05/05 
2021/05/06 	932.0	936.0	896.0	905.0	1146980	2021/05/06 
2021/05/07 	911.0	955.0	911.0	944.0	973346	2021/05/07 
2021/05/10 	973.0	973.0	910.0	913.0	1132643	2021/05/10 
2021/05/11 	905.0	912.0	854.0	872.0	1215343	2021/05/11 
2021/05/12 	862.0	896.0	801.0	852.0	1317436	2021/05/12 
2021/05/13 	863.0	863.0	818.0	823.0	803368	2021/05/13 
2021/05/14 	832.0	844.0	801.0	808.0	797689	2021/05/14 
2021/05/17 	780.0	804.0	762.0	783.0	733419	2021/05/17 
2021/05/18 	799.0	823.0	796.0	814.0	721119	2021/05/18 
2021/05/19 	800.0	805.0	791.0	796.0	402919	2021/05/19 
2021/05/20 	807.0	836.0	802.0	827.0	764880	2021/05/20 
2021/05/21 	830.0	855.0	829.0	835.0	545130	2021/05/21 
2021/05/24 	830.0	850.0	829.0	848.0	349101	2021/05/24 
2021/05/25 	851.0	906.0	843.0	893.0	1020270	2021/05/25 
2021/05/26 	890.0	918.0	878.0	889.0	532461	2021/05/26 
2021/05/27 	880.0	915.0	870.0	915.0	718651	2021/05/27 
2021/05/28 	924.0	925.0	899.0	909.0	419290	2021/05/28 
2021/05/31 	910.0	938.0	910.0	931.0	650305	2021/05/31 
2021/06/01 	931.0	938.0	909.0	912.0	301502	2021/06/01 
2021/06/02 	926.0	926.0	902.0	906.0	341028	2021/06/02 
2021/06/03 	906.0	917.0	900.0	906.0	195099	2021/06/03 
2021/06/04 	887.0	911.0	882.0	892.0	376229	2021/06/04 
2021/06/07 	901.0	910.0	873.0	898.0	277105	2021/06/07 
2021/06/08 	911.0	913.0	893.0	893.0	158144	2021/06/08 
2021/06/09 	910.0	928.0	907.0	926.0	694527	2021/06/09 
2021/06/10 	927.0	950.0	919.0	928.0	457100	2021/06/10 
2021/06/11 	943.0	976.0	931.0	955.0	1163246	2021/06/11 
2021/06/15 	971.0	1050.0	968.0	992.0	2296105	2021/06/15 
2021/06/16 	1000.0	1090.0	989.0	1020.0	2027481	2021/06/16 
2021/06/17 	1005.0	1025.0	973.0	976.0	1434577	2021/06/17 
2021/06/18 	982.0	1005.0	961.0	961.0	1217584	2021/06/18 
2021/06/21 	952.0	994.0	945.0	978.0	888023	2021/06/21 
2021/06/22 	974.0	985.0	947.0	956.0	633552	2021/06/22 
2021/06/23 	961.0	982.0	947.0	970.0	496148	2021/06/23 
2021/06/24 	980.0	1005.0	976.0	995.0	690286	2021/06/24 
2021/06/25 	1010.0	1010.0	984.0	990.0	441156	2021/06/25 
2021/06/28 	988.0	1005.0	969.0	983.0	374104	2021/06/28 
2021/06/29 	996.0	1005.0	978.0	991.0	419035	2021/06/29 
2021/06/30 	1005.0	1005.0	983.0	997.0	329105	2021/06/30 
2021/07/01 	1000.0	1000.0	976.0	976.0	282251	2021/07/01 
2021/07/02 	970.0	1020.0	970.0	1005.0	565063	2021/07/02 
2021/07/05 	1010.0	1060.0	1000.0	1040.0	729502	2021/07/05 
2021/07/06 	1055.0	1055.0	1010.0	1030.0	388336	2021/07/06 
2021/07/07 	1030.0	1060.0	1015.0	1050.0	464719	2021/07/07 
2021/07/08 	1050.0	1080.0	1040.0	1055.0	574562	2021/07/08 
2021/07/09 	1020.0	1055.0	985.0	1045.0	1459233	2021/07/09 
2021/07/12 	1060.0	1085.0	1045.0	1065.0	381366	2021/07/12 
2021/07/13 	1080.0	1120.0	1070.0	1105.0	706402	2021/07/13 
2021/07/14 	1095.0	1150.0	1090.0	1110.0	569502	2021/07/14 
2021/07/15 	1060.0	1060.0	999.0	1015.0	1448779	2021/07/15 
2021/07/16 	1005.0	1025.0	984.0	1025.0	419778	2021/07/16 
2021/07/19 	1030.0	1045.0	1005.0	1015.0	414309	2021/07/19 
2021/07/20 	1005.0	1015.0	973.0	981.0	841229	2021/07/20 
2021/07/21 	999.0	1000.0	959.0	985.0	673831	2021/07/21 
2021/07/22 	999.0	999.0	968.0	976.0	558450	2021/07/22 
2021/07/23 	953.0	966.0	944.0	945.0	348053	2021/07/23 
2021/07/26 	955.0	955.0	921.0	936.0	505138	2021/07/26 
2021/07/27 	945.0	954.0	918.0	933.0	605052	2021/07/27 
2021/07/28 	933.0	938.0	890.0	901.0	893024	2021/07/28 
2021/07/29 	910.0	945.0	905.0	940.0	697064	2021/07/29 
2021/07/30 	941.0	947.0	922.0	937.0	404140	2021/07/30 
2021/08/02 	943.0	943.0	920.0	930.0	289009	2021/08/02 
2021/08/03 	930.0	953.0	930.0	943.0	462100	2021/08/03 
2021/08/04 	943.0	945.0	928.0	930.0	624138	2021/08/04 
2021/08/05 	925.0	927.0	906.0	916.0	609156	2021/08/05 
2021/08/06 	911.0	930.0	911.0	916.0	370031	2021/08/06 
2021/08/09 	918.0	937.0	901.0	910.0	426079	2021/08/09 
2021/08/10 	910.0	918.0	905.0	908.0	300523	2021/08/10 
2021/08/11 	914.0	915.0	888.0	895.0	349677	2021/08/11 
2021/08/12 	900.0	900.0	864.0	880.0	570201	2021/08/12 
2021/08/13 	876.0	884.0	857.0	859.0	656413	2021/08/13 
2021/08/16 	868.0	875.0	844.0	859.0	423005	2021/08/16 
2021/08/17 	860.0	862.0	837.0	837.0	281070	2021/08/17 
2021/08/18 	837.0	873.0	827.0	866.0	530192	2021/08/18 
2021/08/19 	870.0	889.0	853.0	889.0	978396	2021/08/19 
2021/08/20 	892.0	950.0	876.0	917.0	1170412	2021/08/20 
2021/08/23 	920.0	952.0	910.0	943.0	549166	2021/08/23 
2021/08/24 	950.0	957.0	936.0	949.0	495084	2021/08/24 
2021/08/25 	951.0	972.0	947.0	960.0	323664	2021/08/25 
2021/08/26 	951.0	956.0	928.0	943.0	362130	2021/08/26 
2021/08/27 	951.0	958.0	943.0	953.0	129152	2021/08/27 
2021/08/30 	964.0	988.0	951.0	983.0	479430	2021/08/30 
2021/08/31 	983.0	989.0	960.0	970.0	421108	2021/08/31 
2021/09/01 	971.0	984.0	961.0	968.0	226978	2021/09/01 
2021/09/02 	966.0	985.0	966.0	984.0	258162	2021/09/02 
2021/09/03 	976.0	987.0	962.0	974.0	250164	2021/09/03 
2021/09/06 	984.0	995.0	963.0	963.0	222231	2021/09/06 
2021/09/07 	970.0	974.0	936.0	954.0	392187	2021/09/07 
2021/09/08 	950.0	967.0	932.0	935.0	365240	2021/09/08 
2021/09/09 	915.0	915.0	894.0	908.0	884632	2021/09/09 
2021/09/10 	903.0	912.0	895.0	898.0	470504	2021/09/10 
2021/09/13 	899.0	900.0	872.0	890.0	636023	2021/09/13 
2021/09/14 	892.0	904.0	883.0	892.0	217103	2021/09/14 
2021/09/15 	887.0	917.0	886.0	901.0	399102	2021/09/15 
2021/09/16 	900.0	914.0	887.0	907.0	379120	2021/09/16 
2021/09/17 	912.0	933.0	908.0	930.0	678035	2021/09/17 
2021/09/22 	914.0	929.0	904.0	914.0	276053	2021/09/22 
2021/09/23 	955.0	962.0	932.0	955.0	705093	2021/09/23 
2021/09/24 	963.0	978.0	963.0	969.0	490244	2021/09/24 
2021/09/27 	964.0	972.0	938.0	950.0	537145	2021/09/27 
2021/09/28 	943.0	947.0	921.0	938.0	321035	2021/09/28 
2021/09/29 	933.0	936.0	903.0	906.0	446243	2021/09/29 
2021/09/30 	903.0	907.0	863.0	870.0	1082374	2021/09/30 
2021/10/01 	860.0	866.0	840.0	855.0	583627	2021/10/01 
2021/10/04 	855.0	861.0	828.0	828.0	403046	2021/10/04 
2021/10/05 	828.0	833.0	799.0	833.0	474102	2021/10/05 
2021/10/06 	834.0	835.0	795.0	795.0	607267	2021/10/06 
2021/10/07 	800.0	824.0	798.0	815.0	416047	2021/10/07 
2021/10/08 	823.0	837.0	811.0	827.0	443192	2021/10/08 
2021/10/12 	819.0	835.0	810.0	823.0	528422	2021/10/12 
2021/10/13 	834.0	834.0	799.0	801.0	256013	2021/10/13 
2021/10/14 	813.0	822.0	795.0	808.0	265244	2021/10/14 
2021/10/15 	800.0	805.0	771.0	781.0	1186319	2021/10/15 
2021/10/18 	775.0	800.0	759.0	784.0	708088	2021/10/18 
2021/10/19 	784.0	814.0	781.0	808.0	654076	2021/10/19 
2021/10/20 	808.0	820.0	808.0	810.0	269018	2021/10/20 
2021/10/21 	810.0	823.0	801.0	806.0	371016	2021/10/21 
2021/10/22 	795.0	818.0	795.0	810.0	380292	2021/10/22 
2021/10/25 	811.0	817.0	800.0	812.0	242093	2021/10/25 
2021/10/26 	838.0	882.0	836.0	864.0	1246035	2021/10/26 
2021/10/27 	852.0	865.0	842.0	850.0	647284	2021/10/27 
2021/10/28 	858.0	880.0	846.0	868.0	629122	2021/10/28 
2021/10/29 	868.0	889.0	854.0	889.0	719729	2021/10/29 
2021/11/01 	881.0	928.0	881.0	928.0	829343	2021/11/01 
2021/11/02 	910.0	930.0	875.0	886.0	750314	2021/11/02 
2021/11/03 	898.0	898.0	844.0	867.0	787585	2021/11/03 
2021/11/04 	895.0	924.0	888.0	905.0	1355334	2021/11/04 
2021/11/05 	903.0	944.0	900.0	939.0	913117	2021/11/05 
2021/11/08 	898.0	920.0	880.0	910.0	1492381	2021/11/08 
2021/11/09 	905.0	948.0	899.0	941.0	1688235	2021/11/09 
2021/11/10 	927.0	949.0	921.0	944.0	832542	2021/11/10 
2021/11/11 	928.0	953.0	928.0	950.0	649061	2021/11/11 
2021/11/12 	944.0	966.0	944.0	960.0	803102	2021/11/12 
2021/11/15 	960.0	986.0	951.0	971.0	760113	2021/11/15 
2021/11/16 	963.0	998.0	962.0	977.0	926944	2021/11/16 
2021/11/17 	984.0	1010.0	976.0	1010.0	958573	2021/11/17 
2021/11/18 	1015.0	1015.0	980.0	984.0	580593	2021/11/18 
2021/11/19 	999.0	1030.0	999.0	1010.0	928267	2021/11/19 
2021/11/22 	1005.0	1055.0	1000.0	1030.0	1063138	2021/11/22 
2021/11/23 	1030.0	1035.0	985.0	993.0	1193561	2021/11/23 
2021/11/24 	1000.0	1010.0	987.0	990.0	353045	2021/11/24 
2021/11/25 	995.0	1005.0	981.0	982.0	390239	2021/11/25 
2021/11/26 	985.0	997.0	975.0	989.0	368124	2021/11/26 
2021/11/29 	980.0	1030.0	975.0	1020.0	663249	2021/11/29 
2021/11/30 	1040.0	1080.0	1030.0	1050.0	1579881	2021/11/30 
2021/12/01 	1030.0	1030.0	1005.0	1020.0	582214	2021/12/01 
2021/12/02 	1015.0	1040.0	989.0	1020.0	728112	2021/12/02 
2021/12/03 	1025.0	1045.0	995.0	998.0	648487	2021/12/03 
2021/12/06 	998.0	1000.0	986.0	995.0	684383	2021/12/06 
2021/12/07 	993.0	1020.0	991.0	1010.0	773101	2021/12/07 
2021/12/08 	1055.0	1075.0	1030.0	1050.0	1143583	2021/12/08 
2021/12/09 	1060.0	1080.0	1045.0	1080.0	1120185	2021/12/09 
2021/12/10 	1090.0	1095.0	1050.0	1065.0	649093	2021/12/10 
2021/12/13 	1075.0	1095.0	1065.0	1080.0	371121	2021/12/13 
2021/12/14 	1075.0	1095.0	1055.0	1070.0	722063	2021/12/14 
2021/12/15 	1070.0	1075.0	1045.0	1055.0	498042	2021/12/15 
2021/12/16 	1070.0	1085.0	1045.0	1055.0	976190	2021/12/16 
2021/12/17 	1045.0	1065.0	1045.0	1065.0	382752	2021/12/17 
2021/12/20 	1060.0	1060.0	1025.0	1025.0	431661	2021/12/20 
2021/12/21 	1035.0	1080.0	1030.0	1075.0	575095	2021/12/21 
2021/12/22 	1090.0	1115.0	1075.0	1110.0	754464	2021/12/22 
2021/12/23 	1120.0	1125.0	1095.0	1115.0	494843	2021/12/23 
2021/12/24 	1125.0	1130.0	1105.0	1110.0	174060	2021/12/24 
2021/12/27 	1110.0	1135.0	1110.0	1125.0	261148	2021/12/27 
2021/12/28 	1135.0	1135.0	1090.0	1110.0	352034	2021/12/28 
2021/12/29 	1110.0	1120.0	1100.0	1110.0	201030	2021/12/29 
2021/12/30 	1110.0	1120.0	1100.0	1115.0	216117	2021/12/30 
2022/01/03 	1115.0	1125.0	1080.0	1090.0	311323	2022/01/03 
2022/01/04 	1120.0	1135.0	1100.0	1135.0	562255	2022/01/04 
2022/01/05 	1115.0	1125.0	1095.0	1115.0	528427	2022/01/05 
2022/01/06 	1090.0	1095.0	1035.0	1040.0	834316	2022/01/06 
2022/01/07 	1055.0	1070.0	1030.0	1065.0	731164	2022/01/07 
2022/01/10 	1075.0	1110.0	1065.0	1110.0	794227	2022/01/10 
2022/01/11 	1095.0	1120.0	1070.0	1120.0	1083147	2022/01/11 
2022/01/12 	1120.0	1120.0	1085.0	1100.0	523021	2022/01/12 
2022/01/13 	1120.0	1120.0	1065.0	1085.0	365227	2022/01/13 
2022/01/14 	1070.0	1075.0	1040.0	1060.0	664227	2022/01/14 
2022/01/17 	1065.0	1090.0	1055.0	1075.0	622041	2022/01/17 
2022/01/18 	1075.0	1100.0	1070.0	1085.0	397020	2022/01/18 
2022/01/19 	1060.0	1095.0	1035.0	1085.0	998101	2022/01/19 
2022/01/20 	1085.0	1090.0	1005.0	1010.0	1328188	2022/01/20 
2022/01/21 	1010.0	1030.0	1005.0	1015.0	818093	2022/01/21 
2022/01/24 	1005.0	1020.0	985.0	1020.0	543053	2022/01/24 
2022/01/25 	1005.0	1010.0	983.0	985.0	667020	2022/01/25 
2022/01/26 	995.0	1010.0	992.0	996.0	353220	2022/01/26 
2022/02/07 	996.0	996.0	966.0	978.0	578026	2022/02/07 
2022/02/08 	991.0	994.0	980.0	985.0	361952	2022/02/08 
2022/02/09 	980.0	999.0	961.0	987.0	813062	2022/02/09 
2022/02/10 	996.0	1005.0	974.0	997.0	617059	2022/02/10 
2022/02/11 	997.0	1015.0	983.0	1005.0	636058	2022/02/11 
2022/02/14 	1005.0	1010.0	989.0	989.0	400306	2022/02/14 
2022/02/15 	999.0	1020.0	998.0	1020.0	393006	2022/02/15 
2022/02/16 	1025.0	1055.0	1025.0	1045.0	524042	2022/02/16 
2022/02/17 	1040.0	1055.0	1030.0	1045.0	447066	2022/02/17 
2022/02/18 	1035.0	1050.0	1025.0	1045.0	274151	2022/02/18 
2022/02/21 	1030.0	1030.0	1005.0	1005.0	191181	2022/02/21 
2022/02/22 	1000.0	1010.0	988.0	1000.0	355067	2022/02/22 
2022/02/23 	1015.0	1015.0	995.0	995.0	201096	2022/02/23 
2022/02/24 	995.0	1000.0	974.0	977.0	325040	2022/02/24 
2022/02/25 	985.0	991.0	975.0	987.0	353185	2022/02/25 
2022/03/01 	980.0	990.0	967.0	969.0	932031	2022/03/01 
2022/03/02 	970.0	970.0	956.0	964.0	353054	2022/03/02 
2022/03/03 	970.0	970.0	930.0	933.0	653249	2022/03/03 
2022/03/04 	925.0	935.0	916.0	924.0	476168	2022/03/04 
2022/03/07 	907.0	920.0	903.0	909.0	766207	2022/03/07 
2022/03/08 	888.0	917.0	888.0	897.0	746052	2022/03/08 
2022/03/09 	924.0	953.0	919.0	951.0	802180	2022/03/09 
2022/03/10 	960.0	972.0	954.0	954.0	663111	2022/03/10 
2022/03/11 	949.0	967.0	945.0	964.0	484034	2022/03/11 
2022/03/14 	968.0	1030.0	968.0	1030.0	660161	2022/03/14 
2022/03/15 	1000.0	1000.0	942.0	945.0	998076	2022/03/15 
2022/03/16 	945.0	958.0	931.0	956.0	584080	2022/03/16 
2022/03/17 	984.0	1020.0	977.0	1010.0	803153	2022/03/17 
2022/03/18 	1015.0	1015.0	998.0	1005.0	368041	2022/03/18 
2022/03/21 	942.0	952.0	933.0	937.0	1020087	2022/03/21 
2022/03/22 	929.0	941.0	905.0	921.0	1989287	2022/03/22 
2022/03/23 	930.0	964.0	928.0	958.0	2129551	2022/03/23 
2022/03/24 	950.0	965.0	922.0	942.0	1342699	2022/03/24 
2022/03/25 	945.0	956.0	934.0	948.0	854018	2022/03/25 
2022/03/28 	938.0	941.0	917.0	920.0	635015	2022/03/28 
2022/03/29 	922.0	949.0	921.0	944.0	642136	2022/03/29 
2022/03/30 	976.0	1010.0	973.0	1005.0	1236091	2022/03/30 
2022/03/31 	1010.0	1020.0	985.0	1020.0	670269	2022/03/31 
2022/04/01 	1000.0	1000.0	977.0	990.0	864136	2022/04/01 
2022/04/06 	980.0	999.0	979.0	992.0	341132	2022/04/06 
2022/04/07 	982.0	1000.0	970.0	988.0	802055	2022/04/07 
2022/04/08 	998.0	1005.0	969.0	972.0	896503	2022/04/08 
2022/04/11 	1015.0	1035.0	953.0	960.0	1141084	2022/04/11 
2022/04/12 	954.0	979.0	953.0	973.0	408793	2022/04/12 
2022/04/13 	980.0	983.0	958.0	983.0	320456	2022/04/13 
2022/04/14 	980.0	1005.0	980.0	996.0	301060	2022/04/14 
2022/04/15 	991.0	998.0	961.0	962.0	275110	2022/04/15 
2022/04/18 	960.0	982.0	960.0	974.0	136129	2022/04/18 
2022/04/19 	988.0	1005.0	988.0	996.0	377050	2022/04/19 
2022/04/20 	1000.0	1040.0	997.0	1030.0	789114	2022/04/20 
2022/04/21 	1020.0	1030.0	998.0	1015.0	536089	2022/04/21 
2022/04/22 	999.0	999.0	970.0	980.0	670033	2022/04/22 
2022/04/25 	960.0	974.0	955.0	967.0	499016	2022/04/25 
2022/04/26 	980.0	1010.0	976.0	998.0	561050	2022/04/26 
2022/04/27 	990.0	990.0	966.0	975.0	618278	2022/04/27 
2022/04/28 	988.0	1005.0	974.0	1005.0	828095	2022/04/28 
2022/04/29 	1020.0	1035.0	1010.0	1020.0	498060	2022/04/29 
2022/05/03 	1010.0	1040.0	1000.0	1035.0	365654	2022/05/03 
2022/05/04 	1040.0	1045.0	982.0	1010.0	798112	2022/05/04 
2022/05/05 	1030.0	1045.0	1015.0	1030.0	512002	2022/05/05 
2022/05/06 	1005.0	1005.0	987.0	995.0	499322	2022/05/06 
2022/05/09 	985.0	985.0	962.0	963.0	458053	2022/05/09 
2022/05/10 	957.0	962.0	935.0	946.0	624010	2022/05/10 
2022/05/11 	950.0	954.0	922.0	922.0	474170	2022/05/11 
2022/05/12 	921.0	938.0	905.0	923.0	597113	2022/05/12 
2022/05/13 	938.0	943.0	912.0	940.0	943036	2022/05/13 
2022/05/16 	951.0	1000.0	951.0	969.0	663139	2022/05/16 
2022/05/17 	968.0	978.0	961.0	969.0	570060	2022/05/17 
2022/05/18 	969.0	970.0	953.0	956.0	385055	2022/05/18 
2022/05/19 	940.0	942.0	921.0	938.0	431316	2022/05/19 
2022/05/20 	940.0	954.0	924.0	935.0	614146	2022/05/20 
2022/05/23 	939.0	954.0	930.0	930.0	435063	2022/05/23 
2022/05/24 	931.0	936.0	883.0	883.0	797483	2022/05/24 
2022/05/25 	885.0	900.0	873.0	878.0	655039	2022/05/25 
2022/05/26 	854.0	862.0	791.0	791.0	2065118	2022/05/26 
2022/05/27 	820.0	835.0	804.0	808.0	1599064	2022/05/27 
2022/05/30 	822.0	865.0	822.0	857.0	1233045	2022/05/30 
2022/05/31 	866.0	933.0	856.0	923.0	1891570	2022/05/31 
2022/06/01 	898.0	908.0	883.0	884.0	1013070	2022/06/01 
2022/06/02 	880.0	884.0	861.0	871.0	631147	2022/06/02 
2022/06/06 	881.0	896.0	861.0	886.0	778002	2022/06/06 
2022/06/07 	891.0	902.0	881.0	889.0	695042	2022/06/07 
2022/06/08 	891.0	918.0	885.0	887.0	536010	2022/06/08 
2022/06/09 	900.0	910.0	899.0	900.0	443063	2022/06/09 
2022/06/10 	891.0	906.0	890.0	900.0	366052	2022/06/10 
2022/06/13 	876.0	878.0	850.0	866.0	842146	2022/06/13 
2022/06/14 	846.0	856.0	828.0	841.0	977095	2022/06/14 
2022/06/15 	842.0	850.0	825.0	825.0	914833	2022/06/15 
2022/06/16 	840.0	842.0	804.0	806.0	879023	2022/06/16 
2022/06/17 	758.0	767.0	749.0	755.0	1465280	2022/06/17 
2022/06/20 	769.0	772.0	730.0	730.0	772441	2022/06/20 
2022/06/21 	742.0	775.0	742.0	761.0	757197	2022/06/21 
2022/06/22 	762.0	770.0	740.0	746.0	547030	2022/06/22 
2022/06/23 	751.0	757.0	726.0	734.0	532052	2022/06/23 
2022/06/24 	750.0	754.0	746.0	752.0	515119	2022/06/24 
2022/06/27 	768.0	793.0	765.0	765.0	742053	2022/06/27 
2022/06/28 	769.0	777.0	742.0	751.0	480250	2022/06/28 
2022/06/29 	727.0	730.0	707.0	720.0	682005	2022/06/29 
2022/06/30 	706.0	713.0	675.0	697.0	1217028	2022/06/30 
2022/07/01 	691.0	694.0	659.0	663.0	1324048	2022/07/01 
2022/07/04 	660.0	676.0	642.0	650.0	1166017	2022/07/04 
2022/07/05 	665.0	674.0	630.0	645.0	786218	2022/07/05 
2022/07/06 	649.0	649.0	613.0	617.0	1088486	2022/07/06 
2022/07/07 	621.0	657.0	617.0	651.0	1015188	2022/07/07 
2022/07/08 	661.0	678.0	659.0	669.0	995267	2022/07/08 
2022/07/11 	734.0	734.0	667.0	672.0	1218031	2022/07/11 
2022/07/12 	672.0	672.0	650.0	670.0	638179	2022/07/12 
2022/07/13 	681.0	697.0	674.0	674.0	561501	2022/07/13 
2022/07/14 	671.0	708.0	665.0	702.0	621541	2022/07/14 
2022/07/15 	699.0	725.0	693.0	715.0	703069	2022/07/15 
2022/07/18 	713.0	737.0	712.0	720.0	620026	2022/07/18 
2022/07/19 	719.0	721.0	691.0	696.0	461022	2022/07/19 
2022/07/20 	711.0	736.0	710.0	725.0	637150	2022/07/20 
2022/07/21 	724.0	751.0	715.0	741.0	665098	2022/07/21 
2022/07/22 	745.0	748.0	725.0	730.0	362025	2022/07/22 
2022/07/25 	725.0	734.0	718.0	725.0	317142	2022/07/25 
2022/07/26 	717.0	719.0	696.0	705.0	468003	2022/07/26 
2022/07/27 	705.0	713.0	701.0	709.0	626004	2022/07/27 
2022/07/28 	733.0	745.0	731.0	735.0	761711	2022/07/28 
2022/07/29 	748.0	750.0	731.0	736.0	371146	2022/07/29 
2022/08/01 	740.0	740.0	719.0	734.0	309031	2022/08/01 
2022/08/02 	722.0	748.0	718.0	739.0	682080	2022/08/02 
2022/08/03 	742.0	772.0	695.0	699.0	2070062	2022/08/03 
2022/08/04 	706.0	707.0	662.0	666.0	1532112	2022/08/04 
2022/08/05 	683.0	712.0	679.0	707.0	1041145	2022/08/05 
2022/08/08 	709.0	718.0	700.0	711.0	301115	2022/08/08 
2022/08/09 	710.0	732.0	700.0	725.0	425042	2022/08/09 
2022/08/10 	722.0	727.0	710.0	715.0	452720	2022/08/10 
2022/08/11 	735.0	740.0	729.0	732.0	524060	2022/08/11 
2022/08/12 	732.0	733.0	722.0	725.0	338005	2022/08/12 
2022/08/15 	730.0	765.0	730.0	760.0	762188	2022/08/15 
2022/08/16 	769.0	773.0	751.0	760.0	769053	2022/08/16 
2022/08/17 	749.0	768.0	746.0	750.0	424071	2022/08/17 
2022/08/18 	747.0	757.0	738.0	750.0	449583	2022/08/18 
2022/08/19 	751.0	768.0	751.0	760.0	384061	2022/08/19 
2022/08/22 	760.0	765.0	749.0	759.0	264000	2022/08/22 
2022/08/23 	750.0	767.0	748.0	755.0	377040	2022/08/23 
2022/08/24 	757.0	790.0	757.0	787.0	974376	2022/08/24 
2022/08/25 	793.0	802.0	785.0	788.0	853037	2022/08/25 
2022/08/26 	799.0	813.0	775.0	776.0	664012	2022/08/26 
2022/08/29 	741.0	769.0	740.0	763.0	428104	2022/08/29 
2022/08/30 	763.0	767.0	756.0	760.0	370307	2022/08/30 
2022/08/31 	760.0	771.0	755.0	770.0	411035	2022/08/31 
2022/09/01 	757.0	760.0	745.0	751.0	560100	2022/09/01 
2022/09/02 	754.0	762.0	742.0	742.0	503106	2022/09/02 
2022/09/05 	730.0	737.0	709.0	728.0	791051	2022/09/05 
2022/09/06 	726.0	741.0	726.0	736.0	297401	2022/09/06 
2022/09/07 	736.0	739.0	722.0	734.0	366022	2022/09/07 
2022/09/08 	742.0	770.0	736.0	765.0	694050	2022/09/08 
2022/09/12 	799.0	809.0	781.0	795.0	1201208	2022/09/12 
2022/09/13 	798.0	817.0	795.0	798.0	716305	2022/09/13 
2022/09/14 	771.0	797.0	770.0	786.0	322707	2022/09/14 
2022/09/15 	786.0	798.0	780.0	780.0	641009	2022/09/15 
2022/09/16 	772.0	793.0	772.0	780.0	296144	2022/09/16 
2022/09/19 	785.0	789.0	770.0	780.0	274172	2022/09/19 
2022/09/20 	795.0	798.0	781.0	793.0	403101	2022/09/20 
2022/09/21 	793.0	793.0	766.0	780.0	473034	2022/09/21 
2022/09/22 	775.0	783.0	765.0	780.0	285039	2022/09/22 
2022/09/23 	781.0	784.0	764.0	765.0	397073	2022/09/23 
2022/09/26 	770.0	774.0	751.0	767.0	614023	2022/09/26 
2022/09/27 	772.0	792.0	769.0	786.0	812100	2022/09/27 
2022/09/28 	790.0	802.0	765.0	767.0	1184047	2022/09/28 
2022/09/29 	780.0	810.0	778.0	783.0	1470538	2022/09/29 
2022/09/30 	783.0	808.0	775.0	808.0	1116139	2022/09/30 
2022/10/03 	802.0	817.0	800.0	805.0	787046	2022/10/03 
2022/10/04 	820.0	837.0	796.0	804.0	1399016	2022/10/04 
2022/10/05 	810.0	830.0	809.0	824.0	1259230	2022/10/05 
2022/10/06 	830.0	840.0	816.0	823.0	912100	2022/10/06 
2022/10/07 	822.0	826.0	808.0	811.0	400448	2022/10/07 
2022/10/11 	811.0	816.0	786.0	792.0	866032	2022/10/11 
2022/10/12 	795.0	807.0	788.0	790.0	630064	2022/10/12 
2022/10/13 	798.0	804.0	760.0	779.0	646071	2022/10/13 
2022/10/14 	806.0	809.0	747.0	747.0	1281168	2022/10/14 
2022/10/17 	730.0	730.0	673.0	685.0	1882097	2022/10/17 
2022/10/18 	699.0	706.0	653.0	678.0	1422528	2022/10/18 
2022/10/19 	678.0	688.0	663.0	672.0	870521	2022/10/19 
2022/10/20 	665.0	665.0	641.0	649.0	1698027	2022/10/20 
2022/10/21 	653.0	653.0	617.0	617.0	1334163	2022/10/21 
2022/10/24 	649.0	649.0	632.0	640.0	687251	2022/10/24 
2022/10/25 	649.0	650.0	635.0	638.0	549065	2022/10/25 
2022/10/26 	643.0	643.0	610.0	627.0	1007050	2022/10/26 
2022/10/27 	676.0	689.0	676.0	689.0	791055	2022/10/27 
2022/10/28 	711.0	738.0	702.0	734.0	3343303	2022/10/28 
2022/10/31 	740.0	741.0	716.0	724.0	1165226	2022/10/31 
2022/11/01 	738.0	755.0	725.0	735.0	1548050	2022/11/01 
2022/11/02 	784.0	804.0	745.0	785.0	3314238	2022/11/02 
2022/11/03 	778.0	863.0	777.0	828.0	4123419	2022/11/03 
2022/11/04 	831.0	858.0	823.0	856.0	2238028	2022/11/04 
2022/11/07 	860.0	876.0	833.0	841.0	2039143	2022/11/07 
2022/11/08 	852.0	854.0	835.0	840.0	1278100	2022/11/08 
2022/11/09 	851.0	878.0	846.0	875.0	1841153	2022/11/09 
2022/11/10 	834.0	855.0	823.0	824.0	2471702	2022/11/10 
2022/11/11 	853.0	859.0	819.0	822.0	2512066	2022/11/11 
2022/11/14 	835.0	858.0	835.0	850.0	2253033	2022/11/14 
2022/11/15 	850.0	855.0	829.0	841.0	1695251	2022/11/15 
2022/11/16 	849.0	863.0	840.0	858.0	1357500	2022/11/16 
2022/11/17 	863.0	874.0	855.0	868.0	1022139	2022/11/17 
2022/11/18 	873.0	875.0	846.0	852.0	956033	2022/11/18 
2022/11/21 	853.0	862.0	844.0	858.0	773056	2022/11/21 
2022/11/22 	851.0	880.0	845.0	869.0	1959087	2022/11/22 
2022/11/23 	880.0	886.0	855.0	858.0	1013032	2022/11/23 
2022/11/24 	869.0	869.0	855.0	865.0	497121	2022/11/24 
2022/11/25 	868.0	871.0	845.0	855.0	773060	2022/11/25 
2022/11/28 	848.0	862.0	847.0	860.0	541035	2022/11/28 
2022/11/29 	865.0	876.0	859.0	868.0	744480	2022/11/29 
2022/11/30 	875.0	880.0	863.0	880.0	667075	2022/11/30 
2022/12/01 	889.0	896.0	884.0	887.0	1155052	2022/12/01 
2022/12/02 	880.0	920.0	879.0	918.0	1278491	2022/12/02 
2022/12/05 	921.0	921.0	896.0	905.0	1190437	2022/12/05 
2022/12/06 	905.0	914.0	888.0	891.0	818117	2022/12/06 
2022/12/07 	899.0	906.0	883.0	899.0	774064	2022/12/07 
2022/12/08 	903.0	917.0	895.0	902.0	650406	2022/12/08 
2022/12/09 	926.0	947.0	897.0	906.0	1350978	2022/12/09 
2022/12/12 	906.0	919.0	885.0	911.0	863107	2022/12/12 
2022/12/13 	915.0	926.0	909.0	909.0	800027	2022/12/13 
2022/12/14 	921.0	942.0	910.0	939.0	805702	2022/12/14 
2022/12/15 	940.0	948.0	915.0	936.0	1377066	2022/12/15 
2022/12/16 	920.0	925.0	913.0	919.0	623490	2022/12/16 
2022/12/19 	910.0	912.0	850.0	853.0	1381239	2022/12/19 
2022/12/20 	860.0	884.0	839.0	843.0	1107022	2022/12/20 
2022/12/21 	849.0	862.0	840.0	857.0	584074	2022/12/21 
2022/12/22 	869.0	871.0	821.0	830.0	1261063	2022/12/22 
2022/12/23 	822.0	832.0	811.0	819.0	678104	2022/12/23 
2022/12/26 	820.0	821.0	800.0	812.0	358002	2022/12/26 
2022/12/27 	817.0	825.0	812.0	815.0	234056	2022/12/27 
2022/12/28 	805.0	808.0	796.0	802.0	643042	2022/12/28 
2022/12/29 	798.0	805.0	787.0	801.0	549005	2022/12/29 
2022/12/30 	806.0	818.0	791.0	797.0	387011	2022/12/30 
2023/01/03 	805.0	812.0	796.0	810.0	348045	2023/01/03 
2023/01/04 	810.0	820.0	800.0	801.0	458030	2023/01/04 
2023/01/05 	800.0	801.0	721.0	723.0	3099295	2023/01/05 
2023/01/06 	720.0	756.0	718.0	742.0	1365160	2023/01/06 
2023/01/09 	763.0	783.0	759.0	767.0	1340128	2023/01/09 
2023/01/10 	783.0	811.0	770.0	776.0	2061070	2023/01/10 
2023/01/11 	780.0	782.0	745.0	752.0	1429022	2023/01/11 
2023/01/12 	753.0	775.0	750.0	770.0	1226037	2023/01/12 
2023/01/13 	783.0	792.0	772.0	774.0	895040	2023/01/13 
2023/01/16 	783.0	798.0	778.0	787.0	721050	2023/01/16 
2023/01/17 	787.0	790.0	781.0	785.0	485595	2023/01/17 
2023/01/30 	804.0	811.0	768.0	772.0	2042200	2023/01/30 
2023/01/31 	777.0	784.0	750.0	750.0	2328410	2023/01/31 
2023/02/01 	757.0	771.0	753.0	767.0	1355013	2023/02/01 
2023/02/02 	775.0	823.0	775.0	823.0	2995651	2023/02/02 
2023/02/03 	828.0	848.0	815.0	841.0	1719647	2023/02/03 
2023/02/06 	832.0	866.0	830.0	855.0	1283161	2023/02/06 
2023/02/07 	854.0	862.0	843.0	843.0	1104595	2023/02/07 
2023/02/08 	853.0	855.0	835.0	850.0	1199244	2023/02/08 
2023/02/09 	840.0	861.0	839.0	858.0	970273	2023/02/09 
2023/02/10 	858.0	865.0	840.0	841.0	764126	2023/02/10 
2023/02/13 	838.0	840.0	809.0	814.0	1103181	2023/02/13 
2023/02/14 	822.0	828.0	816.0	827.0	719030	2023/02/14 
2023/02/15 	830.0	839.0	819.0	822.0	634203	2023/02/15 
2023/02/16 	830.0	853.0	826.0	838.0	866327	2023/02/16 
2023/02/17 	833.0	844.0	832.0	836.0	407285	2023/02/17 
2023/02/20 	837.0	842.0	831.0	831.0	300739	2023/02/20 
