Date	Open	High	Low	Close	Volume	Date
2017/11/30 	145.49000549316406	157.88999938964844	142.0	145.49000549316406	363910	2017/11/30 
2017/12/01 	141.0399932861328	141.0399932861328	133.50999450683594	141.0399932861328	13400	2017/12/01 
2017/12/04 	139.0	141.0399932861328	137.75	139.0	12000	2017/12/04 
2017/12/05 	139.0	142.10000610351562	139.0	139.0	5000	2017/12/05 
2017/12/06 	145.25	149.4600067138672	138.00999450683594	145.25	21020	2017/12/06 
2017/12/07 	143.32000732421875	143.32000732421875	141.0	143.32000732421875	2000	2017/12/07 
2017/12/08 	145.25	145.25	145.25	145.25	100	2017/12/08 
2017/12/11 	142.0	145.25	140.00999450683594	142.0	10000	2017/12/11 
2017/12/12 	141.5	145.0	140.5	141.5	12000	2017/12/12 
2017/12/13 	140.0	142.08999633789062	138.00999450683594	140.0	6011	2017/12/13 
2017/12/14 	140.0	140.0	137.00999450683594	140.0	2000	2017/12/14 
2017/12/15 	142.0	142.0	137.00999450683594	142.0	3000	2017/12/15 
2017/12/18 	142.0	142.0	137.05999755859375	142.0	4000	2017/12/18 
2017/12/19 	145.25	145.25	138.0	145.25	12250	2017/12/19 
2017/12/20 	144.0	145.25	144.0	144.0	5000	2017/12/20 
2017/12/21 	143.89999389648438	147.35000610351562	143.60000610351562	143.89999389648438	8550	2017/12/21 
2017/12/22 	146.5	146.5	146.5	146.5	1000	2017/12/22 
2017/12/25 	147.35000610351562	147.35000610351562	146.0	147.35000610351562	2100	2017/12/25 
2017/12/26 	145.0	146.0	140.00999450683594	145.0	2552	2017/12/26 
2017/12/27 	145.9499969482422	146.9499969482422	141.00999450683594	145.9499969482422	12000	2017/12/27 
2017/12/28 	146.10000610351562	148.0	146.10000610351562	146.10000610351562	35500	2017/12/28 
2017/12/29 	147.0	148.41000366210938	146.0	147.0	32310	2017/12/29 
2018/01/02 	148.41000366210938	148.41000366210938	147.8800048828125	148.41000366210938	13020	2018/01/02 
2018/01/03 	145.0	148.41000366210938	145.0	145.0	7000	2018/01/03 
2018/01/04 	145.0	145.0	145.0	145.0	0	2018/01/04 
2018/01/05 	148.0	148.0	148.0	148.0	1000	2018/01/05 
2018/01/08 	149.0	149.0	149.0	149.0	1000	2018/01/08 
2018/01/09 	149.0	149.4600067138672	145.5	149.0	15000	2018/01/09 
2018/01/10 	151.55999755859375	153.6699981689453	149.0	151.55999755859375	17100	2018/01/10 
2018/01/11 	153.6699981689453	153.6699981689453	146.00999450683594	153.6699981689453	2250	2018/01/11 
2018/01/12 	151.5	153.6699981689453	146.00999450683594	151.5	3350	2018/01/12 
2018/01/15 	153.6699981689453	153.6699981689453	150.0	153.6699981689453	4140	2018/01/15 
2018/01/16 	151.0	153.6699981689453	150.0	151.0	9098	2018/01/16 
2018/01/17 	150.0	154.72000122070312	150.0	150.0	9100	2018/01/17 
2018/01/18 	153.0	153.0	153.0	153.0	1000	2018/01/18 
2018/01/19 	153.0	153.0	153.0	153.0	0	2018/01/19 
2018/01/22 	154.72000122070312	154.72000122070312	152.0	154.72000122070312	3101	2018/01/22 
2018/01/23 	153.61000061035156	153.61000061035156	152.0	153.61000061035156	3000	2018/01/23 
2018/01/24 	153.61000061035156	153.61000061035156	153.61000061035156	153.61000061035156	0	2018/01/24 
2018/01/25 	153.5	154.72000122070312	147.00999450683594	153.5	6100	2018/01/25 
2018/01/26 	153.5	153.5	153.5	153.5	0	2018/01/26 
2018/01/29 	152.0	153.0	151.0	152.0	3000	2018/01/29 
2018/01/30 	152.5	152.5	149.44000244140625	152.5	3000	2018/01/30 
2018/01/31 	153.0	154.72000122070312	153.0	153.0	5100	2018/01/31 
2018/02/01 	154.0	154.0	154.0	154.0	100	2018/02/01 
2018/02/02 	154.0	154.0	154.0	154.0	0	2018/02/02 
2018/02/05 	153.0	153.0	149.0	153.0	4000	2018/02/05 
2018/02/06 	149.0	151.0	145.00999450683594	149.0	13000	2018/02/06 
2018/02/07 	149.0	149.0	149.0	149.0	0	2018/02/07 
2018/02/08 	151.02999877929688	151.02999877929688	151.02999877929688	151.02999877929688	1000	2018/02/08 
2018/02/09 	151.02999877929688	151.02999877929688	151.02999877929688	151.02999877929688	0	2018/02/09 
2018/02/12 	150.0	150.0	150.0	150.0	0	2018/02/12 
2018/02/21 	153.64999389648438	153.64999389648438	150.0	153.64999389648438	5000	2018/02/21 
2018/02/22 	154.0	154.6999969482422	154.0	154.0	4000	2018/02/22 
2018/02/23 	154.0	154.0	154.0	154.0	0	2018/02/23 
2018/02/26 	153.0	153.0	153.0	153.0	1000	2018/02/26 
2018/02/27 	153.0	153.0	153.0	153.0	2000	2018/02/27 
2018/03/01 	152.0	154.6999969482422	152.0	152.0	3000	2018/03/01 
2018/03/02 	151.0	152.0	147.00999450683594	151.0	4000	2018/03/02 
2018/03/05 	151.0	151.0	151.0	151.0	0	2018/03/05 
2018/03/06 	151.0	151.0	151.0	151.0	1000	2018/03/06 
2018/03/07 	152.0	152.0	151.0	152.0	4020	2018/03/07 
2018/03/08 	152.0	152.5	147.00999450683594	152.0	2420	2018/03/08 
2018/03/09 	151.5	151.5	151.5	151.5	50	2018/03/09 
2018/03/12 	151.0	151.0	151.0	151.0	2000	2018/03/12 
2018/03/13 	151.0	151.0	151.0	151.0	0	2018/03/13 
2018/03/14 	151.0	154.6999969482422	151.0	151.0	5000	2018/03/14 
2018/03/15 	153.0	154.6999969482422	150.0	153.0	16400	2018/03/15 
2018/03/16 	151.0	153.83999633789062	151.0	151.0	2001	2018/03/16 
2018/03/19 	151.0	154.72000122070312	151.0	151.0	3000	2018/03/19 
2018/03/20 	148.0	150.0	147.00999450683594	148.0	16100	2018/03/20 
2018/03/21 	148.0	148.0	148.0	148.0	0	2018/03/21 
2018/03/22 	150.0	153.6699981689453	150.0	150.0	2200	2018/03/22 
2018/03/23 	150.0	150.0	150.0	150.0	2000	2018/03/23 
2018/03/26 	150.0	150.0	150.0	150.0	0	2018/03/26 
2018/03/27 	151.0	151.0	151.0	151.0	2000	2018/03/27 
2018/03/28 	150.0	150.0	150.0	150.0	1100	2018/03/28 
2018/03/29 	151.0	151.0	151.0	151.0	3000	2018/03/29 
2018/03/30 	151.0	151.0	151.0	151.0	2000	2018/03/30 
2018/04/02 	151.0	153.6699981689453	147.97000122070312	151.0	6009	2018/04/02 
2018/04/03 	150.0	151.11000061035156	150.0	150.0	3000	2018/04/03 
2018/04/09 	153.6699981689453	153.6699981689453	150.1999969482422	153.6699981689453	13000	2018/04/09 
2018/04/10 	152.0	153.6699981689453	149.94000244140625	152.0	11100	2018/04/10 
2018/04/11 	152.0	152.0	152.0	152.0	0	2018/04/11 
2018/04/12 	152.75	152.75	152.75	152.75	2000	2018/04/12 
2018/04/13 	154.72000122070312	154.72000122070312	152.75	154.72000122070312	3000	2018/04/13 
2018/04/16 	154.0	154.0	153.41000366210938	154.0	2000	2018/04/16 
2018/04/17 	153.7100067138672	153.7100067138672	152.5	153.7100067138672	3000	2018/04/17 
2018/04/18 	154.72000122070312	154.72000122070312	152.89999389648438	154.72000122070312	5000	2018/04/18 
2018/04/19 	155.77000427246094	155.77000427246094	148.00999450683594	155.77000427246094	14025	2018/04/19 
2018/04/20 	155.77000427246094	155.77000427246094	155.77000427246094	155.77000427246094	2100	2018/04/20 
2018/04/23 	154.5	155.0	154.5	154.5	1300	2018/04/23 
2018/04/24 	151.1999969482422	155.77000427246094	151.1999969482422	151.1999969482422	2200	2018/04/24 
2018/04/25 	151.1999969482422	151.1999969482422	151.1999969482422	151.1999969482422	0	2018/04/25 
2018/04/26 	148.00999450683594	148.00999450683594	148.00999450683594	148.00999450683594	2000	2018/04/26 
2018/04/27 	152.0	152.0	148.00999450683594	152.0	4100	2018/04/27 
2018/04/30 	151.10000610351562	151.10000610351562	151.10000610351562	151.10000610351562	1000	2018/04/30 
2018/05/02 	151.0	155.77000427246094	151.0	151.0	2101	2018/05/02 
2018/05/03 	155.77000427246094	155.77000427246094	155.77000427246094	155.77000427246094	1601	2018/05/03 
2018/05/04 	155.77000427246094	155.77000427246094	155.77000427246094	155.77000427246094	0	2018/05/04 
2018/05/07 	153.0	155.77000427246094	153.0	153.0	3200	2018/05/07 
2018/05/08 	151.0	153.0	151.0	151.0	4000	2018/05/08 
2018/05/09 	151.5	152.0	151.5	151.5	1300	2018/05/09 
2018/05/10 	151.5800018310547	151.5800018310547	151.5800018310547	151.5800018310547	2000	2018/05/10 
2018/05/11 	150.0	151.5800018310547	148.00999450683594	150.0	6000	2018/05/11 
2018/05/14 	151.0	151.0	148.00999450683594	151.0	7000	2018/05/14 
2018/05/15 	152.0	152.0	150.14999389648438	152.0	4000	2018/05/15 
2018/05/16 	163.0	163.0	155.77000427246094	163.0	37846	2018/05/16 
2018/05/17 	164.0	165.0	162.0	164.0	18565	2018/05/17 
2018/05/18 	163.00999450683594	165.0	163.00999450683594	163.00999450683594	1250	2018/05/18 
2018/05/21 	158.0	165.0	157.0	158.0	18763	2018/05/21 
2018/05/22 	162.5	162.5	162.0	162.5	2200	2018/05/22 
2018/05/23 	165.0	165.0	162.25	165.0	6200	2018/05/23 
2018/05/24 	163.0	165.0	163.0	163.0	2400	2018/05/24 
2018/05/25 	164.0	165.0	157.00999450683594	164.0	1426	2018/05/25 
2018/05/28 	163.0	163.0	163.0	163.0	100	2018/05/28 
2018/05/29 	163.0	163.0	163.0	163.0	1	2018/05/29 
2018/05/30 	163.0	163.0	163.0	163.0	0	2018/05/30 
2018/05/31 	163.0	163.0	163.0	163.0	100	2018/05/31 
2018/06/01 	165.0	165.0	160.0	165.0	4001	2018/06/01 
2018/06/04 	165.0	165.0	165.0	165.0	0	2018/06/04 
2018/06/05 	161.0	161.25	160.0	161.0	2100	2018/06/05 
2018/06/06 	165.0	165.0	157.00999450683594	165.0	151	2018/06/06 
2018/06/07 	161.0	162.0	157.00999450683594	161.0	11110	2018/06/07 
2018/06/08 	161.0	161.0	157.00999450683594	161.0	210	2018/06/08 
2018/06/11 	161.0	161.0	161.0	161.0	0	2018/06/11 
2018/06/12 	160.0	161.0	160.0	160.0	4000	2018/06/12 
2018/06/13 	157.00999450683594	157.00999450683594	157.00999450683594	157.00999450683594	7000	2018/06/13 
2018/06/14 	159.0	159.0	157.00999450683594	159.0	5001	2018/06/14 
2018/06/15 	158.60000610351562	158.60000610351562	157.00999450683594	158.60000610351562	3000	2018/06/15 
2018/06/19 	156.00999450683594	159.0	156.00999450683594	156.00999450683594	8400	2018/06/19 
2018/06/20 	156.00999450683594	156.00999450683594	156.0	156.00999450683594	12000	2018/06/20 
2018/06/21 	160.0	160.0	160.0	160.0	1000	2018/06/21 
2018/06/22 	160.0	160.0	160.0	160.0	0	2018/06/22 
2018/06/25 	160.0	160.0	160.0	160.0	1000	2018/06/25 
2018/06/26 	158.0	158.0	158.0	158.0	1000	2018/06/26 
2018/06/27 	158.0	158.0	155.00999450683594	158.0	2000	2018/06/27 
2018/06/28 	158.0	158.0	158.0	158.0	0	2018/06/28 
2018/06/29 	159.5	159.5	155.00999450683594	159.5	7000	2018/06/29 
2018/07/02 	167.0	167.0	164.0	167.0	28000	2018/07/02 
2018/07/03 	165.24000549316406	165.24000549316406	165.24000549316406	165.24000549316406	2000	2018/07/03 
2018/07/04 	162.0	167.0	159.0	162.0	10105	2018/07/04 
2018/07/05 	162.0	162.72999572753906	162.0	162.0	2000	2018/07/05 
2018/07/06 	162.0	162.0	162.0	162.0	0	2018/07/06 
2018/07/09 	166.0	166.0	163.0	166.0	1091	2018/07/09 
2018/07/10 	163.0	163.0	163.0	163.0	1000	2018/07/10 
2018/07/11 	161.0	162.5	161.0	161.0	7200	2018/07/11 
2018/07/12 	162.99000549316406	163.49000549316406	161.0	162.99000549316406	12100	2018/07/12 
2018/07/13 	155.19000244140625	156.0	153.0	155.19000244140625	46460	2018/07/13 
2018/07/16 	155.5	156.99000549316406	155.0	155.5	5100	2018/07/16 
2018/07/17 	157.5	157.5	157.5	157.5	2000	2018/07/17 
2018/07/18 	154.2899932861328	156.5	153.5	154.2899932861328	14175	2018/07/18 
2018/07/19 	154.7899932861328	154.99000549316406	153.10000610351562	154.7899932861328	2030	2018/07/19 
2018/07/20 	155.0	155.99000549316406	154.0	155.0	13000	2018/07/20 
2018/07/23 	154.50999450683594	155.99000549316406	154.50999450683594	154.50999450683594	12000	2018/07/23 
2018/07/24 	156.88999938964844	156.99000549316406	155.89999389648438	156.88999938964844	23100	2018/07/24 
2018/07/25 	157.38999938964844	157.38999938964844	156.5	157.38999938964844	26100	2018/07/25 
2018/07/26 	157.2899932861328	157.2899932861328	156.50999450683594	157.2899932861328	14120	2018/07/26 
2018/07/27 	157.69000244140625	157.69000244140625	157.2899932861328	157.69000244140625	26780	2018/07/27 
2018/07/30 	157.0	157.69000244140625	156.61000061035156	157.0	12000	2018/07/30 
2018/07/31 	157.0	157.49000549316406	156.4600067138672	157.0	16000	2018/07/31 
2018/08/01 	159.0	159.0	157.5	159.0	21000	2018/08/01 
2018/08/02 	163.0	164.38999938964844	159.47999572753906	163.0	84440	2018/08/02 
2018/08/03 	162.0	163.49000549316406	161.50999450683594	162.0	18580	2018/08/03 
2018/08/06 	164.0	164.99000549316406	163.0	164.0	41700	2018/08/06 
2018/08/07 	164.5	164.99000549316406	164.1999969482422	164.5	13010	2018/08/07 
2018/08/08 	165.1999969482422	165.1999969482422	163.0	165.1999969482422	50010	2018/08/08 
2018/08/09 	165.0	165.58999633789062	164.10000610351562	165.0	13010	2018/08/09 
2018/08/10 	161.5	165.0	161.5	161.5	14000	2018/08/10 
2018/08/13 	159.49000549316406	162.17999267578125	158.0	159.49000549316406	15000	2018/08/13 
2018/08/14 	159.5	160.0	159.0	159.5	9010	2018/08/14 
2018/08/15 	161.0	164.99000549316406	159.5	161.0	76160	2018/08/15 
2018/08/16 	159.61000061035156	161.99000549316406	159.61000061035156	159.61000061035156	28010	2018/08/16 
2018/08/17 	161.0	161.0	160.94000244140625	161.0	2000	2018/08/17 
2018/08/20 	159.8000030517578	161.99000549316406	159.6199951171875	159.8000030517578	21350	2018/08/20 
2018/08/21 	161.0	161.5	160.50999450683594	161.0	21400	2018/08/21 
2018/08/22 	160.0	161.3699951171875	160.0	160.0	20000	2018/08/22 
2018/08/23 	161.0	161.0	160.97999572753906	161.0	1770	2018/08/23 
2018/08/24 	162.99000549316406	162.99000549316406	160.0	162.99000549316406	8638	2018/08/24 
2018/08/27 	163.5	163.99000549316406	161.0	163.5	10050	2018/08/27 
2018/08/28 	162.0	163.52999877929688	160.50999450683594	162.0	8001	2018/08/28 
2018/08/29 	162.0	162.2899932861328	161.41000366210938	162.0	15420	2018/08/29 
2018/08/30 	161.5	162.0	161.5	161.5	2550	2018/08/30 
2018/08/31 	162.1999969482422	162.1999969482422	161.61000061035156	162.1999969482422	34501	2018/08/31 
2018/09/03 	163.0	163.99000549316406	163.0	163.0	8520	2018/09/03 
2018/09/04 	163.0	163.99000549316406	162.11000061035156	163.0	13102	2018/09/04 
2018/09/05 	161.99000549316406	162.8000030517578	161.99000549316406	161.99000549316406	22011	2018/09/05 
2018/09/06 	163.0	163.0	163.0	163.0	1020	2018/09/06 
2018/09/07 	163.5	163.5	162.0	163.5	6200	2018/09/07 
2018/09/10 	162.0	162.0	160.50999450683594	162.0	3300	2018/09/10 
2018/09/11 	163.0	163.0	163.0	163.0	5000	2018/09/11 
2018/09/12 	161.99000549316406	161.99000549316406	161.99000549316406	161.99000549316406	1	2018/09/12 
2018/09/13 	160.0	162.0	160.0	160.0	3120	2018/09/13 
2018/09/14 	161.0	161.92999267578125	161.0	161.0	4000	2018/09/14 
2018/09/17 	161.4499969482422	162.0	161.4499969482422	161.4499969482422	9000	2018/09/17 
2018/09/18 	161.10000610351562	162.0	160.60000610351562	161.10000610351562	22020	2018/09/18 
2018/09/19 	161.0	162.0	160.41000366210938	161.0	13100	2018/09/19 
2018/09/20 	161.0	162.0	161.0	161.0	10618	2018/09/20 
2018/09/21 	160.0	160.47000122070312	160.0	160.0	13000	2018/09/21 
2018/09/25 	160.0	160.99000549316406	159.00999450683594	160.0	8001	2018/09/25 
2018/09/26 	160.0	160.0	159.5	160.0	4230	2018/09/26 
2018/09/27 	160.88999938964844	160.88999938964844	159.99000549316406	160.88999938964844	15035	2018/09/27 
2018/09/28 	160.0	160.5	160.0	160.0	2000	2018/09/28 
2018/10/01 	159.0	160.0	159.0	159.0	8300	2018/10/01 
2018/10/02 	159.0	159.89999389648438	159.0	159.0	9100	2018/10/02 
2018/10/03 	158.02000427246094	159.5	158.02000427246094	158.02000427246094	2050	2018/10/03 
2018/10/04 	157.0	158.89999389648438	155.00999450683594	157.0	8400	2018/10/04 
2018/10/05 	156.0	156.0	155.0	156.0	5360	2018/10/05 
2018/10/08 	151.5	155.0	151.5	151.5	16240	2018/10/08 
2018/10/09 	149.80999755859375	153.0	149.11000061035156	149.80999755859375	23500	2018/10/09 
2018/10/11 	145.50999450683594	146.0	144.00999450683594	145.50999450683594	29470	2018/10/11 
2018/10/12 	145.5	148.88999938964844	145.5	145.5	5350	2018/10/12 
2018/10/15 	146.00999450683594	146.5	146.0	146.00999450683594	11000	2018/10/15 
2018/10/16 	146.0	146.47000122070312	145.50999450683594	146.0	11600	2018/10/16 
2018/10/17 	145.0	146.47000122070312	145.0	145.0	12000	2018/10/17 
2018/10/18 	144.99000549316406	145.60000610351562	144.5	144.99000549316406	7065	2018/10/18 
2018/10/19 	145.0	145.0	144.08999633789062	145.0	6110	2018/10/19 
2018/10/22 	145.99000549316406	145.99000549316406	143.02000427246094	145.99000549316406	8120	2018/10/22 
2018/10/23 	145.08999633789062	145.5	144.5	145.08999633789062	6200	2018/10/23 
2018/10/24 	142.39999389648438	145.49000549316406	142.0	142.39999389648438	34761	2018/10/24 
2018/10/25 	138.00999450683594	142.0	138.00999450683594	138.00999450683594	19185	2018/10/25 
2018/10/26 	140.0	142.0	139.88999938964844	140.0	8000	2018/10/26 
2018/10/29 	140.39999389648438	140.39999389648438	140.39999389648438	140.39999389648438	1100	2018/10/29 
2018/10/30 	139.0	141.0	138.5	139.0	34300	2018/10/30 
2018/10/31 	141.5	141.99000549316406	139.5	141.5	35490	2018/10/31 
2018/11/01 	141.61000061035156	141.89999389648438	141.5	141.61000061035156	7000	2018/11/01 
2018/11/02 	143.0	143.99000549316406	142.00999450683594	143.0	12970	2018/11/02 
2018/11/05 	145.2899932861328	145.2899932861328	145.0	145.2899932861328	3000	2018/11/05 
2018/11/06 	145.0	145.0	145.0	145.0	6200	2018/11/06 
2018/11/07 	144.8000030517578	144.8000030517578	144.7899932861328	144.8000030517578	11000	2018/11/07 
2018/11/08 	147.0	147.0	145.0	147.0	16750	2018/11/08 
2018/11/09 	146.89999389648438	147.0	146.0	146.89999389648438	121000	2018/11/09 
2018/11/12 	147.39999389648438	147.5	146.5	147.39999389648438	99300	2018/11/12 
2018/11/13 	147.39999389648438	147.39999389648438	145.80999755859375	147.39999389648438	100415	2018/11/13 
2018/11/14 	150.0	150.99000549316406	147.89999389648438	150.0	64365	2018/11/14 
2018/11/15 	153.99000549316406	153.99000549316406	151.55999755859375	153.99000549316406	31330	2018/11/15 
2018/11/16 	153.99000549316406	154.99000549316406	152.00999450683594	153.99000549316406	57295	2018/11/16 
2018/11/19 	154.99000549316406	154.99000549316406	152.86000061035156	154.99000549316406	6700	2018/11/19 
2018/11/20 	153.49000549316406	154.99000549316406	153.0	153.49000549316406	66100	2018/11/20 
2018/11/21 	152.5	153.99000549316406	152.0	152.5	72700	2018/11/21 
2018/11/22 	152.5399932861328	152.99000549316406	151.50999450683594	152.5399932861328	57150	2018/11/22 
2018/11/23 	150.99000549316406	151.60000610351562	150.0	150.99000549316406	67050	2018/11/23 
2018/11/26 	151.99000549316406	151.99000549316406	149.00999450683594	151.99000549316406	15100	2018/11/26 
2018/11/27 	153.99000549316406	153.99000549316406	149.89999389648438	153.99000549316406	29320	2018/11/27 
2018/11/28 	152.5	153.99000549316406	151.0	152.5	78600	2018/11/28 
2018/11/29 	152.5	153.99000549316406	152.0	152.5	123500	2018/11/29 
2018/11/30 	154.49000549316406	154.49000549316406	152.49000549316406	154.49000549316406	121200	2018/11/30 
2018/12/03 	155.69000244140625	155.69000244140625	154.02000427246094	155.69000244140625	66700	2018/12/03 
2018/12/04 	158.50999450683594	160.27000427246094	152.58999633789062	158.50999450683594	98111	2018/12/04 
2018/12/05 	159.99000549316406	160.58999633789062	152.00999450683594	159.99000549316406	214823	2018/12/05 
2018/12/06 	159.0	163.19000244140625	157.00999450683594	159.0	242970	2018/12/06 
2018/12/07 	157.0	159.19000244140625	155.60000610351562	157.0	143300	2018/12/07 
2018/12/10 	155.00999450683594	158.0	155.00999450683594	155.00999450683594	160310	2018/12/10 
2018/12/11 	155.0	156.2899932861328	154.8000030517578	155.0	75200	2018/12/11 
2018/12/12 	158.99000549316406	165.52000427246094	155.50999450683594	158.99000549316406	554930	2018/12/12 
2018/12/13 	162.11000061035156	164.49000549316406	158.00999450683594	162.11000061035156	338960	2018/12/13 
2018/12/14 	166.99000549316406	168.10000610351562	162.5	166.99000549316406	862480	2018/12/14 
2018/12/17 	168.8000030517578	184.77999877929688	167.00999450683594	168.8000030517578	2029744	2018/12/17 
2018/12/18 	170.0	176.5	162.5	163.0	8059150	2018/12/18 
2018/12/19 	168.0	172.0	167.0	171.0	5066486	2018/12/19 
2018/12/20 	169.0	170.5	163.0	164.5	3253822	2018/12/20 
2018/12/21 	164.0	171.5	164.0	171.0	3450228	2018/12/21 
2018/12/24 	172.5	172.5	170.5	171.5	1692025	2018/12/24 
2018/12/25 	168.0	169.0	158.0	165.0	2795281	2018/12/25 
2018/12/26 	164.0	165.0	158.0	158.0	2042687	2018/12/26 
2018/12/27 	162.0	162.5	153.0	159.5	3000149	2018/12/27 
2018/12/28 	160.5	162.5	157.5	159.5	1987800	2018/12/28 
2019/01/02 	160.0	160.0	157.0	157.0	810441	2019/01/02 
2019/01/03 	156.0	160.5	155.5	159.0	1263370	2019/01/03 
2019/01/04 	157.5	162.5	154.0	162.5	1589500	2019/01/04 
2019/01/07 	162.5	164.0	160.0	161.5	1268920	2019/01/07 
2019/01/08 	162.0	162.5	159.5	160.0	842285	2019/01/08 
2019/01/09 	161.0	162.0	159.0	160.5	1144020	2019/01/09 
2019/01/10 	158.0	158.5	155.5	157.5	1162999	2019/01/10 
2019/01/11 	158.0	158.0	155.0	156.0	808772	2019/01/11 
2019/01/14 	156.5	156.5	150.0	150.5	1594759	2019/01/14 
2019/01/15 	150.5	151.5	144.5	148.5	2238275	2019/01/15 
2019/01/16 	146.0	147.0	144.5	145.0	1168098	2019/01/16 
2019/01/17 	146.0	151.0	146.0	148.0	1002397	2019/01/17 
2019/01/18 	148.0	150.0	146.0	149.0	570380	2019/01/18 
2019/01/21 	149.0	150.0	148.0	148.5	327700	2019/01/21 
2019/01/22 	148.5	149.0	146.0	146.0	468700	2019/01/22 
2019/01/23 	146.0	148.0	145.0	147.5	373421	2019/01/23 
2019/01/24 	147.5	149.0	147.0	148.5	375311	2019/01/24 
2019/01/25 	148.5	148.5	147.0	147.5	397202	2019/01/25 
2019/01/28 	147.5	148.0	146.5	146.5	374770	2019/01/28 
2019/01/29 	147.5	149.5	146.0	148.5	380613	2019/01/29 
2019/01/30 	148.0	148.5	147.0	148.0	276510	2019/01/30 
2019/02/11 	148.5	150.0	147.5	149.5	382544	2019/02/11 
2019/02/12 	149.5	153.0	149.0	152.5	736964	2019/02/12 
2019/02/13 	153.0	159.0	152.0	157.0	1441098	2019/02/13 
2019/02/14 	155.0	157.0	154.0	154.5	945540	2019/02/14 
2019/02/15 	155.0	155.0	151.0	152.0	636200	2019/02/15 
2019/02/18 	153.0	153.0	151.5	153.0	350151	2019/02/18 
2019/02/19 	153.5	154.5	152.0	153.5	364600	2019/02/19 
2019/02/20 	154.5	155.0	153.0	154.0	480143	2019/02/20 
2019/02/21 	154.5	158.0	154.5	157.5	1088848	2019/02/21 
2019/02/22 	155.5	157.5	155.0	156.5	508885	2019/02/22 
2019/02/25 	157.0	159.5	156.5	159.0	855045	2019/02/25 
2019/02/26 	159.0	159.5	157.5	157.5	624784	2019/02/26 
2019/02/27 	157.5	161.5	156.0	160.5	1009764	2019/02/27 
2019/03/04 	160.5	162.0	159.0	161.5	739571	2019/03/04 
2019/03/05 	160.0	161.0	158.5	159.0	374120	2019/03/05 
2019/03/06 	159.0	160.0	156.0	159.5	637443	2019/03/06 
2019/03/07 	159.5	159.5	156.0	156.0	391780	2019/03/07 
2019/03/08 	156.0	157.5	155.0	156.0	307100	2019/03/08 
2019/03/11 	155.0	158.0	155.0	156.5	466170	2019/03/11 
2019/03/12 	158.5	162.0	157.5	161.0	1318418	2019/03/12 
2019/03/13 	162.0	163.0	161.0	162.0	1096085	2019/03/13 
2019/03/14 	164.0	166.5	162.0	162.0	1879086	2019/03/14 
2019/03/15 	163.5	165.5	163.0	164.5	946671	2019/03/15 
2019/03/18 	165.5	166.0	161.0	161.5	909170	2019/03/18 
2019/03/19 	162.0	164.0	161.0	164.0	1210202	2019/03/19 
2019/03/20 	164.0	164.5	162.5	164.0	924469	2019/03/20 
2019/03/21 	164.5	166.5	163.0	166.0	1320582	2019/03/21 
2019/03/22 	166.0	166.5	163.0	164.0	634150	2019/03/22 
2019/03/25 	161.5	162.5	161.0	161.5	601022	2019/03/25 
2019/03/26 	162.5	163.5	162.0	162.5	339411	2019/03/26 
2019/03/27 	163.0	165.5	162.5	165.5	856600	2019/03/27 
2019/03/28 	165.0	165.5	164.0	165.0	612300	2019/03/28 
2019/03/29 	167.0	169.5	163.0	163.0	1572283	2019/03/29 
2019/04/01 	163.0	163.0	158.0	158.5	1405528	2019/04/01 
2019/04/02 	158.5	160.5	158.5	160.0	719373	2019/04/02 
2019/04/03 	160.0	161.0	159.0	160.0	233807	2019/04/03 
2019/04/08 	161.0	161.5	160.0	161.5	323660	2019/04/08 
2019/04/09 	161.5	161.5	160.5	160.5	438028	2019/04/09 
2019/04/10 	160.5	161.5	160.0	161.0	348304	2019/04/10 
2019/04/11 	161.0	162.5	160.5	160.5	424916	2019/04/11 
2019/04/12 	161.0	163.0	160.5	161.5	538142	2019/04/12 
2019/04/15 	161.5	162.5	160.5	160.5	312430	2019/04/15 
2019/04/16 	160.5	161.5	160.5	161.0	303904	2019/04/16 
2019/04/17 	161.0	165.0	161.0	163.0	939290	2019/04/17 
2019/04/18 	163.5	164.0	161.5	161.5	454100	2019/04/18 
2019/04/19 	161.5	162.5	160.5	161.0	325000	2019/04/19 
2019/04/22 	161.0	162.0	161.0	161.0	172366	2019/04/22 
2019/04/23 	162.0	162.0	161.0	161.5	241564	2019/04/23 
2019/04/24 	162.5	165.0	162.5	164.0	853010	2019/04/24 
2019/04/25 	164.5	164.5	161.0	161.5	530700	2019/04/25 
2019/04/26 	161.5	164.5	161.0	164.0	663598	2019/04/26 
2019/04/29 	165.0	168.0	163.0	166.5	1356720	2019/04/29 
2019/04/30 	166.5	166.5	163.5	166.0	594600	2019/04/30 
2019/05/02 	166.0	170.5	166.0	169.0	1478402	2019/05/02 
2019/05/03 	169.0	170.0	167.0	168.5	657320	2019/05/03 
2019/05/06 	167.0	167.0	163.5	163.5	931170	2019/05/06 
2019/05/07 	165.0	167.5	164.0	166.5	817020	2019/05/07 
2019/05/08 	164.0	165.0	163.5	164.0	649100	2019/05/08 
2019/05/09 	164.0	166.0	163.5	163.5	778700	2019/05/09 
2019/05/10 	165.5	166.5	163.0	165.0	698180	2019/05/10 
2019/05/13 	161.5	161.5	155.5	155.5	1371090	2019/05/13 
2019/05/14 	155.5	160.5	155.5	160.5	1125451	2019/05/14 
2019/05/15 	161.5	165.0	161.0	164.0	808200	2019/05/15 
2019/05/16 	165.0	165.5	162.5	163.0	470050	2019/05/16 
2019/05/17 	165.5	167.0	163.5	165.5	1200170	2019/05/17 
2019/05/20 	167.0	168.0	165.0	167.0	771165	2019/05/20 
2019/05/21 	168.5	171.0	166.5	169.5	1531420	2019/05/21 
2019/05/22 	170.5	174.0	170.0	172.0	1392935	2019/05/22 
2019/05/23 	171.5	172.0	167.0	169.5	820697	2019/05/23 
2019/05/24 	171.0	171.0	167.5	168.0	512227	2019/05/24 
2019/05/27 	168.5	171.0	168.0	171.0	527100	2019/05/27 
2019/05/28 	172.5	175.0	171.0	173.5	2811385	2019/05/28 
2019/05/29 	172.0	183.5	171.5	178.0	2831784	2019/05/29 
2019/05/30 	180.0	181.5	178.0	179.0	1084873	2019/05/30 
2019/05/31 	178.5	180.5	174.5	178.5	1230530	2019/05/31 
2019/06/03 	178.5	178.5	173.5	174.0	621002	2019/06/03 
2019/06/04 	175.0	175.5	173.0	173.5	276673	2019/06/04 
2019/06/05 	175.5	176.5	170.5	171.0	573600	2019/06/05 
2019/06/06 	172.0	176.0	171.5	174.5	705280	2019/06/06 
2019/06/10 	176.0	176.5	172.0	173.5	456300	2019/06/10 
2019/06/11 	173.0	174.5	169.0	174.5	740100	2019/06/11 
2019/06/12 	174.5	177.0	173.0	175.5	610380	2019/06/12 
2019/06/13 	175.5	176.5	174.0	174.5	433296	2019/06/13 
2019/06/14 	175.0	176.0	174.0	175.5	433113	2019/06/14 
2019/06/17 	176.5	184.5	176.5	184.0	2503098	2019/06/17 
2019/06/18 	186.5	194.0	186.5	187.0	3755158	2019/06/18 
2019/06/19 	190.0	190.5	186.0	188.0	1103331	2019/06/19 
2019/06/20 	188.5	189.0	185.0	188.0	529655	2019/06/20 
2019/06/21 	190.0	197.5	189.5	191.0	2140565	2019/06/21 
2019/06/24 	192.0	192.5	189.0	190.5	456071	2019/06/24 
2019/06/25 	191.5	193.0	188.5	190.5	653125	2019/06/25 
2019/06/26 	191.0	199.5	190.0	197.0	1483624	2019/06/26 
2019/06/27 	202.0	204.0	194.5	196.0	1934260	2019/06/27 
2019/06/28 	196.5	199.5	195.0	198.0	621413	2019/06/28 
2019/07/01 	198.5	200.5	195.0	197.0	764620	2019/07/01 
2019/07/02 	198.0	198.0	187.0	187.0	1749236	2019/07/02 
2019/07/03 	188.0	188.5	185.0	186.0	894948	2019/07/03 
2019/07/04 	186.5	196.5	186.5	193.0	1457610	2019/07/04 
2019/07/05 	193.0	198.0	191.5	198.0	1109067	2019/07/05 
2019/07/08 	198.0	198.5	194.5	195.5	465540	2019/07/08 
2019/07/09 	195.5	199.0	195.5	196.5	536071	2019/07/09 
2019/07/10 	196.5	197.5	195.0	195.5	412380	2019/07/10 
2019/07/11 	196.0	203.0	196.0	198.5	1502815	2019/07/11 
2019/07/12 	200.0	200.0	197.5	199.0	878956	2019/07/12 
2019/07/15 	191.0	193.0	187.0	191.0	1236579	2019/07/15 
2019/07/16 	191.0	192.0	188.0	188.5	484489	2019/07/16 
2019/07/17 	189.0	189.0	181.0	182.0	1098770	2019/07/17 
2019/07/18 	183.5	184.5	179.0	179.5	719320	2019/07/18 
2019/07/19 	181.5	182.0	179.0	180.0	403561	2019/07/19 
2019/07/22 	180.0	180.5	175.0	175.5	765913	2019/07/22 
2019/07/23 	176.0	179.5	173.5	175.0	866357	2019/07/23 
2019/07/24 	175.5	177.0	172.5	173.0	588450	2019/07/24 
2019/07/25 	174.5	174.5	170.0	172.0	1048485	2019/07/25 
2019/07/26 	172.0	175.5	171.5	174.0	525891	2019/07/26 
2019/07/29 	176.0	178.0	175.0	177.0	1079107	2019/07/29 
2019/07/30 	177.5	182.5	176.0	180.5	1244218	2019/07/30 
2019/07/31 	180.0	185.0	178.5	183.5	1070425	2019/07/31 
2019/08/01 	181.5	183.0	178.0	179.5	559798	2019/08/01 
2019/08/02 	178.0	178.0	172.5	173.0	896457	2019/08/02 
2019/08/05 	173.0	173.0	170.0	170.0	573019	2019/08/05 
2019/08/06 	164.5	164.5	160.0	163.0	2291934	2019/08/06 
2019/08/07 	164.0	170.0	163.5	167.0	1032001	2019/08/07 
2019/08/08 	166.5	169.5	166.5	169.0	352250	2019/08/08 
2019/08/12 	172.0	172.0	167.5	167.5	272161	2019/08/12 
2019/08/13 	167.5	170.5	167.0	170.0	1041210	2019/08/13 
2019/08/14 	173.0	173.5	168.5	169.0	447592	2019/08/14 
2019/08/15 	163.5	166.0	162.5	163.5	1466545	2019/08/15 
2019/08/16 	165.0	168.0	164.5	166.0	646190	2019/08/16 
2019/08/19 	167.5	168.5	166.0	167.0	360060	2019/08/19 
2019/08/20 	168.5	168.5	165.0	165.0	285351	2019/08/20 
2019/08/21 	165.0	167.0	163.5	165.0	329200	2019/08/21 
2019/08/22 	167.0	167.5	165.5	166.0	494000	2019/08/22 
2019/08/23 	166.5	168.5	166.0	167.0	449005	2019/08/23 
2019/08/26 	163.5	163.5	160.5	161.5	903230	2019/08/26 
2019/08/27 	161.5	164.5	161.5	162.0	474086	2019/08/27 
2019/08/28 	162.5	164.5	162.0	163.5	212436	2019/08/28 
2019/08/29 	163.5	165.5	162.0	163.0	281142	2019/08/29 
2019/08/30 	164.5	165.0	163.5	164.0	252000	2019/08/30 
2019/09/02 	164.0	169.0	164.0	168.0	434320	2019/09/02 
2019/09/03 	169.0	173.0	168.5	171.0	731440	2019/09/03 
2019/09/04 	171.0	171.0	168.5	170.5	323400	2019/09/04 
2019/09/05 	170.5	170.5	167.5	168.5	375221	2019/09/05 
2019/09/06 	169.0	172.0	168.5	169.5	507325	2019/09/06 
2019/09/10 	172.5	174.0	170.5	173.0	730202	2019/09/10 
2019/09/11 	175.5	183.0	174.5	181.5	2303607	2019/09/11 
2019/09/12 	183.5	185.0	180.5	181.0	984246	2019/09/12 
2019/09/16 	182.0	182.5	177.0	182.0	609542	2019/09/16 
2019/09/17 	182.0	183.0	180.0	182.0	343772	2019/09/17 
2019/09/18 	182.0	184.0	181.0	182.5	532355	2019/09/18 
2019/09/19 	183.0	185.0	182.5	184.5	461255	2019/09/19 
2019/09/20 	184.5	184.5	180.0	183.5	696338	2019/09/20 
2019/09/23 	183.0	183.0	178.0	179.5	807446	2019/09/23 
2019/09/24 	180.0	181.0	178.5	180.0	422617	2019/09/24 
2019/09/25 	180.0	181.5	180.0	181.5	182413	2019/09/25 
2019/09/26 	182.0	182.0	180.5	181.0	297149	2019/09/26 
2019/09/27 	181.0	181.5	178.5	179.0	513025	2019/09/27 
2019/10/01 	180.0	186.0	180.0	185.5	660555	2019/10/01 
2019/10/02 	184.0	189.0	183.0	187.0	800392	2019/10/02 
2019/10/03 	185.5	189.5	184.5	187.5	469743	2019/10/03 
2019/10/04 	188.0	189.5	183.0	185.0	901277	2019/10/04 
2019/10/07 	187.0	187.5	185.0	186.0	508019	2019/10/07 
2019/10/08 	187.5	187.5	181.5	181.5	470360	2019/10/08 
2019/10/09 	181.0	184.0	180.5	180.5	386400	2019/10/09 
2019/10/14 	182.5	183.0	179.5	180.5	486305	2019/10/14 
2019/10/15 	181.5	181.5	179.5	181.0	381115	2019/10/15 
2019/10/16 	182.0	182.0	178.5	179.5	432117	2019/10/16 
2019/10/17 	180.0	180.5	178.5	179.5	351952	2019/10/17 
2019/10/18 	180.5	184.5	178.0	180.5	1354759	2019/10/18 
2019/10/21 	181.5	183.0	181.0	181.0	537977	2019/10/21 
2019/10/22 	182.5	183.0	181.0	182.0	428230	2019/10/22 
2019/10/23 	182.0	182.5	179.0	182.0	591586	2019/10/23 
2019/10/24 	182.0	182.5	180.0	180.5	379170	2019/10/24 
2019/10/25 	180.0	180.5	175.5	175.5	1019688	2019/10/25 
2019/10/28 	175.5	175.5	172.0	172.5	677393	2019/10/28 
2019/10/29 	172.0	174.5	171.5	174.5	491005	2019/10/29 
2019/10/30 	174.0	179.5	174.0	178.5	526100	2019/10/30 
2019/10/31 	179.0	179.5	178.0	178.0	231805	2019/10/31 
2019/11/01 	178.0	178.0	175.0	176.0	307000	2019/11/01 
2019/11/04 	176.0	178.0	175.0	176.5	241000	2019/11/04 
2019/11/05 	176.0	178.0	176.0	177.5	164200	2019/11/05 
2019/11/06 	178.0	182.0	178.0	178.0	734015	2019/11/06 
2019/11/07 	178.0	178.0	177.0	177.0	230124	2019/11/07 
2019/11/08 	177.0	180.0	177.0	178.0	132500	2019/11/08 
2019/11/11 	177.5	177.5	175.0	175.0	281311	2019/11/11 
2019/11/12 	175.0	176.5	175.0	176.0	145100	2019/11/12 
2019/11/13 	175.5	178.5	174.0	178.5	228126	2019/11/13 
2019/11/14 	180.5	181.0	178.5	178.5	436106	2019/11/14 
2019/11/15 	179.0	180.5	177.5	180.0	308785	2019/11/15 
2019/11/18 	181.0	181.0	178.5	179.0	188029	2019/11/18 
2019/11/19 	178.0	180.0	178.0	178.0	187009	2019/11/19 
2019/11/20 	178.0	180.0	178.0	179.0	226697	2019/11/20 
2019/11/21 	179.0	179.0	176.0	177.0	179323	2019/11/21 
2019/11/22 	176.5	177.0	175.0	175.0	283449	2019/11/22 
2019/11/25 	175.0	175.0	174.0	174.5	271032	2019/11/25 
2019/11/26 	175.5	180.0	175.5	180.0	508100	2019/11/26 
2019/11/27 	180.5	181.0	178.5	179.5	201050	2019/11/27 
2019/11/28 	179.5	179.5	178.5	178.5	83040	2019/11/28 
2019/11/29 	179.0	179.0	176.5	178.5	170050	2019/11/29 
2019/12/02 	177.5	177.5	175.0	176.0	197020	2019/12/02 
2019/12/03 	176.0	177.5	176.0	177.0	120020	2019/12/03 
2019/12/04 	175.5	176.5	175.5	176.5	111010	2019/12/04 
2019/12/05 	176.5	177.0	176.0	176.5	105010	2019/12/05 
2019/12/06 	177.0	179.5	177.0	177.5	131140	2019/12/06 
2019/12/09 	178.5	179.5	178.0	178.5	292040	2019/12/09 
2019/12/10 	178.5	179.0	177.0	178.0	94000	2019/12/10 
2019/12/11 	177.5	178.5	177.0	177.0	178053	2019/12/11 
2019/12/12 	177.5	177.5	176.5	177.0	210300	2019/12/12 
2019/12/13 	177.5	177.5	176.0	176.5	161250	2019/12/13 
2019/12/16 	176.0	177.5	176.0	177.5	1040	2019/12/16 
2019/12/17 	178.0	178.0	176.5	177.0	183167	2019/12/17 
2019/12/18 	177.5	180.5	177.0	179.5	494323	2019/12/18 
2019/12/19 	179.0	181.5	178.5	181.5	353876	2019/12/19 
2019/12/20 	182.0	182.5	180.5	181.0	261350	2019/12/20 
2019/12/23 	181.0	181.5	180.5	180.5	122150	2019/12/23 
2019/12/24 	181.5	181.5	178.0	179.5	139080	2019/12/24 
2019/12/25 	179.5	179.5	177.0	178.0	174018	2019/12/25 
2019/12/26 	178.0	179.0	177.5	178.5	89002	2019/12/26 
2019/12/27 	178.5	179.0	178.0	178.5	144000	2019/12/27 
2019/12/30 	178.5	179.5	178.0	179.5	149115	2019/12/30 
2019/12/31 	179.5	179.5	179.0	179.5	116060	2019/12/31 
2020/01/02 	179.0	181.0	178.5	180.0	156288	2020/01/02 
2020/01/03 	181.0	185.0	180.0	183.5	809347	2020/01/03 
2020/01/06 	183.0	183.0	181.0	182.5	464988	2020/01/06 
2020/01/07 	185.0	189.0	183.0	183.5	1335566	2020/01/07 
2020/01/08 	184.5	184.5	180.5	180.5	539540	2020/01/08 
2020/01/09 	182.0	186.5	181.0	186.5	710420	2020/01/09 
2020/01/10 	188.5	189.5	184.0	187.0	1058272	2020/01/10 
2020/01/13 	188.5	191.5	187.5	191.0	1031849	2020/01/13 
2020/01/14 	192.0	192.0	189.0	191.0	462550	2020/01/14 
2020/01/15 	192.0	194.0	189.5	193.0	457900	2020/01/15 
2020/01/16 	193.0	196.0	190.5	193.0	621610	2020/01/16 
2020/01/17 	198.0	202.5	192.5	194.5	3061892	2020/01/17 
2020/01/20 	195.0	197.5	193.0	194.5	910730	2020/01/20 
2020/01/30 	188.0	192.0	183.5	185.0	1143280	2020/01/30 
2020/01/31 	188.5	192.0	187.5	190.0	876270	2020/01/31 
2020/02/03 	186.5	195.0	186.0	194.0	897305	2020/02/03 
2020/02/04 	176.0	192.5	176.0	192.5	562200	2020/02/04 
2020/02/05 	194.0	194.0	191.0	191.5	400442	2020/02/05 
2020/02/06 	192.5	196.0	191.0	196.0	672355	2020/02/06 
2020/02/07 	196.0	196.0	192.0	193.0	412150	2020/02/07 
2020/02/10 	191.0	194.0	189.5	193.0	442000	2020/02/10 
2020/02/11 	194.0	200.0	194.0	199.0	1213359	2020/02/11 
2020/02/12 	200.0	200.5	197.0	199.0	610850	2020/02/12 
2020/02/13 	200.5	200.5	197.0	198.0	468300	2020/02/13 
2020/02/14 	199.0	207.0	199.0	202.5	1691671	2020/02/14 
2020/02/17 	201.5	205.0	199.0	201.0	593322	2020/02/17 
2020/02/18 	202.0	206.5	201.5	202.0	667389	2020/02/18 
2020/02/19 	204.5	211.5	203.0	211.0	1393533	2020/02/19 
2020/02/20 	211.5	216.5	207.5	208.5	1522568	2020/02/20 
2020/02/21 	208.5	208.5	201.0	202.0	1145895	2020/02/21 
2020/02/24 	199.0	205.0	199.0	205.0	747357	2020/02/24 
2020/02/25 	203.0	206.5	202.0	205.5	613178	2020/02/25 
2020/02/26 	205.0	207.0	201.5	203.5	677388	2020/02/26 
2020/02/27 	204.5	204.5	193.5	193.5	1028395	2020/02/27 
2020/03/02 	190.5	202.0	190.5	199.0	1269761	2020/03/02 
2020/03/03 	202.5	203.5	194.5	194.5	786485	2020/03/03 
2020/03/04 	195.0	196.0	190.0	190.5	792141	2020/03/04 
2020/03/05 	191.0	193.5	188.5	191.0	663115	2020/03/05 
2020/03/06 	191.0	191.5	189.0	189.0	316085	2020/03/06 
2020/03/09 	188.0	189.0	178.5	179.0	1139065	2020/03/09 
2020/03/10 	173.0	176.5	173.0	175.5	812675	2020/03/10 
2020/03/11 	177.0	177.0	172.0	174.5	621077	2020/03/11 
2020/03/12 	170.5	173.0	159.5	164.0	1092413	2020/03/12 
2020/03/13 	152.5	156.5	148.5	154.0	1021612	2020/03/13 
2020/03/16 	153.5	157.0	147.0	147.5	769460	2020/03/16 
2020/03/17 	140.0	142.5	136.0	138.5	1267993	2020/03/17 
2020/03/18 	141.0	146.0	138.5	140.0	836300	2020/03/18 
2020/03/19 	136.0	142.0	133.5	140.5	1169119	2020/03/19 
2020/03/20 	145.5	153.0	144.5	153.0	3593803	2020/03/20 
2020/03/23 	149.0	153.5	147.5	149.0	513027	2020/03/23 
2020/03/24 	151.0	158.0	151.0	157.5	744861	2020/03/24 
2020/03/25 	160.5	163.5	154.0	155.0	1543651	2020/03/25 
2020/03/26 	156.0	159.5	154.5	157.0	776226	2020/03/26 
2020/03/27 	159.0	160.0	156.5	157.0	773558	2020/03/27 
2020/03/30 	155.0	156.5	152.5	155.5	632091	2020/03/30 
2020/03/31 	157.5	157.5	155.0	155.5	276847	2020/03/31 
2020/04/01 	156.0	156.0	153.5	155.0	167142	2020/04/01 
2020/04/06 	155.0	155.0	152.0	154.5	362040	2020/04/06 
2020/04/07 	156.5	157.0	153.5	155.0	717021	2020/04/07 
2020/04/08 	155.5	156.0	153.5	154.0	703119	2020/04/08 
2020/04/09 	154.5	156.0	147.0	148.0	918010	2020/04/09 
2020/04/10 	148.0	150.0	147.5	149.5	458000	2020/04/10 
2020/04/13 	149.5	151.0	148.5	149.0	491006	2020/04/13 
2020/04/14 	150.5	152.0	149.5	152.0	500002	2020/04/14 
2020/04/15 	153.5	154.0	152.5	154.0	469989	2020/04/15 
2020/04/16 	154.0	154.0	152.0	153.5	353198	2020/04/16 
2020/04/17 	155.5	159.5	153.0	153.5	1430040	2020/04/17 
2020/04/20 	153.5	154.5	152.0	154.0	426605	2020/04/20 
2020/04/21 	154.0	154.5	150.0	150.5	665270	2020/04/21 
2020/04/22 	149.5	149.5	147.0	149.5	579007	2020/04/22 
2020/04/23 	150.5	150.5	148.5	148.5	539000	2020/04/23 
2020/04/24 	149.0	149.0	147.5	148.5	204245	2020/04/24 
2020/04/27 	150.0	155.0	149.5	154.0	570641	2020/04/27 
2020/04/28 	155.0	157.0	153.5	157.0	784563	2020/04/28 
2020/04/29 	157.0	168.5	156.0	164.0	2613801	2020/04/29 
2020/04/30 	165.5	168.0	163.5	165.5	1030155	2020/04/30 
2020/05/04 	161.0	161.0	159.0	160.0	489401	2020/05/04 
2020/05/05 	161.0	161.0	158.0	158.0	390806	2020/05/05 
2020/05/06 	159.0	159.0	157.0	157.0	229150	2020/05/06 
2020/05/07 	157.0	161.5	156.5	160.0	434285	2020/05/07 
2020/05/08 	160.5	162.0	158.0	158.5	359769	2020/05/08 
2020/05/11 	159.0	160.0	158.0	158.0	338044	2020/05/11 
2020/05/12 	158.5	159.0	155.0	155.5	318555	2020/05/12 
2020/05/13 	157.5	159.0	156.0	156.5	549993	2020/05/13 
2020/05/14 	156.5	156.5	151.5	151.5	786552	2020/05/14 
2020/05/15 	152.0	153.5	150.5	151.5	621481	2020/05/15 
2020/05/18 	151.5	154.5	151.5	154.0	339200	2020/05/18 
2020/05/19 	156.5	161.0	156.5	158.0	799051	2020/05/19 
2020/05/20 	158.0	171.5	158.0	170.5	2395357	2020/05/20 
2020/05/21 	172.5	175.0	169.0	172.5	2348655	2020/05/21 
2020/05/22 	174.0	177.0	171.5	172.0	1884568	2020/05/22 
2020/05/25 	175.0	179.5	174.5	175.5	1565891	2020/05/25 
2020/05/26 	177.5	181.0	175.5	179.5	1177319	2020/05/26 
2020/05/27 	179.5	180.0	175.5	177.0	763554	2020/05/27 
2020/05/28 	177.0	180.0	176.0	176.0	599426	2020/05/28 
2020/05/29 	176.0	176.5	171.0	174.0	819373	2020/05/29 
2020/06/01 	178.0	180.5	176.5	179.0	933331	2020/06/01 
2020/06/02 	177.5	178.5	170.0	170.0	1186656	2020/06/02 
2020/06/03 	172.0	177.5	171.5	175.0	1154559	2020/06/03 
2020/06/04 	176.0	178.5	175.0	178.0	710558	2020/06/04 
2020/06/05 	179.0	183.0	178.5	179.0	1751280	2020/06/05 
2020/06/08 	178.5	183.5	175.0	182.0	1661312	2020/06/08 
2020/06/09 	182.0	185.0	178.0	180.0	780218	2020/06/09 
2020/06/10 	180.0	183.0	178.5	180.5	497994	2020/06/10 
2020/06/11 	181.5	182.5	175.0	176.5	429335	2020/06/11 
2020/06/12 	171.0	174.0	168.0	173.0	677176	2020/06/12 
2020/06/15 	172.0	174.0	170.0	170.0	423500	2020/06/15 
2020/06/16 	172.5	172.5	170.0	171.0	373392	2020/06/16 
2020/06/17 	174.0	174.0	169.0	170.0	527160	2020/06/17 
2020/06/18 	171.0	171.5	168.5	171.5	245193	2020/06/18 
2020/06/19 	171.5	171.5	167.5	167.5	467300	2020/06/19 
2020/06/22 	168.5	170.5	165.0	166.5	764348	2020/06/22 
2020/06/23 	168.0	168.0	163.5	164.0	503200	2020/06/23 
2020/06/24 	165.5	165.5	164.0	165.5	206200	2020/06/24 
2020/06/29 	163.5	164.5	160.0	160.0	741275	2020/06/29 
2020/06/30 	161.5	164.5	161.5	163.0	321610	2020/06/30 
2020/07/01 	164.5	165.5	164.0	165.0	199846	2020/07/01 
2020/07/02 	165.5	167.0	165.5	167.0	234300	2020/07/02 
2020/07/03 	168.0	168.5	165.0	168.0	373215	2020/07/03 
2020/07/06 	168.0	172.0	167.0	172.0	724692	2020/07/06 
2020/07/07 	171.0	173.5	170.0	172.0	429110	2020/07/07 
2020/07/08 	172.5	172.5	168.5	169.5	290611	2020/07/08 
2020/07/09 	170.0	170.0	167.0	167.0	328378	2020/07/09 
2020/07/10 	167.5	167.5	165.0	167.0	257600	2020/07/10 
2020/07/13 	166.0	166.5	165.0	165.0	204170	2020/07/13 
2020/07/14 	165.0	166.0	164.0	164.0	252239	2020/07/14 
2020/07/15 	165.5	175.0	165.0	172.0	824509	2020/07/15 
2020/07/16 	172.0	175.0	170.0	170.5	518096	2020/07/16 
2020/07/17 	171.5	172.0	168.0	170.0	199467	2020/07/17 
2020/07/20 	169.0	173.0	167.0	169.0	172019	2020/07/20 
2020/07/21 	170.0	171.0	168.0	168.0	516358	2020/07/21 
2020/07/22 	169.0	173.0	169.0	171.5	441511	2020/07/22 
2020/07/23 	172.0	176.0	171.5	175.0	767723	2020/07/23 
2020/07/24 	175.0	175.0	170.0	170.0	570098	2020/07/24 
2020/07/27 	175.0	178.0	173.0	173.5	1039310	2020/07/27 
2020/07/28 	175.0	178.5	171.0	172.5	1155788	2020/07/28 
2020/07/29 	174.0	176.5	173.5	175.5	862547	2020/07/29 
2020/07/30 	165.0	170.5	162.0	164.0	1331635	2020/07/30 
2020/07/31 	164.0	165.5	163.0	163.0	246030	2020/07/31 
2020/08/03 	164.0	164.0	161.5	163.0	282100	2020/08/03 
2020/08/04 	164.0	164.0	163.0	163.5	123067	2020/08/04 
2020/08/05 	164.0	164.5	162.5	163.0	251156	2020/08/05 
2020/08/06 	164.5	165.0	162.5	162.5	162134	2020/08/06 
2020/08/07 	163.0	164.5	162.0	162.5	236833	2020/08/07 
2020/08/10 	163.5	163.5	162.0	162.0	193252	2020/08/10 
2020/08/11 	164.0	166.0	163.0	164.5	290085	2020/08/11 
2020/08/12 	163.0	166.5	162.5	166.0	267030	2020/08/12 
2020/08/13 	167.0	167.5	162.5	163.0	363129	2020/08/13 
2020/08/14 	163.0	163.0	161.5	162.5	329065	2020/08/14 
2020/08/17 	162.5	163.0	161.0	161.0	501609	2020/08/17 
2020/08/18 	161.5	162.5	159.5	160.0	530100	2020/08/18 
2020/08/19 	160.0	161.5	159.0	159.5	413010	2020/08/19 
2020/08/20 	159.5	161.5	157.0	160.0	824040	2020/08/20 
2020/08/21 	160.0	161.5	159.5	160.5	329200	2020/08/21 
2020/08/24 	161.0	167.0	160.5	165.5	505428	2020/08/24 
2020/08/25 	165.5	169.0	163.5	167.0	508495	2020/08/25 
2020/08/26 	167.5	168.5	167.0	167.0	276008	2020/08/26 
2020/08/27 	168.0	170.0	167.5	168.0	452352	2020/08/27 
2020/08/28 	169.0	174.5	168.0	172.0	545940	2020/08/28 
2020/08/31 	172.0	174.5	170.0	173.0	666556	2020/08/31 
2020/09/01 	173.5	176.0	173.0	175.5	687420	2020/09/01 
2020/09/02 	175.5	176.5	175.5	175.5	464880	2020/09/02 
2020/09/03 	176.0	178.0	176.0	177.0	455449	2020/09/03 
2020/09/04 	175.0	175.0	172.5	173.0	305760	2020/09/04 
2020/09/07 	172.0	190.0	172.0	188.0	2168427	2020/09/07 
2020/09/08 	186.0	195.0	184.5	194.0	2061822	2020/09/08 
2020/09/09 	194.0	201.0	187.5	198.0	1972497	2020/09/09 
2020/09/10 	198.5	207.0	194.0	195.5	3029993	2020/09/10 
2020/09/11 	195.5	196.0	182.5	182.5	1747831	2020/09/11 
2020/09/14 	184.5	186.0	180.5	181.5	747309	2020/09/14 
2020/09/15 	181.5	185.0	176.0	182.0	1363989	2020/09/15 
2020/09/16 	184.0	185.0	177.0	180.0	789435	2020/09/16 
2020/09/17 	180.0	182.0	179.0	180.0	632471	2020/09/17 
2020/09/18 	182.5	184.0	180.5	183.0	338588	2020/09/18 
2020/09/21 	183.0	184.0	180.5	183.5	352931	2020/09/21 
2020/09/22 	183.0	183.0	177.0	179.5	524039	2020/09/22 
2020/09/23 	180.5	181.0	174.0	174.0	468799	2020/09/23 
2020/09/24 	173.0	173.0	169.0	170.0	703135	2020/09/24 
2020/09/25 	171.5	172.5	168.5	170.5	396502	2020/09/25 
2020/09/28 	174.5	178.5	172.0	175.5	297036	2020/09/28 
2020/09/29 	176.5	176.5	172.0	175.0	345884	2020/09/29 
2020/09/30 	175.0	176.5	173.5	175.5	99334	2020/09/30 
2020/10/05 	176.5	179.0	175.5	178.0	162210	2020/10/05 
2020/10/06 	178.0	180.5	175.0	179.0	278285	2020/10/06 
2020/10/07 	177.5	179.5	172.5	174.5	405609	2020/10/07 
2020/10/08 	174.5	175.0	169.0	170.0	963000	2020/10/08 
2020/10/12 	171.5	172.0	164.5	166.5	1701658	2020/10/12 
2020/10/13 	167.0	168.0	166.0	167.0	394090	2020/10/13 
2020/10/14 	167.0	169.5	167.0	168.5	327107	2020/10/14 
2020/10/15 	168.5	168.5	168.5	168.5	0	2020/10/15 
2020/10/16 	179.5	179.5	172.0	174.0	651205	2020/10/16 
2020/10/19 	174.5	175.5	173.0	175.0	259984	2020/10/19 
2020/10/20 	175.0	181.0	174.0	178.0	401220	2020/10/20 
2020/10/21 	179.5	183.5	179.0	182.5	512384	2020/10/21 
2020/10/22 	180.0	182.0	179.0	179.0	214116	2020/10/22 
2020/10/23 	179.0	180.5	177.5	180.0	220183	2020/10/23 
2020/10/26 	182.0	182.0	179.0	180.0	187045	2020/10/26 
2020/10/27 	180.0	180.5	177.5	177.5	256631	2020/10/27 
2020/10/28 	177.5	182.0	177.5	180.0	229101	2020/10/28 
2020/10/29 	179.0	179.0	177.0	178.0	105033	2020/10/29 
2020/10/30 	178.0	183.0	177.0	180.0	395200	2020/10/30 
2020/11/02 	178.0	182.5	178.0	182.0	330108	2020/11/02 
2020/11/03 	183.0	187.5	182.5	184.5	502430	2020/11/03 
2020/11/04 	184.0	185.0	182.0	183.5	197012	2020/11/04 
2020/11/05 	183.5	184.0	179.5	180.0	249050	2020/11/05 
2020/11/06 	184.0	188.5	182.0	184.0	693000	2020/11/06 
2020/11/09 	184.0	185.0	180.0	182.5	482008	2020/11/09 
2020/11/10 	182.0	183.0	180.5	181.0	301002	2020/11/10 
2020/11/11 	180.0	183.5	179.5	181.0	529200	2020/11/11 
2020/11/12 	180.5	180.5	170.5	175.0	1120050	2020/11/12 
2020/11/13 	175.0	176.0	172.0	173.0	351250	2020/11/13 
2020/11/16 	174.5	175.5	172.0	175.0	296050	2020/11/16 
2020/11/17 	176.5	178.0	174.5	178.0	280000	2020/11/17 
2020/11/18 	178.5	178.5	174.5	175.5	366000	2020/11/18 
2020/11/19 	176.0	178.0	175.0	178.0	204132	2020/11/19 
2020/11/20 	178.0	178.5	174.0	175.0	212001	2020/11/20 
2020/11/23 	176.0	177.0	174.5	177.0	143151	2020/11/23 
2020/11/24 	177.5	177.5	174.0	174.5	183159	2020/11/24 
2020/11/25 	177.5	177.5	173.0	173.5	194100	2020/11/25 
2020/11/26 	174.0	174.5	173.5	174.5	191035	2020/11/26 
2020/11/27 	174.5	175.5	174.0	174.0	200000	2020/11/27 
2020/11/30 	176.0	176.0	171.0	171.0	333000	2020/11/30 
2020/12/01 	174.5	174.5	172.0	173.0	109200	2020/12/01 
2020/12/02 	175.5	175.5	174.0	174.5	82000	2020/12/02 
2020/12/03 	176.0	176.0	174.5	174.5	79000	2020/12/03 
2020/12/04 	176.5	176.5	173.0	175.0	240000	2020/12/04 
2020/12/07 	176.0	177.0	172.5	173.0	180000	2020/12/07 
2020/12/08 	174.5	178.0	173.0	176.0	443060	2020/12/08 
2020/12/09 	177.5	177.5	173.0	173.0	242150	2020/12/09 
2020/12/10 	175.5	176.5	174.0	176.0	149000	2020/12/10 
2020/12/11 	178.0	179.0	173.0	174.0	371015	2020/12/11 
2020/12/14 	175.0	177.0	174.5	177.0	254031	2020/12/14 
2020/12/15 	177.0	177.0	174.0	174.0	314096	2020/12/15 
2020/12/16 	175.0	178.0	174.5	177.5	451005	2020/12/16 
2020/12/17 	178.5	178.5	176.0	176.5	218000	2020/12/17 
2020/12/18 	177.5	178.0	176.0	177.5	239057	2020/12/18 
2020/12/21 	178.0	178.0	174.0	175.0	318000	2020/12/21 
2020/12/22 	175.5	176.0	172.0	173.0	342350	2020/12/22 
2020/12/23 	175.0	175.0	172.5	173.0	108000	2020/12/23 
2020/12/24 	174.0	174.0	172.0	172.5	152000	2020/12/24 
2020/12/25 	174.5	174.5	173.0	173.0	60000	2020/12/25 
2020/12/28 	174.0	174.0	171.5	172.5	131413	2020/12/28 
2020/12/29 	173.5	173.5	170.5	172.0	226059	2020/12/29 
2020/12/30 	172.5	175.0	171.5	174.5	124000	2020/12/30 
2020/12/31 	174.5	175.0	173.5	173.5	71500	2020/12/31 
2021/01/04 	175.0	176.0	174.0	175.5	198100	2021/01/04 
2021/01/05 	175.0	176.0	174.0	175.5	99100	2021/01/05 
2021/01/06 	176.0	176.0	174.0	174.5	130151	2021/01/06 
2021/01/07 	174.5	174.5	171.5	172.0	226600	2021/01/07 
2021/01/08 	173.0	173.5	171.5	171.5	178045	2021/01/08 
2021/01/11 	172.5	173.0	171.5	171.5	146265	2021/01/11 
2021/01/12 	171.5	171.5	167.0	167.0	455490	2021/01/12 
2021/01/13 	169.0	169.5	165.0	169.0	434330	2021/01/13 
2021/01/14 	170.5	170.5	166.5	167.5	230000	2021/01/14 
2021/01/15 	170.0	170.0	166.0	166.5	234500	2021/01/15 
2021/01/18 	166.5	168.0	165.0	167.5	114070	2021/01/18 
2021/01/19 	169.5	169.5	166.5	167.0	116000	2021/01/19 
2021/01/20 	166.5	166.5	162.5	165.0	473075	2021/01/20 
2021/01/21 	167.5	167.5	165.5	166.0	149010	2021/01/21 
2021/01/22 	168.0	168.0	163.0	164.0	170040	2021/01/22 
2021/01/25 	165.0	165.0	163.0	164.0	125000	2021/01/25 
2021/01/26 	165.0	169.0	163.5	168.0	182000	2021/01/26 
2021/01/27 	170.0	173.0	170.0	172.0	330089	2021/01/27 
2021/01/28 	172.0	172.0	169.0	169.5	221023	2021/01/28 
2021/01/29 	170.0	170.0	168.0	169.0	183928	2021/01/29 
2021/02/01 	170.0	173.5	169.5	171.5	368000	2021/02/01 
2021/02/02 	173.5	175.5	173.0	175.0	409218	2021/02/02 
2021/02/03 	177.5	187.5	177.5	181.0	1447500	2021/02/03 
2021/02/04 	181.5	191.5	181.0	188.5	1861470	2021/02/04 
2021/02/05 	195.5	195.5	189.5	190.5	1173062	2021/02/05 
2021/02/17 	192.0	202.5	190.5	200.5	1571001	2021/02/17 
2021/02/18 	202.0	202.0	193.5	199.0	626481	2021/02/18 
2021/02/19 	201.5	201.5	197.5	200.0	473100	2021/02/19 
2021/02/22 	200.0	200.5	196.5	199.0	606185	2021/02/22 
2021/02/23 	199.0	201.0	198.0	200.0	655076	2021/02/23 
2021/02/24 	200.0	200.0	196.5	196.5	203368	2021/02/24 
2021/02/25 	199.5	199.5	194.0	198.0	269100	2021/02/25 
2021/02/26 	198.5	204.0	195.5	201.5	515045	2021/02/26 
2021/03/02 	206.0	211.5	200.0	200.0	476150	2021/03/02 
2021/03/03 	202.0	220.0	202.0	220.0	2006322	2021/03/03 
2021/03/04 	218.5	223.5	211.0	213.5	3560501	2021/03/04 
2021/03/05 	215.0	234.5	211.5	234.5	2549102	2021/03/05 
2021/03/08 	238.0	246.0	223.0	234.5	5104880	2021/03/08 
2021/03/09 	234.5	243.0	230.0	234.0	2660222	2021/03/09 
2021/03/10 	234.5	240.0	230.0	239.5	1027702	2021/03/10 
2021/03/11 	237.0	243.5	229.0	235.0	1430048	2021/03/11 
2021/03/12 	237.5	240.0	231.5	238.0	787320	2021/03/12 
2021/03/15 	240.0	261.5	233.0	246.0	1896192	2021/03/15 
2021/03/16 	249.0	251.5	236.0	241.0	927384	2021/03/16 
2021/03/17 	238.5	239.0	232.0	234.0	548121	2021/03/17 
2021/03/18 	230.5	239.5	230.0	236.5	270013	2021/03/18 
2021/03/19 	232.0	239.5	230.0	236.5	389803	2021/03/19 
2021/03/22 	239.0	239.0	233.5	235.0	173052	2021/03/22 
2021/03/23 	235.0	237.0	231.5	233.5	117018	2021/03/23 
2021/03/24 	236.0	251.5	233.5	236.5	900110	2021/03/24 
2021/03/25 	232.0	234.5	227.5	228.0	424248	2021/03/25 
2021/03/26 	230.5	231.0	222.0	225.5	454451	2021/03/26 
2021/03/29 	225.5	230.0	223.0	225.5	378000	2021/03/29 
2021/03/30 	226.5	227.0	225.0	225.5	381027	2021/03/30 
2021/03/31 	227.0	228.5	221.5	226.5	292002	2021/03/31 
2021/04/01 	227.5	228.0	222.5	225.5	307106	2021/04/01 
2021/04/07 	241.0	259.5	241.0	251.0	2342202	2021/04/07 
2021/04/08 	247.5	252.5	234.5	242.5	1546100	2021/04/08 
2021/04/09 	241.0	241.0	230.5	231.0	585299	2021/04/09 
2021/04/12 	233.0	234.0	227.5	229.0	461002	2021/04/12 
2021/04/13 	227.5	229.0	221.0	221.0	763010	2021/04/13 
2021/04/14 	221.0	226.5	219.0	221.5	250000	2021/04/14 
2021/04/15 	224.0	234.0	222.5	231.5	311000	2021/04/15 
2021/04/16 	235.0	235.0	230.0	230.5	214035	2021/04/16 
2021/04/19 	234.0	234.5	228.0	229.5	292000	2021/04/19 
2021/04/20 	230.0	234.0	228.5	230.0	199208	2021/04/20 
2021/04/21 	229.0	230.0	223.5	227.5	348011	2021/04/21 
2021/04/22 	230.5	235.0	225.0	225.5	342000	2021/04/22 
2021/04/23 	225.0	233.5	224.5	229.5	366108	2021/04/23 
2021/04/26 	232.5	237.5	231.0	233.0	281157	2021/04/26 
2021/04/27 	237.5	242.0	231.5	234.5	531000	2021/04/27 
2021/04/28 	234.0	243.0	231.5	233.0	710100	2021/04/28 
2021/04/29 	234.0	238.0	231.5	231.5	313002	2021/04/29 
2021/05/03 	232.5	233.0	222.0	222.0	501050	2021/05/03 
2021/05/04 	226.0	226.0	207.0	214.0	703162	2021/05/04 
2021/05/05 	216.0	222.0	212.0	214.5	405174	2021/05/05 
2021/05/06 	215.5	218.0	209.0	211.0	333576	2021/05/06 
2021/05/07 	212.5	215.0	207.5	210.5	413102	2021/05/07 
2021/05/10 	213.0	217.5	212.0	217.0	259108	2021/05/10 
2021/05/11 	210.5	213.0	199.5	201.0	505000	2021/05/11 
2021/05/12 	200.5	201.0	181.0	186.0	1655353	2021/05/12 
2021/05/13 	185.5	204.5	183.5	199.0	1131024	2021/05/13 
2021/05/14 	199.5	202.5	195.0	201.5	843780	2021/05/14 
2021/05/17 	190.5	203.0	190.5	194.0	854056	2021/05/17 
2021/05/18 	199.5	209.5	196.5	207.5	451045	2021/05/18 
2021/05/19 	208.5	216.5	205.5	214.0	393097	2021/05/19 
2021/05/20 	214.0	215.5	208.0	214.0	485000	2021/05/20 
2021/05/21 	216.0	220.5	214.0	218.0	654283	2021/05/21 
2021/05/24 	220.5	231.0	218.5	221.0	686127	2021/05/24 
2021/05/25 	226.0	226.0	213.0	215.0	509000	2021/05/25 
2021/05/26 	219.0	224.0	217.0	222.0	328022	2021/05/26 
2021/05/27 	222.0	225.0	218.5	222.0	381000	2021/05/27 
2021/05/28 	224.0	224.0	220.5	221.0	124005	2021/05/28 
2021/05/31 	219.5	223.0	219.5	219.5	170020	2021/05/31 
2021/06/01 	221.0	224.0	220.5	222.5	271003	2021/06/01 
2021/06/02 	223.5	223.5	218.0	221.0	363200	2021/06/02 
2021/06/03 	223.0	223.0	215.5	215.5	312137	2021/06/03 
2021/06/04 	215.0	215.5	210.0	214.0	334000	2021/06/04 
2021/06/07 	218.0	224.5	212.0	222.0	725462	2021/06/07 
2021/06/08 	222.5	223.0	217.5	219.5	521020	2021/06/08 
2021/06/09 	221.0	225.0	216.5	217.0	571351	2021/06/09 
2021/06/10 	221.5	221.5	213.5	214.0	599004	2021/06/10 
2021/06/11 	217.0	224.5	216.0	216.5	832500	2021/06/11 
2021/06/15 	218.5	223.0	214.5	217.0	766008	2021/06/15 
2021/06/16 	218.0	218.0	208.5	210.5	945201	2021/06/16 
2021/06/17 	208.0	211.0	207.0	209.5	305095	2021/06/17 
2021/06/18 	210.5	213.5	208.0	211.0	414006	2021/06/18 
2021/06/21 	211.0	211.0	207.0	208.0	229000	2021/06/21 
2021/06/22 	210.5	211.0	208.0	208.0	224071	2021/06/22 
2021/06/23 	208.5	211.0	207.5	209.0	397550	2021/06/23 
2021/06/24 	209.0	210.5	207.0	208.5	358000	2021/06/24 
2021/06/25 	210.5	217.5	210.0	214.0	408004	2021/06/25 
2021/06/28 	216.0	217.5	212.0	212.5	386000	2021/06/28 
2021/06/29 	214.0	214.0	208.5	209.5	306000	2021/06/29 
2021/06/30 	209.5	211.5	209.5	209.5	151200	2021/06/30 
2021/07/01 	210.0	211.5	208.5	208.5	276000	2021/07/01 
2021/07/02 	208.5	211.0	208.0	208.5	423000	2021/07/02 
2021/07/05 	208.5	211.0	208.5	210.0	164030	2021/07/05 
2021/07/06 	211.5	211.5	208.5	209.0	233050	2021/07/06 
2021/07/07 	211.5	221.0	211.5	216.0	606010	2021/07/07 
2021/07/08 	219.0	230.5	218.5	228.0	1591908	2021/07/08 
2021/07/09 	227.0	236.5	223.0	230.0	1191008	2021/07/09 
2021/07/12 	234.0	234.0	224.5	226.0	622005	2021/07/12 
2021/07/13 	228.5	232.5	226.0	227.0	516000	2021/07/13 
2021/07/14 	225.5	236.0	222.0	235.0	799010	2021/07/14 
2021/07/15 	230.0	235.5	230.0	231.0	289022	2021/07/15 
2021/07/16 	232.0	234.0	230.5	231.0	185000	2021/07/16 
2021/07/19 	226.5	228.5	223.0	223.5	508511	2021/07/19 
2021/07/20 	222.5	223.0	219.0	220.5	343048	2021/07/20 
2021/07/21 	224.5	224.5	212.0	215.5	442455	2021/07/21 
2021/07/22 	215.5	218.0	213.0	213.5	192147	2021/07/22 
2021/07/23 	214.0	221.0	213.0	218.5	465046	2021/07/23 
2021/07/26 	215.0	215.0	211.5	213.0	275000	2021/07/26 
2021/07/27 	213.5	217.0	211.5	215.0	235001	2021/07/27 
2021/07/28 	214.0	216.5	211.0	215.0	208171	2021/07/28 
2021/07/29 	214.5	219.5	214.0	214.5	239000	2021/07/29 
2021/07/30 	215.0	216.5	214.5	216.0	92015	2021/07/30 
2021/08/02 	216.5	218.0	212.0	213.0	187101	2021/08/02 
2021/08/03 	213.0	214.5	212.5	213.5	168000	2021/08/03 
2021/08/04 	214.0	218.0	214.0	217.5	172030	2021/08/04 
2021/08/05 	219.0	220.5	215.0	215.0	208000	2021/08/05 
2021/08/06 	215.0	218.0	214.0	217.0	152100	2021/08/06 
2021/08/09 	215.5	216.5	214.5	215.5	131015	2021/08/09 
2021/08/10 	214.5	214.5	213.5	213.5	133121	2021/08/10 
2021/08/11 	213.5	213.5	208.5	208.5	338030	2021/08/11 
2021/08/12 	197.5	199.5	191.0	192.0	738797	2021/08/12 
2021/08/13 	192.0	192.0	186.0	186.5	502016	2021/08/13 
2021/08/16 	188.0	188.0	181.0	182.0	465010	2021/08/16 
2021/08/17 	181.5	182.5	177.0	178.5	441000	2021/08/17 
2021/08/18 	178.0	181.5	174.5	181.0	485001	2021/08/18 
2021/08/19 	180.0	180.0	173.5	174.0	506453	2021/08/19 
2021/08/20 	175.0	175.0	172.5	173.0	323015	2021/08/20 
2021/08/23 	174.0	178.5	174.0	176.5	215100	2021/08/23 
2021/08/24 	178.0	180.0	176.0	178.0	306000	2021/08/24 
2021/08/25 	178.0	179.5	177.0	179.0	253003	2021/08/25 
2021/08/26 	179.0	179.5	178.5	178.5	163050	2021/08/26 
2021/08/27 	178.5	182.5	178.5	180.5	171107	2021/08/27 
2021/08/30 	181.0	183.0	181.0	181.5	100200	2021/08/30 
2021/08/31 	182.0	182.0	178.0	181.5	137000	2021/08/31 
2021/09/01 	182.0	185.0	182.0	184.5	168075	2021/09/01 
2021/09/02 	185.5	185.5	178.0	180.0	304150	2021/09/02 
2021/09/03 	182.5	183.0	180.5	181.5	190000	2021/09/03 
2021/09/06 	181.5	181.5	178.5	178.5	194055	2021/09/06 
2021/09/07 	179.0	180.0	178.0	178.5	159100	2021/09/07 
2021/09/08 	178.5	179.0	176.0	176.5	335010	2021/09/08 
2021/09/09 	177.0	180.0	176.5	177.5	171100	2021/09/09 
2021/09/10 	178.0	182.0	178.0	182.0	143020	2021/09/10 
2021/09/13 	181.0	183.0	179.5	179.5	204010	2021/09/13 
2021/09/14 	179.5	181.5	179.5	180.0	223000	2021/09/14 
2021/09/15 	179.0	181.5	179.0	181.0	195154	2021/09/15 
2021/09/16 	181.0	182.5	179.5	180.5	205000	2021/09/16 
2021/09/17 	180.5	185.5	180.5	185.5	286339	2021/09/17 
2021/09/22 	181.0	182.0	177.0	180.0	252000	2021/09/22 
2021/09/23 	181.0	184.0	181.0	183.5	73010	2021/09/23 
2021/09/24 	182.5	182.5	178.0	179.5	239007	2021/09/24 
2021/09/27 	180.0	181.0	178.0	178.0	165000	2021/09/27 
2021/09/28 	178.0	178.5	176.0	177.0	215000	2021/09/28 
2021/09/29 	177.0	181.0	176.5	180.5	135200	2021/09/29 
2021/09/30 	180.5	180.5	178.5	179.5	89000	2021/09/30 
2021/10/01 	179.5	180.0	176.5	177.5	177000	2021/10/01 
2021/10/04 	177.5	179.5	177.0	177.0	114000	2021/10/04 
2021/10/05 	176.5	177.5	175.0	177.0	82000	2021/10/05 
2021/10/06 	178.0	179.0	177.0	177.0	79000	2021/10/06 
2021/10/07 	178.5	181.0	178.5	180.5	77000	2021/10/07 
2021/10/08 	180.0	181.0	179.5	180.0	67005	2021/10/08 
2021/10/12 	181.0	182.5	178.5	180.5	178250	2021/10/12 
2021/10/13 	182.5	183.5	181.0	183.0	149008	2021/10/13 
2021/10/14 	182.0	187.5	182.0	186.5	155132	2021/10/14 
2021/10/15 	188.0	188.0	184.5	185.0	205000	2021/10/15 
2021/10/18 	186.0	189.5	184.5	188.5	220010	2021/10/18 
2021/10/19 	186.5	189.0	185.0	187.5	213000	2021/10/19 
2021/10/20 	188.5	188.5	185.0	186.0	133004	2021/10/20 
2021/10/21 	186.0	188.0	182.0	184.5	547000	2021/10/21 
2021/10/22 	184.0	186.0	183.5	185.0	44453	2021/10/22 
2021/10/25 	186.5	187.0	184.0	185.5	32000	2021/10/25 
2021/10/26 	186.0	187.0	185.5	186.0	81100	2021/10/26 
2021/10/27 	187.0	187.0	184.0	184.5	107000	2021/10/27 
2021/10/28 	186.5	186.5	184.5	185.5	89000	2021/10/28 
2021/10/29 	187.0	190.0	185.5	188.5	255001	2021/10/29 
2021/11/01 	189.5	191.0	187.0	190.5	185103	2021/11/01 
2021/11/02 	190.5	192.0	188.5	189.0	151000	2021/11/02 
2021/11/03 	190.0	195.5	190.0	194.0	246022	2021/11/03 
2021/11/04 	195.0	195.0	192.5	194.0	123070	2021/11/04 
2021/11/05 	195.0	196.5	194.0	195.0	124206	2021/11/05 
2021/11/08 	195.0	195.0	191.5	192.0	120000	2021/11/08 
2021/11/09 	194.0	195.5	190.5	192.0	131005	2021/11/09 
2021/11/10 	191.0	192.0	191.0	192.0	53000	2021/11/10 
2021/11/11 	192.0	193.0	190.5	191.5	85000	2021/11/11 
2021/11/12 	192.0	192.0	190.5	191.0	130051	2021/11/12 
2021/11/15 	192.0	196.0	192.0	194.0	158000	2021/11/15 
2021/11/16 	194.0	194.0	192.5	193.5	88000	2021/11/16 
2021/11/17 	193.5	194.5	193.0	194.0	53014	2021/11/17 
2021/11/18 	194.0	195.5	193.5	193.5	164151	2021/11/18 
2021/11/19 	193.5	195.0	193.5	194.5	64002	2021/11/19 
2021/11/22 	195.0	195.0	194.0	195.0	44000	2021/11/22 
2021/11/23 	194.5	195.0	191.0	193.0	118000	2021/11/23 
2021/11/24 	194.0	195.0	193.5	193.5	89000	2021/11/24 
2021/11/25 	194.0	199.0	193.5	196.5	106000	2021/11/25 
2021/11/26 	196.5	197.5	195.0	195.5	177003	2021/11/26 
2021/11/29 	195.0	198.5	193.0	198.0	233192	2021/11/29 
2021/11/30 	200.0	204.0	198.0	202.0	292029	2021/11/30 
2021/12/01 	201.5	203.0	198.5	201.0	140055	2021/12/01 
2021/12/02 	201.0	205.5	201.0	203.0	466048	2021/12/02 
2021/12/03 	203.0	207.0	202.0	202.5	185000	2021/12/03 
2021/12/06 	205.0	205.0	198.5	199.5	72100	2021/12/06 
2021/12/07 	199.0	200.0	197.0	200.0	111052	2021/12/07 
2021/12/08 	200.5	202.0	199.5	199.5	145005	2021/12/08 
2021/12/09 	199.0	200.5	199.0	200.0	87000	2021/12/09 
2021/12/10 	200.0	200.0	198.5	199.0	32000	2021/12/10 
2021/12/13 	201.0	201.0	198.0	199.0	75003	2021/12/13 
2021/12/14 	199.0	199.0	194.5	195.0	99001	2021/12/14 
2021/12/15 	195.5	196.5	195.5	196.0	61050	2021/12/15 
2021/12/16 	197.0	197.0	195.5	196.0	48000	2021/12/16 
2021/12/17 	196.0	199.0	195.5	196.0	123000	2021/12/17 
2021/12/20 	196.0	196.5	190.5	190.5	136000	2021/12/20 
2021/12/21 	191.5	193.0	191.5	192.5	59000	2021/12/21 
2021/12/22 	192.5	194.5	192.5	194.0	40075	2021/12/22 
2021/12/23 	195.0	195.0	192.0	193.5	76127	2021/12/23 
2021/12/24 	193.0	194.0	193.0	193.5	57012	2021/12/24 
2021/12/27 	193.5	194.0	193.0	193.5	53000	2021/12/27 
2021/12/28 	193.5	194.0	192.5	193.0	66000	2021/12/28 
2021/12/29 	193.0	196.5	193.0	194.5	76021	2021/12/29 
2021/12/30 	195.0	195.0	194.0	194.0	25000	2021/12/30 
2022/01/03 	196.5	196.5	194.0	194.5	118000	2022/01/03 
2022/01/04 	194.5	197.0	194.5	195.0	171060	2022/01/04 
2022/01/05 	194.5	196.0	194.5	195.0	94000	2022/01/05 
2022/01/06 	195.5	196.0	193.5	195.0	104000	2022/01/06 
2022/01/07 	195.0	196.0	193.0	193.0	108004	2022/01/07 
2022/01/10 	193.0	193.0	190.5	192.5	171100	2022/01/10 
2022/01/11 	192.0	192.0	190.0	190.0	206173	2022/01/11 
2022/01/12 	190.0	192.5	190.0	192.5	195000	2022/01/12 
2022/01/13 	193.0	193.0	191.0	191.5	108041	2022/01/13 
2022/01/14 	192.0	197.0	192.0	194.5	202056	2022/01/14 
2022/01/17 	194.5	197.0	194.5	196.0	109000	2022/01/17 
2022/01/18 	196.0	196.5	195.5	196.0	82003	2022/01/18 
2022/01/19 	196.0	197.0	196.0	197.0	111000	2022/01/19 
2022/01/20 	198.0	200.5	198.0	199.5	211002	2022/01/20 
2022/01/21 	199.5	200.5	198.0	198.0	105000	2022/01/21 
2022/01/24 	196.5	198.0	193.5	197.5	78000	2022/01/24 
2022/01/25 	197.5	197.5	194.5	194.5	123000	2022/01/25 
2022/01/26 	195.0	198.0	195.0	195.5	99000	2022/01/26 
2022/02/07 	199.0	205.0	198.0	205.0	484700	2022/02/07 
2022/02/08 	205.0	206.5	202.5	204.5	346070	2022/02/08 
2022/02/09 	206.0	214.0	205.0	214.0	557050	2022/02/09 
2022/02/10 	215.0	216.0	206.5	211.5	700060	2022/02/10 
2022/02/11 	209.0	214.5	209.0	212.5	272055	2022/02/11 
2022/02/14 	207.0	209.0	206.0	206.5	191050	2022/02/14 
2022/02/15 	211.0	214.5	208.0	210.0	438006	2022/02/15 
2022/02/16 	211.5	213.0	210.5	212.5	134100	2022/02/16 
2022/02/17 	212.5	212.5	205.5	206.5	364018	2022/02/17 
2022/02/18 	206.5	206.5	205.0	206.5	85000	2022/02/18 
2022/02/21 	206.0	207.5	204.5	207.5	79000	2022/02/21 
2022/02/22 	207.5	207.5	200.0	200.0	265001	2022/02/22 
2022/02/23 	202.5	202.5	198.0	199.5	199000	2022/02/23 
2022/02/24 	200.0	200.0	194.0	195.0	222000	2022/02/24 
2022/02/25 	199.0	199.0	196.0	196.0	66001	2022/02/25 
2022/03/01 	197.5	198.0	196.0	196.5	79005	2022/03/01 
2022/03/02 	196.5	196.5	194.5	196.5	93024	2022/03/02 
2022/03/03 	199.0	199.0	196.5	197.5	57000	2022/03/03 
2022/03/04 	197.5	198.0	195.5	197.0	142000	2022/03/04 
2022/03/07 	197.0	198.0	191.0	192.5	284019	2022/03/07 
2022/03/08 	194.0	194.0	188.5	189.5	175006	2022/03/08 
2022/03/09 	190.0	192.0	189.5	190.0	83000	2022/03/09 
2022/03/10 	193.0	193.5	192.0	193.5	102000	2022/03/10 
2022/03/11 	193.5	193.5	191.0	192.0	73000	2022/03/11 
2022/03/14 	192.5	193.5	192.0	193.5	174000	2022/03/14 
2022/03/15 	193.5	193.5	192.0	192.0	53000	2022/03/15 
2022/03/16 	193.5	194.5	192.0	194.5	53100	2022/03/16 
2022/03/17 	196.5	203.5	196.5	203.0	187025	2022/03/17 
2022/03/18 	202.0	202.0	200.5	202.0	40000	2022/03/18 
2022/03/21 	204.0	204.5	202.0	203.5	91010	2022/03/21 
2022/03/22 	203.5	209.0	203.5	208.0	238018	2022/03/22 
2022/03/23 	209.5	209.5	206.5	208.5	85001	2022/03/23 
2022/03/24 	208.0	208.0	204.5	207.5	133125	2022/03/24 
2022/03/25 	206.5	206.5	202.0	202.0	204003	2022/03/25 
2022/03/28 	202.0	203.5	199.0	200.0	118025	2022/03/28 
2022/03/29 	200.5	202.0	199.5	200.0	194000	2022/03/29 
2022/03/30 	201.0	208.0	201.0	207.0	360030	2022/03/30 
2022/03/31 	204.5	204.5	203.0	203.0	110000	2022/03/31 
2022/04/01 	203.0	204.0	201.5	202.0	187026	2022/04/01 
2022/04/06 	202.0	203.0	200.0	202.5	159000	2022/04/06 
2022/04/07 	202.5	206.5	202.0	203.0	208080	2022/04/07 
2022/04/08 	206.0	206.0	202.0	203.5	154600	2022/04/08 
2022/04/11 	204.0	204.0	200.0	200.5	211000	2022/04/11 
2022/04/12 	199.5	208.0	199.5	207.5	550050	2022/04/12 
2022/04/13 	208.0	208.0	205.5	207.0	175000	2022/04/13 
2022/04/14 	209.5	219.5	209.0	213.0	847050	2022/04/14 
2022/04/15 	213.5	216.0	212.5	213.5	210010	2022/04/15 
2022/04/18 	213.5	218.0	211.5	213.0	185100	2022/04/18 
2022/04/19 	213.5	218.5	212.5	218.5	353002	2022/04/19 
2022/04/20 	219.5	220.5	215.0	219.0	407109	2022/04/20 
2022/04/21 	220.0	224.5	217.5	219.5	493050	2022/04/21 
2022/04/22 	216.5	222.5	216.5	219.0	429050	2022/04/22 
2022/04/25 	219.0	219.0	210.0	212.0	255000	2022/04/25 
2022/04/26 	212.0	216.5	212.0	213.0	269000	2022/04/26 
2022/04/27 	210.0	213.5	206.0	213.0	220011	2022/04/27 
2022/04/28 	215.0	216.5	211.0	211.5	111046	2022/04/28 
2022/04/29 	214.0	220.0	214.0	219.0	339230	2022/04/29 
2022/05/03 	219.0	219.0	217.0	218.5	83025	2022/05/03 
2022/05/04 	218.0	221.5	217.5	218.5	221000	2022/05/04 
2022/05/05 	219.5	225.0	218.5	223.5	354180	2022/05/05 
2022/05/06 	218.5	221.5	217.5	221.0	212000	2022/05/06 
2022/05/09 	220.0	220.0	211.5	212.5	372000	2022/05/09 
2022/05/10 	212.0	213.5	210.0	213.5	128282	2022/05/10 
2022/05/11 	213.0	213.0	206.5	207.5	259000	2022/05/11 
2022/05/12 	207.5	211.0	205.0	206.5	157050	2022/05/12 
2022/05/13 	207.0	212.0	207.0	211.0	173000	2022/05/13 
2022/05/16 	212.0	212.0	205.0	205.0	138080	2022/05/16 
2022/05/17 	205.0	206.0	202.5	206.0	182030	2022/05/17 
2022/05/18 	206.0	212.5	205.0	209.0	387000	2022/05/18 
2022/05/19 	205.5	205.5	202.5	204.0	212035	2022/05/19 
2022/05/20 	205.0	205.5	202.5	203.5	129030	2022/05/20 
2022/05/23 	203.5	203.5	201.0	201.5	178005	2022/05/23 
2022/05/24 	202.0	203.5	197.0	197.0	215100	2022/05/24 
2022/05/25 	200.0	202.0	198.5	201.5	167000	2022/05/25 
2022/05/26 	202.0	202.0	198.0	198.0	119030	2022/05/26 
2022/05/27 	199.0	200.5	197.5	198.0	252050	2022/05/27 
2022/05/30 	200.0	204.5	199.5	204.5	157034	2022/05/30 
2022/05/31 	206.0	206.0	204.5	205.0	95010	2022/05/31 
2022/06/01 	206.0	206.0	202.5	204.5	110030	2022/06/01 
2022/06/02 	205.0	206.0	203.5	206.0	153000	2022/06/02 
2022/06/06 	207.0	207.0	205.0	206.5	52881	2022/06/06 
2022/06/07 	206.0	207.0	204.5	206.5	41500	2022/06/07 
2022/06/08 	206.0	209.0	206.0	207.0	107501	2022/06/08 
2022/06/09 	205.5	206.5	205.5	205.5	88210	2022/06/09 
2022/06/10 	204.0	205.5	203.0	205.0	121000	2022/06/10 
2022/06/13 	200.5	202.5	199.5	200.0	90195	2022/06/13 
2022/06/14 	200.0	203.0	199.5	202.0	70000	2022/06/14 
2022/06/15 	202.0	205.0	202.0	203.0	71273	2022/06/15 
2022/06/16 	204.0	205.0	200.0	200.0	62000	2022/06/16 
2022/06/17 	198.0	201.0	196.5	197.5	198000	2022/06/17 
2022/06/20 	198.0	199.0	191.0	192.0	252000	2022/06/20 
2022/06/21 	192.5	196.5	192.5	196.5	192000	2022/06/21 
2022/06/22 	197.0	197.5	192.0	192.0	156085	2022/06/22 
2022/06/23 	194.0	196.0	193.0	195.5	107001	2022/06/23 
2022/06/24 	196.0	199.5	196.0	197.5	116000	2022/06/24 
2022/06/27 	197.5	201.5	197.5	198.5	148000	2022/06/27 
2022/06/28 	198.5	203.0	198.0	202.5	84003	2022/06/28 
2022/06/29 	200.0	200.0	198.0	198.5	108000	2022/06/29 
2022/06/30 	197.5	197.5	190.5	191.0	679055	2022/06/30 
2022/07/01 	191.0	192.0	187.0	187.0	409004	2022/07/01 
2022/07/04 	187.0	191.0	187.0	189.0	108000	2022/07/04 
2022/07/05 	191.0	193.0	191.0	191.5	201075	2022/07/05 
2022/07/06 	191.5	195.0	191.0	193.0	226000	2022/07/06 
2022/07/07 	195.0	197.5	193.5	196.5	100000	2022/07/07 
2022/07/08 	197.0	198.0	195.0	196.0	288030	2022/07/08 
2022/07/11 	197.0	198.0	194.5	195.0	154030	2022/07/11 
2022/07/12 	194.5	194.5	191.0	192.0	90020	2022/07/12 
2022/07/13 	197.0	197.5	193.0	195.0	192000	2022/07/13 
2022/07/14 	194.5	199.0	193.0	198.5	232120	2022/07/14 
2022/07/15 	198.5	198.5	195.0	196.0	233000	2022/07/15 
2022/07/18 	197.0	197.0	194.0	195.5	309235	2022/07/18 
2022/07/19 	196.0	196.0	193.0	193.0	614320	2022/07/19 
2022/07/20 	181.0	184.0	180.5	180.5	1108250	2022/07/20 
2022/07/21 	183.0	188.5	182.0	188.5	443235	2022/07/21 
2022/07/22 	190.5	190.5	186.5	188.5	241100	2022/07/22 
2022/07/25 	188.5	188.5	186.5	186.5	115020	2022/07/25 
2022/07/26 	187.0	187.0	183.0	183.5	313020	2022/07/26 
2022/07/27 	184.0	185.5	183.0	184.5	366010	2022/07/27 
2022/07/28 	185.0	185.0	183.5	184.0	135116	2022/07/28 
2022/07/29 	184.0	185.0	183.5	184.0	304010	2022/07/29 
2022/08/01 	185.0	186.0	184.0	184.5	415010	2022/08/01 
2022/08/02 	184.5	185.5	182.5	184.0	392000	2022/08/02 
2022/08/03 	183.0	189.5	183.0	189.5	522097	2022/08/03 
2022/08/04 	188.5	188.5	180.0	183.0	507030	2022/08/04 
2022/08/05 	184.5	189.0	184.0	188.5	466000	2022/08/05 
2022/08/08 	189.0	190.0	184.0	185.0	871030	2022/08/08 
2022/08/09 	185.0	189.0	185.0	188.0	415000	2022/08/09 
2022/08/10 	187.5	192.5	187.5	191.5	555302	2022/08/10 
2022/08/11 	192.5	193.5	190.5	192.0	411025	2022/08/11 
2022/08/12 	192.0	194.0	191.5	193.5	322165	2022/08/12 
2022/08/15 	194.0	195.0	192.5	193.5	289010	2022/08/15 
2022/08/16 	193.5	195.5	192.5	195.5	351000	2022/08/16 
2022/08/17 	195.5	199.0	195.5	196.5	406342	2022/08/17 
2022/08/18 	196.5	196.5	194.0	195.5	292000	2022/08/18 
2022/08/19 	195.5	200.5	195.5	199.5	277020	2022/08/19 
2022/08/22 	198.5	202.5	198.5	200.5	268000	2022/08/22 
2022/08/23 	200.5	201.0	199.5	201.0	235100	2022/08/23 
2022/08/24 	200.5	201.0	197.0	197.0	283100	2022/08/24 
2022/08/25 	197.0	200.0	195.5	200.0	298030	2022/08/25 
2022/08/26 	200.0	200.0	198.0	198.5	128128	2022/08/26 
2022/08/29 	195.0	195.5	193.0	195.0	175105	2022/08/29 
2022/08/30 	195.0	198.5	195.0	198.0	208010	2022/08/30 
2022/08/31 	197.0	200.5	197.0	197.5	320000	2022/08/31 
2022/09/01 	196.0	196.0	194.0	194.5	206000	2022/09/01 
2022/09/02 	194.5	198.0	194.0	197.0	232000	2022/09/02 
2022/09/05 	197.0	197.0	192.5	192.5	250005	2022/09/05 
2022/09/06 	193.5	194.0	189.5	191.0	163022	2022/09/06 
2022/09/07 	192.0	192.0	189.0	190.5	149164	2022/09/07 
2022/09/08 	193.0	195.5	193.0	195.0	258206	2022/09/08 
2022/09/12 	197.0	197.0	194.5	196.0	221145	2022/09/12 
2022/09/13 	197.5	201.0	197.0	199.5	349094	2022/09/13 
2022/09/14 	195.5	200.5	195.5	199.0	203006	2022/09/14 
2022/09/15 	199.0	202.0	199.0	202.0	319121	2022/09/15 
2022/09/16 	200.5	205.5	200.0	200.5	562200	2022/09/16 
2022/09/19 	199.5	199.5	194.5	195.5	274070	2022/09/19 
2022/09/20 	197.0	197.0	194.5	195.5	215000	2022/09/20 
2022/09/21 	196.0	196.5	193.5	194.5	185058	2022/09/21 
2022/09/22 	194.0	194.0	191.0	193.5	228000	2022/09/22 
2022/09/23 	193.5	193.5	189.0	189.5	331080	2022/09/23 
2022/09/26 	189.0	189.0	180.0	180.5	515200	2022/09/26 
2022/09/27 	183.0	183.0	180.0	182.5	322008	2022/09/27 
2022/09/28 	182.5	182.5	176.5	179.0	496087	2022/09/28 
2022/09/29 	180.5	183.5	179.5	183.5	228060	2022/09/29 
2022/09/30 	181.0	182.5	179.0	182.5	153010	2022/09/30 
2022/10/03 	182.0	182.0	179.5	180.0	91020	2022/10/03 
2022/10/04 	182.0	184.0	182.0	184.0	85000	2022/10/04 
2022/10/05 	185.0	185.0	181.5	182.0	258050	2022/10/05 
2022/10/06 	182.5	182.5	181.5	182.5	72060	2022/10/06 
2022/10/07 	182.5	182.5	181.5	182.0	73080	2022/10/07 
2022/10/11 	180.5	183.0	179.0	182.0	267014	2022/10/11 
2022/10/12 	183.0	184.0	181.0	183.5	117002	2022/10/12 
2022/10/13 	184.0	184.5	177.0	178.0	284040	2022/10/13 
2022/10/14 	181.0	185.5	180.5	181.0	414002	2022/10/14 
2022/10/17 	180.0	183.0	179.5	183.0	105001	2022/10/17 
2022/10/18 	184.0	185.0	182.0	185.0	199050	2022/10/18 
2022/10/19 	183.5	187.5	183.5	187.5	455009	2022/10/19 
2022/10/20 	185.5	186.0	180.0	180.0	624021	2022/10/20 
2022/10/21 	180.5	181.0	179.0	180.0	228010	2022/10/21 
2022/10/24 	182.5	183.0	181.5	182.5	176000	2022/10/24 
2022/10/25 	182.5	183.5	180.0	180.5	144030	2022/10/25 
2022/10/26 	181.0	181.5	179.5	179.5	115000	2022/10/26 
2022/10/27 	180.5	182.0	179.5	182.0	235200	2022/10/27 
2022/10/28 	181.0	181.5	179.5	180.0	121030	2022/10/28 
2022/10/31 	181.5	182.5	181.0	181.5	77000	2022/10/31 
2022/11/01 	182.0	184.5	182.0	184.5	146000	2022/11/01 
2022/11/02 	184.0	188.0	184.0	188.0	315010	2022/11/02 
2022/11/03 	186.0	190.0	186.0	190.0	227010	2022/11/03 
2022/11/04 	190.5	192.5	188.5	191.5	317000	2022/11/04 
2022/11/07 	198.0	202.0	195.0	195.0	930010	2022/11/07 
2022/11/08 	197.0	197.0	194.0	195.0	328006	2022/11/08 
2022/11/09 	196.0	202.5	196.0	199.0	785300	2022/11/09 
2022/11/10 	200.0	206.0	200.0	203.5	560300	2022/11/10 
2022/11/11 	208.5	209.5	205.5	207.5	747638	2022/11/11 
2022/11/14 	207.5	208.5	204.0	205.0	532145	2022/11/14 
2022/11/15 	207.0	209.5	205.5	209.0	471035	2022/11/15 
2022/11/16 	207.5	211.0	207.5	209.0	375010	2022/11/16 
2022/11/17 	209.5	213.0	208.0	210.0	492214	2022/11/17 
2022/11/18 	210.0	212.0	207.0	207.0	450335	2022/11/18 
2022/11/21 	208.0	209.5	206.5	209.0	269034	2022/11/21 
2022/11/22 	209.0	213.5	207.0	213.5	449115	2022/11/22 
2022/11/23 	212.0	213.0	207.5	207.5	576376	2022/11/23 
2022/11/24 	207.0	207.0	203.5	205.0	490200	2022/11/24 
2022/11/25 	206.0	209.0	205.5	205.5	355200	2022/11/25 
2022/11/28 	205.0	208.5	204.0	208.5	291020	2022/11/28 
2022/11/29 	208.5	210.0	206.5	209.0	260000	2022/11/29 
2022/11/30 	208.0	216.5	208.0	216.0	860185	2022/11/30 
2022/12/01 	217.0	218.5	215.0	218.5	599105	2022/12/01 
2022/12/02 	218.0	222.0	217.5	219.5	606616	2022/12/02 
2022/12/05 	220.5	222.0	218.5	219.5	295030	2022/12/05 
2022/12/06 	219.5	225.0	219.0	222.0	621162	2022/12/06 
2022/12/07 	221.0	222.0	216.0	217.0	624503	2022/12/07 
2022/12/08 	218.5	224.5	218.5	223.0	602182	2022/12/08 
2022/12/09 	224.5	227.0	220.0	221.0	645201	2022/12/09 
2022/12/12 	220.5	223.0	216.0	223.0	443052	2022/12/12 
2022/12/13 	222.5	223.0	219.0	219.0	325103	2022/12/13 
2022/12/14 	219.0	222.0	218.5	222.0	233260	2022/12/14 
2022/12/15 	222.0	222.0	220.0	221.5	187120	2022/12/15 
2022/12/16 	219.0	222.5	219.0	221.0	389053	2022/12/16 
2022/12/19 	219.0	222.0	218.5	220.0	354050	2022/12/19 
2022/12/20 	221.5	221.5	215.5	215.5	515187	2022/12/20 
2022/12/21 	217.5	218.5	209.5	209.5	599044	2022/12/21 
2022/12/22 	214.0	218.5	212.0	214.5	578010	2022/12/22 
2022/12/23 	214.5	215.0	212.0	213.0	241194	2022/12/23 
2022/12/26 	213.5	214.5	209.0	210.5	157000	2022/12/26 
2022/12/27 	210.5	214.0	209.0	209.5	397150	2022/12/27 
2022/12/28 	210.0	211.5	207.0	209.0	248420	2022/12/28 
2022/12/29 	209.0	209.0	206.0	207.0	411100	2022/12/29 
2022/12/30 	208.5	211.0	207.5	210.5	205020	2022/12/30 
2023/01/03 	210.0	210.0	204.0	204.5	608019	2023/01/03 
2023/01/04 	204.5	206.5	204.0	205.5	587000	2023/01/04 
2023/01/05 	206.0	208.0	204.0	205.0	488060	2023/01/05 
2023/01/06 	205.5	213.5	205.5	212.0	826500	2023/01/06 
2023/01/09 	213.0	213.5	209.0	212.0	795075	2023/01/09 
2023/01/10 	213.0	221.5	213.0	218.0	1202100	2023/01/10 
2023/01/11 	218.0	220.5	218.0	219.0	290066	2023/01/11 
2023/01/12 	219.5	223.0	218.0	222.0	744135	2023/01/12 
2023/01/13 	223.0	223.5	216.5	217.0	448020	2023/01/13 
2023/01/16 	216.5	217.5	212.0	214.0	427210	2023/01/16 
2023/01/17 	214.0	219.0	214.0	216.5	359551	2023/01/17 
2023/01/30 	219.0	220.0	216.5	219.5	400200	2023/01/30 
2023/01/31 	219.5	221.5	218.5	221.5	560220	2023/01/31 
2023/02/01 	222.5	222.5	220.0	222.5	389076	2023/02/01 
2023/02/02 	223.0	223.0	219.0	221.0	448265	2023/02/02 
2023/02/03 	221.0	221.0	216.0	217.0	471953	2023/02/03 
