Date	Open	High	Low	Close	Volume	Date
2018/12/11 	53.0	53.0	51.099998474121094	51.5	1698000	2018/12/11 
2018/12/12 	51.0	51.0	45.0	46.0	919000	2018/12/12 
2018/12/13 	46.0	46.0	44.20000076293945	44.900001525878906	454000	2018/12/13 
2018/12/14 	44.849998474121094	44.849998474121094	43.099998474121094	43.95000076293945	368000	2018/12/14 
2018/12/17 	43.5	46.29999923706055	43.0	45.79999923706055	469000	2018/12/17 
2018/12/18 	44.349998474121094	44.70000076293945	43.5	44.0	195000	2018/12/18 
2018/12/19 	44.099998474121094	44.400001525878906	43.20000076293945	43.400001525878906	133000	2018/12/19 
2018/12/20 	43.400001525878906	43.400001525878906	42.54999923706055	42.79999923706055	191000	2018/12/20 
2018/12/21 	42.79999923706055	43.5	42.150001525878906	43.04999923706055	136000	2018/12/21 
2018/12/24 	43.599998474121094	43.79999923706055	43.20000076293945	43.400001525878906	70000	2018/12/24 
2018/12/25 	42.79999923706055	42.900001525878906	42.150001525878906	42.79999923706055	95000	2018/12/25 
2018/12/26 	42.900001525878906	43.04999923706055	42.349998474121094	42.70000076293945	55000	2018/12/26 
2018/12/27 	42.79999923706055	43.04999923706055	42.45000076293945	43.0	68000	2018/12/27 
2018/12/28 	43.04999923706055	43.5	42.849998474121094	43.5	117000	2018/12/28 
2019/01/02 	43.5	44.20000076293945	43.04999923706055	43.849998474121094	61000	2019/01/02 
2019/01/03 	43.70000076293945	43.79999923706055	43.349998474121094	43.5	47000	2019/01/03 
2019/01/04 	43.0	43.20000076293945	42.599998474121094	42.95000076293945	46060	2019/01/04 
2019/01/07 	43.0	43.29999923706055	42.79999923706055	43.20000076293945	30000	2019/01/07 
2019/01/08 	42.79999923706055	43.20000076293945	42.79999923706055	43.20000076293945	26000	2019/01/08 
2019/01/09 	42.79999923706055	43.349998474121094	42.79999923706055	43.29999923706055	47000	2019/01/09 
2019/01/10 	43.150001525878906	43.20000076293945	42.900001525878906	43.04999923706055	47000	2019/01/10 
2019/01/11 	43.0	43.5	42.900001525878906	43.20000076293945	24000	2019/01/11 
2019/01/14 	43.5	44.099998474121094	43.20000076293945	43.79999923706055	68000	2019/01/14 
2019/01/15 	43.79999923706055	44.099998474121094	43.650001525878906	43.900001525878906	35000	2019/01/15 
2019/01/16 	43.900001525878906	43.900001525878906	43.599998474121094	43.599998474121094	24000	2019/01/16 
2019/01/17 	43.599998474121094	46.099998474121094	43.599998474121094	46.0	227040	2019/01/17 
2019/01/18 	45.75	45.75	45.04999923706055	45.5	75000	2019/01/18 
2019/01/21 	45.5	46.099998474121094	45.5	45.75	83000	2019/01/21 
2019/01/22 	45.75	46.400001525878906	45.75	46.04999923706055	41000	2019/01/22 
2019/01/23 	46.04999923706055	46.099998474121094	46.0	46.099998474121094	21000	2019/01/23 
2019/01/24 	46.5	46.599998474121094	46.29999923706055	46.29999923706055	31000	2019/01/24 
2019/01/25 	46.70000076293945	46.900001525878906	46.25	46.25	78000	2019/01/25 
2019/01/28 	46.25	46.29999923706055	46.0	46.0	90000	2019/01/28 
2019/01/29 	46.0	46.20000076293945	45.900001525878906	46.099998474121094	38000	2019/01/29 
2019/01/30 	46.150001525878906	46.150001525878906	45.95000076293945	46.099998474121094	39000	2019/01/30 
2019/02/11 	46.5	46.5	45.79999923706055	46.20000076293945	119000	2019/02/11 
2019/02/12 	46.400001525878906	46.70000076293945	46.150001525878906	46.5	64000	2019/02/12 
2019/02/13 	46.45000076293945	46.45000076293945	46.099998474121094	46.20000076293945	28000	2019/02/13 
2019/02/14 	46.099998474121094	46.400001525878906	46.0	46.400001525878906	42000	2019/02/14 
2019/02/15 	46.70000076293945	46.70000076293945	46.0	46.0	35000	2019/02/15 
2019/02/18 	46.0	46.349998474121094	45.900001525878906	46.20000076293945	48008	2019/02/18 
2019/02/19 	46.0	46.29999923706055	46.0	46.29999923706055	30000	2019/02/19 
2019/02/20 	46.29999923706055	48.099998474121094	46.29999923706055	47.5	110000	2019/02/20 
2019/02/21 	48.400001525878906	49.0	47.5	47.5	104000	2019/02/21 
2019/02/22 	47.599998474121094	47.599998474121094	46.849998474121094	47.29999923706055	40000	2019/02/22 
2019/02/25 	47.29999923706055	47.349998474121094	47.29999923706055	47.349998474121094	29000	2019/02/25 
2019/02/26 	47.900001525878906	47.900001525878906	47.45000076293945	47.5	18000	2019/02/26 
2019/02/27 	47.5	47.5	47.20000076293945	47.400001525878906	20000	2019/02/27 
2019/03/04 	47.400001525878906	48.0	47.400001525878906	47.400001525878906	18000	2019/03/04 
2019/03/05 	47.0	47.349998474121094	47.0	47.0	6000	2019/03/05 
2019/03/06 	47.0	47.0	46.5	46.650001525878906	74000	2019/03/06 
2019/03/07 	47.0	48.04999923706055	46.75	47.5	70000	2019/03/07 
2019/03/08 	47.099998474121094	47.599998474121094	47.099998474121094	47.400001525878906	27000	2019/03/08 
2019/03/11 	47.400001525878906	47.79999923706055	47.400001525878906	47.79999923706055	18000	2019/03/11 
2019/03/12 	47.79999923706055	48.150001525878906	47.79999923706055	48.0	39000	2019/03/12 
2019/03/13 	48.25	48.25	48.0	48.0	5000	2019/03/13 
2019/03/14 	48.400001525878906	49.5	48.400001525878906	49.0	70000	2019/03/14 
2019/03/15 	49.0	50.599998474121094	49.0	50.400001525878906	137000	2019/03/15 
2019/03/18 	51.5	51.5	49.29999923706055	49.70000076293945	103000	2019/03/18 
2019/03/19 	49.900001525878906	50.0	49.70000076293945	49.70000076293945	14000	2019/03/19 
2019/03/20 	49.70000076293945	50.0	49.599998474121094	50.0	15000	2019/03/20 
2019/03/21 	50.0	50.0	49.70000076293945	49.79999923706055	18000	2019/03/21 
2019/03/22 	50.0	50.0	49.599998474121094	49.70000076293945	36000	2019/03/22 
2019/03/25 	49.20000076293945	49.20000076293945	49.099998474121094	49.099998474121094	3000	2019/03/25 
2019/03/26 	49.5	49.5	49.099998474121094	49.099998474121094	11000	2019/03/26 
2019/03/27 	49.0	49.0	48.900001525878906	48.900001525878906	8000	2019/03/27 
2019/03/28 	48.900001525878906	48.900001525878906	48.70000076293945	48.70000076293945	20000	2019/03/28 
2019/03/29 	49.79999923706055	49.79999923706055	48.599998474121094	48.900001525878906	17000	2019/03/29 
2019/04/01 	48.95000076293945	49.0	48.900001525878906	49.0	31000	2019/04/01 
2019/04/02 	49.29999923706055	49.29999923706055	49.099998474121094	49.20000076293945	24000	2019/04/02 
2019/04/03 	49.400001525878906	49.599998474121094	49.0	49.5	49000	2019/04/03 
2019/04/08 	49.599998474121094	50.0	49.599998474121094	50.0	44000	2019/04/08 
2019/04/09 	50.0	50.0	49.650001525878906	49.900001525878906	24000	2019/04/09 
2019/04/10 	49.650001525878906	49.849998474121094	49.5	49.849998474121094	21000	2019/04/10 
2019/04/11 	49.900001525878906	49.95000076293945	49.599998474121094	49.900001525878906	39000	2019/04/11 
2019/04/12 	50.0	50.0	49.900001525878906	49.900001525878906	35000	2019/04/12 
2019/04/15 	49.599998474121094	50.099998474121094	49.599998474121094	49.95000076293945	96000	2019/04/15 
2019/04/16 	49.95000076293945	50.0	49.849998474121094	49.95000076293945	25000	2019/04/16 
2019/04/17 	50.0	50.0	49.900001525878906	49.95000076293945	29000	2019/04/17 
2019/04/18 	49.95000076293945	50.0	49.0	49.349998474121094	28000	2019/04/18 
2019/04/19 	49.349998474121094	49.349998474121094	49.099998474121094	49.150001525878906	15000	2019/04/19 
2019/04/22 	49.0	49.0	49.0	49.0	5000	2019/04/22 
2019/04/23 	49.900001525878906	50.0	49.900001525878906	49.900001525878906	63000	2019/04/23 
2019/04/24 	49.900001525878906	49.900001525878906	49.25	49.25	5000	2019/04/24 
2019/04/25 	49.400001525878906	49.54999923706055	49.400001525878906	49.54999923706055	4000	2019/04/25 
2019/04/26 	49.70000076293945	49.70000076293945	49.54999923706055	49.650001525878906	20000	2019/04/26 
2019/04/29 	50.0	50.0	49.650001525878906	49.650001525878906	7000	2019/04/29 
2019/04/30 	49.650001525878906	49.650001525878906	49.45000076293945	49.45000076293945	6000	2019/04/30 
2019/05/02 	49.400001525878906	49.599998474121094	49.20000076293945	49.599998474121094	10000	2019/05/02 
2019/05/03 	49.400001525878906	50.0	49.0	50.0	29000	2019/05/03 
2019/05/06 	49.099998474121094	49.099998474121094	48.79999923706055	48.79999923706055	34018	2019/05/06 
2019/05/07 	48.849998474121094	49.04999923706055	48.45000076293945	49.0	23000	2019/05/07 
2019/05/08 	48.20000076293945	48.5	48.0	48.0	30000	2019/05/08 
2019/05/09 	47.79999923706055	48.79999923706055	47.0	47.5	62010	2019/05/09 
2019/05/10 	47.0	47.20000076293945	46.70000076293945	46.79999923706055	45000	2019/05/10 
2019/05/13 	47.29999923706055	48.0	46.25	47.400001525878906	10000	2019/05/13 
2019/05/14 	47.400001525878906	47.400001525878906	47.400001525878906	47.400001525878906	6000	2019/05/14 
2019/05/15 	47.20000076293945	47.20000076293945	47.20000076293945	47.20000076293945	1000	2019/05/15 
2019/05/16 	47.0	48.0	47.0	47.400001525878906	11000	2019/05/16 
2019/05/17 	47.20000076293945	47.20000076293945	47.0	47.0	4000	2019/05/17 
2019/05/20 	47.0	47.0	46.70000076293945	46.70000076293945	6000	2019/05/20 
2019/05/21 	46.0	46.45000076293945	45.900001525878906	45.900001525878906	48000	2019/05/21 
2019/05/22 	46.0	47.400001525878906	46.0	46.400001525878906	13000	2019/05/22 
2019/05/23 	46.04999923706055	46.04999923706055	46.0	46.0	6000	2019/05/23 
2019/05/24 	46.0	46.79999923706055	45.900001525878906	46.79999923706055	9000	2019/05/24 
2019/05/27 	45.54999923706055	48.20000076293945	45.54999923706055	48.20000076293945	16000	2019/05/27 
2019/05/28 	46.0	46.5	46.0	46.400001525878906	16000	2019/05/28 
2019/05/29 	46.400001525878906	46.400001525878906	45.79999923706055	45.79999923706055	24000	2019/05/29 
2019/05/30 	46.0	46.099998474121094	45.599998474121094	46.0	10000	2019/05/30 
2019/05/31 	46.0	46.0	45.099998474121094	45.95000076293945	25000	2019/05/31 
2019/06/03 	45.95000076293945	45.95000076293945	45.95000076293945	45.95000076293945	0	2019/06/03 
2019/06/04 	45.099998474121094	45.650001525878906	45.0	45.0	51000	2019/06/04 
2019/06/05 	45.0	45.0	45.0	45.0	24000	2019/06/05 
2019/06/06 	45.099998474121094	45.099998474121094	45.099998474121094	45.099998474121094	1000	2019/06/06 
2019/06/10 	45.099998474121094	45.099998474121094	45.099998474121094	45.099998474121094	0	2019/06/10 
2019/06/11 	45.0	45.5	45.0	45.5	6000	2019/06/11 
2019/06/12 	45.20000076293945	45.5	45.20000076293945	45.5	10000	2019/06/12 
2019/06/13 	46.900001525878906	46.900001525878906	46.099998474121094	46.099998474121094	5000	2019/06/13 
2019/06/14 	46.099998474121094	46.099998474121094	46.099998474121094	46.099998474121094	4000	2019/06/14 
2019/06/17 	46.900001525878906	47.0	46.79999923706055	46.900001525878906	11000	2019/06/17 
2019/06/18 	47.79999923706055	48.0	46.900001525878906	47.70000076293945	14000	2019/06/18 
2019/06/19 	47.79999923706055	47.79999923706055	47.79999923706055	47.79999923706055	5000	2019/06/19 
2019/06/20 	47.79999923706055	48.29999923706055	47.79999923706055	48.29999923706055	21000	2019/06/20 
2019/06/21 	48.70000076293945	49.0	48.099998474121094	48.5	19000	2019/06/21 
2019/06/24 	48.70000076293945	48.70000076293945	48.650001525878906	48.70000076293945	18000	2019/06/24 
2019/06/25 	48.70000076293945	48.75	48.0	48.0	5000	2019/06/25 
2019/06/26 	48.45000076293945	48.5	48.20000076293945	48.20000076293945	6000	2019/06/26 
2019/06/27 	48.20000076293945	48.29999923706055	48.0	48.20000076293945	9000	2019/06/27 
2019/06/28 	48.20000076293945	48.29999923706055	48.099998474121094	48.099998474121094	6000	2019/06/28 
2019/07/01 	48.0	48.20000076293945	48.0	48.20000076293945	6000	2019/07/01 
2019/07/02 	48.0	48.099998474121094	47.95000076293945	48.0	15030	2019/07/02 
2019/07/03 	48.29999923706055	48.29999923706055	47.5	48.099998474121094	6000	2019/07/03 
2019/07/04 	48.099998474121094	48.099998474121094	47.79999923706055	48.0	12000	2019/07/04 
2019/07/05 	48.0	48.0	47.900001525878906	47.900001525878906	4000	2019/07/05 
2019/07/08 	47.900001525878906	47.900001525878906	47.5	47.79999923706055	6000	2019/07/08 
2019/07/09 	47.79999923706055	47.79999923706055	47.45000076293945	47.45000076293945	23000	2019/07/09 
2019/07/10 	44.45000076293945	45.900001525878906	44.45000076293945	44.95000076293945	86000	2019/07/10 
2019/07/11 	45.0	45.04999923706055	43.5	43.79999923706055	129000	2019/07/11 
2019/07/12 	44.0	44.0	43.400001525878906	43.5	55000	2019/07/12 
2019/07/15 	43.900001525878906	44.04999923706055	43.599998474121094	44.04999923706055	10000	2019/07/15 
2019/07/16 	44.25	44.349998474121094	43.95000076293945	44.25	18000	2019/07/16 
2019/07/17 	44.29999923706055	45.0	44.29999923706055	45.0	109000	2019/07/17 
2019/07/18 	45.5	45.5	45.0	45.0	13000	2019/07/18 
2019/07/19 	45.0	45.0	44.95000076293945	45.0	16000	2019/07/19 
2019/07/22 	45.0	45.79999923706055	45.0	45.04999923706055	10000	2019/07/22 
2019/07/23 	45.20000076293945	45.20000076293945	44.20000076293945	44.650001525878906	12000	2019/07/23 
2019/07/24 	44.0	44.0	42.900001525878906	43.95000076293945	112000	2019/07/24 
2019/07/25 	43.95000076293945	43.95000076293945	42.400001525878906	42.400001525878906	95000	2019/07/25 
2019/07/26 	42.79999923706055	42.849998474121094	42.79999923706055	42.849998474121094	3000	2019/07/26 
2019/07/29 	42.54999923706055	43.45000076293945	41.5	41.599998474121094	102000	2019/07/29 
2019/07/30 	41.70000076293945	41.70000076293945	41.5	41.5	41000	2019/07/30 
2019/07/31 	42.20000076293945	44.599998474121094	40.75	41.5	90000	2019/07/31 
2019/08/01 	41.5	42.400001525878906	37.349998474121094	38.0	502000	2019/08/01 
2019/08/02 	38.0	38.650001525878906	37.79999923706055	38.650001525878906	90000	2019/08/02 
2019/08/05 	38.650001525878906	39.29999923706055	38.5	39.0	35000	2019/08/05 
2019/08/06 	39.0	39.849998474121094	38.0	39.849998474121094	30000	2019/08/06 
2019/08/07 	40.400001525878906	40.900001525878906	39.79999923706055	40.849998474121094	56001	2019/08/07 
2019/08/08 	41.0	41.20000076293945	40.849998474121094	41.20000076293945	28000	2019/08/08 
2019/08/12 	41.54999923706055	41.849998474121094	41.0	41.349998474121094	20000	2019/08/12 
2019/08/13 	41.70000076293945	41.75	40.900001525878906	40.95000076293945	7000	2019/08/13 
2019/08/14 	41.29999923706055	41.29999923706055	40.54999923706055	40.95000076293945	4000	2019/08/14 
2019/08/15 	41.20000076293945	41.5	40.599998474121094	40.599998474121094	19000	2019/08/15 
2019/08/16 	41.25	41.25	40.5	41.0	32000	2019/08/16 
2019/08/19 	41.70000076293945	41.70000076293945	41.20000076293945	41.20000076293945	7000	2019/08/19 
2019/08/20 	41.20000076293945	41.20000076293945	40.29999923706055	41.20000076293945	55000	2019/08/20 
2019/08/21 	41.20000076293945	41.650001525878906	40.900001525878906	41.650001525878906	47000	2019/08/21 
2019/08/22 	41.150001525878906	41.150001525878906	41.0	41.0	12000	2019/08/22 
2019/08/23 	41.0	41.70000076293945	41.0	41.45000076293945	13000	2019/08/23 
2019/08/26 	40.650001525878906	41.099998474121094	40.54999923706055	40.54999923706055	8000	2019/08/26 
2019/08/27 	40.95000076293945	41.0	40.54999923706055	41.0	9000	2019/08/27 
2019/08/28 	41.0	41.099998474121094	40.849998474121094	40.900001525878906	13000	2019/08/28 
2019/08/29 	40.5	40.79999923706055	40.29999923706055	40.79999923706055	8000	2019/08/29 
2019/08/30 	40.79999923706055	41.20000076293945	40.70000076293945	41.0	21000	2019/08/30 
2019/09/02 	40.599998474121094	41.0	40.599998474121094	41.0	10000	2019/09/02 
2019/09/03 	41.20000076293945	41.20000076293945	41.04999923706055	41.04999923706055	6000	2019/09/03 
2019/09/04 	40.599998474121094	40.95000076293945	40.599998474121094	40.95000076293945	4000	2019/09/04 
2019/09/05 	41.0	41.0	40.650001525878906	40.95000076293945	8000	2019/09/05 
2019/09/06 	40.45000076293945	41.0	40.45000076293945	41.0	621000	2019/09/06 
2019/09/10 	41.95000076293945	42.0	41.0	41.099998474121094	93060	2019/09/10 
2019/09/11 	41.0	41.20000076293945	40.900001525878906	40.900001525878906	31000	2019/09/11 
2019/09/12 	40.95000076293945	40.95000076293945	40.79999923706055	40.79999923706055	7000	2019/09/12 
2019/09/16 	41.150001525878906	41.20000076293945	41.150001525878906	41.150001525878906	20000	2019/09/16 
2019/09/17 	41.150001525878906	41.25	41.0	41.150001525878906	57000	2019/09/17 
2019/09/18 	41.150001525878906	41.150001525878906	40.75	40.75	14000	2019/09/18 
2019/09/19 	40.599998474121094	41.0	40.5	40.54999923706055	19000	2019/09/19 
2019/09/20 	41.0	41.0	40.5	40.5	3000	2019/09/20 
2019/09/23 	40.099998474121094	40.099998474121094	39.900001525878906	39.900001525878906	41000	2019/09/23 
2019/09/24 	39.900001525878906	39.900001525878906	39.599998474121094	39.70000076293945	13000	2019/09/24 
2019/09/25 	39.54999923706055	39.54999923706055	39.04999923706055	39.29999923706055	41030	2019/09/25 
2019/09/26 	39.20000076293945	39.20000076293945	39.099998474121094	39.099998474121094	42000	2019/09/26 
2019/09/27 	39.099998474121094	39.349998474121094	39.099998474121094	39.25	36000	2019/09/27 
2019/10/01 	38.79999923706055	39.20000076293945	38.79999923706055	39.099998474121094	7000	2019/10/01 
2019/10/02 	39.099998474121094	39.20000076293945	39.0	39.099998474121094	26000	2019/10/02 
2019/10/03 	39.20000076293945	39.25	39.20000076293945	39.25	6000	2019/10/03 
2019/10/04 	38.95000076293945	39.04999923706055	38.95000076293945	39.0	21000	2019/10/04 
2019/10/07 	41.0	41.0	39.599998474121094	40.0	33000	2019/10/07 
2019/10/08 	40.0	41.0	39.70000076293945	39.79999923706055	33000	2019/10/08 
2019/10/09 	39.599998474121094	39.599998474121094	39.0	39.099998474121094	10000	2019/10/09 
2019/10/14 	39.79999923706055	40.0	39.75	40.0	11000	2019/10/14 
2019/10/15 	39.900001525878906	39.95000076293945	39.25	39.900001525878906	9000	2019/10/15 
2019/10/16 	39.900001525878906	39.900001525878906	39.79999923706055	39.900001525878906	7000	2019/10/16 
2019/10/17 	39.099998474121094	39.099998474121094	39.0	39.0	4000	2019/10/17 
2019/10/18 	39.0	39.04999923706055	39.0	39.04999923706055	4000	2019/10/18 
2019/10/21 	39.0	39.04999923706055	39.0	39.0	7000	2019/10/21 
2019/10/22 	38.79999923706055	38.79999923706055	38.75	38.79999923706055	20000	2019/10/22 
2019/10/23 	38.79999923706055	38.900001525878906	38.79999923706055	38.900001525878906	11000	2019/10/23 
2019/10/24 	38.599998474121094	38.75	38.599998474121094	38.70000076293945	14000	2019/10/24 
2019/10/25 	38.70000076293945	38.70000076293945	38.54999923706055	38.650001525878906	32000	2019/10/25 
2019/10/28 	38.95000076293945	39.0	38.5	38.70000076293945	10000	2019/10/28 
2019/10/29 	39.349998474121094	39.349998474121094	39.0	39.20000076293945	8000	2019/10/29 
2019/10/30 	39.79999923706055	39.79999923706055	38.900001525878906	39.150001525878906	3000	2019/10/30 
2019/10/31 	39.150001525878906	39.79999923706055	39.150001525878906	39.5	22000	2019/10/31 
2019/11/01 	38.849998474121094	39.0	38.849998474121094	38.849998474121094	12000	2019/11/01 
2019/11/04 	38.70000076293945	38.70000076293945	38.04999923706055	38.29999923706055	84000	2019/11/04 
2019/11/05 	38.70000076293945	38.849998474121094	38.20000076293945	38.400001525878906	17000	2019/11/05 
2019/11/06 	38.20000076293945	38.349998474121094	38.20000076293945	38.20000076293945	5000	2019/11/06 
2019/11/07 	38.099998474121094	38.20000076293945	37.79999923706055	38.0	35000	2019/11/07 
2019/11/08 	38.5	38.5	37.79999923706055	37.849998474121094	47000	2019/11/08 
2019/11/11 	37.79999923706055	37.79999923706055	37.349998474121094	37.599998474121094	24000	2019/11/11 
2019/11/12 	37.54999923706055	37.95000076293945	37.349998474121094	37.599998474121094	47000	2019/11/12 
2019/11/13 	37.5	37.5	37.400001525878906	37.45000076293945	23000	2019/11/13 
2019/11/14 	37.0	37.0	36.400001525878906	36.5	106000	2019/11/14 
2019/11/15 	36.45000076293945	36.54999923706055	36.45000076293945	36.5	36000	2019/11/15 
2019/11/18 	37.0	37.0	36.349998474121094	36.5	42000	2019/11/18 
2019/11/19 	36.70000076293945	36.70000076293945	36.5	36.5	25000	2019/11/19 
2019/11/20 	36.95000076293945	36.95000076293945	36.349998474121094	36.599998474121094	64000	2019/11/20 
2019/11/21 	36.599998474121094	36.599998474121094	36.400001525878906	36.400001525878906	7000	2019/11/21 
2019/11/22 	36.599998474121094	36.599998474121094	36.400001525878906	36.5	10000	2019/11/22 
2019/11/25 	36.599998474121094	36.599998474121094	36.400001525878906	36.400001525878906	18000	2019/11/25 
2019/11/26 	36.5	36.599998474121094	36.20000076293945	36.400001525878906	10000	2019/11/26 
2019/11/27 	36.04999923706055	36.29999923706055	36.0	36.25	29000	2019/11/27 
2019/11/28 	36.150001525878906	36.150001525878906	36.099998474121094	36.099998474121094	17000	2019/11/28 
2019/11/29 	36.20000076293945	36.29999923706055	36.099998474121094	36.099998474121094	32000	2019/11/29 
2019/12/02 	36.099998474121094	36.099998474121094	35.79999923706055	35.79999923706055	33000	2019/12/02 
2019/12/03 	35.25	35.70000076293945	35.25	35.599998474121094	31000	2019/12/03 
2019/12/04 	35.79999923706055	35.79999923706055	35.599998474121094	35.79999923706055	7000	2019/12/04 
2019/12/05 	35.5	36.150001525878906	35.400001525878906	35.79999923706055	72000	2019/12/05 
2019/12/06 	35.79999923706055	36.0	35.599998474121094	35.79999923706055	28000	2019/12/06 
2019/12/09 	36.0	36.5	36.0	36.0	47000	2019/12/09 
2019/12/10 	35.79999923706055	36.5	35.79999923706055	36.400001525878906	30000	2019/12/10 
2019/12/11 	36.5	37.95000076293945	36.400001525878906	37.0	107000	2019/12/11 
2019/12/12 	37.099998474121094	38.099998474121094	37.0	37.95000076293945	125000	2019/12/12 
2019/12/13 	37.95000076293945	38.29999923706055	37.0	37.0	90000	2019/12/13 
2019/12/16 	37.20000076293945	37.25	37.0	37.25	0	2019/12/16 
2019/12/17 	37.29999923706055	37.54999923706055	37.29999923706055	37.400001525878906	67000	2019/12/17 
2019/12/18 	37.5	37.5	37.349998474121094	37.349998474121094	27000	2019/12/18 
2019/12/19 	37.349998474121094	37.349998474121094	37.099998474121094	37.150001525878906	17000	2019/12/19 
2019/12/20 	37.150001525878906	37.20000076293945	37.099998474121094	37.099998474121094	33000	2019/12/20 
2019/12/23 	37.150001525878906	37.20000076293945	36.900001525878906	36.95000076293945	21000	2019/12/23 
2019/12/24 	37.0	37.0	36.79999923706055	36.900001525878906	21000	2019/12/24 
2019/12/25 	36.900001525878906	37.099998474121094	36.79999923706055	37.0	50000	2019/12/25 
2019/12/26 	37.0	37.20000076293945	37.0	37.150001525878906	30000	2019/12/26 
2019/12/27 	37.099998474121094	37.099998474121094	36.75	36.75	24000	2019/12/27 
2019/12/30 	36.900001525878906	37.0	36.70000076293945	37.0	45000	2019/12/30 
2019/12/31 	37.0	37.150001525878906	36.599998474121094	36.599998474121094	24000	2019/12/31 
2020/01/02 	36.599998474121094	37.349998474121094	36.599998474121094	37.0	47000	2020/01/02 
2020/01/03 	37.0	37.45000076293945	37.0	37.04999923706055	60000	2020/01/03 
2020/01/06 	37.04999923706055	37.45000076293945	37.04999923706055	37.400001525878906	27000	2020/01/06 
2020/01/07 	37.400001525878906	37.400001525878906	37.0	37.0	26000	2020/01/07 
2020/01/08 	36.900001525878906	37.0	36.900001525878906	37.0	5000	2020/01/08 
2020/01/09 	37.0	37.5	37.0	37.150001525878906	61000	2020/01/09 
2020/01/10 	37.150001525878906	38.5	37.150001525878906	38.04999923706055	111000	2020/01/10 
2020/01/13 	38.0	38.04999923706055	37.599998474121094	37.70000076293945	36000	2020/01/13 
2020/01/14 	37.349998474121094	37.95000076293945	37.349998474121094	37.650001525878906	13000	2020/01/14 
2020/01/15 	37.54999923706055	37.849998474121094	37.54999923706055	37.70000076293945	32000	2020/01/15 
2020/01/16 	37.75	37.75	37.150001525878906	37.29999923706055	34000	2020/01/16 
2020/01/17 	37.54999923706055	37.54999923706055	37.400001525878906	37.5	14000	2020/01/17 
2020/01/20 	37.54999923706055	38.599998474121094	37.5	37.599998474121094	47000	2020/01/20 
2020/01/30 	37.0	37.0	35.349998474121094	36.04999923706055	116000	2020/01/30 
2020/01/31 	34.79999923706055	36.5	34.79999923706055	36.04999923706055	59000	2020/01/31 
2020/02/03 	35.04999923706055	35.349998474121094	34.5	35.349998474121094	51000	2020/02/03 
2020/02/04 	35.650001525878906	36.0	35.650001525878906	35.75	19000	2020/02/04 
2020/02/05 	35.70000076293945	35.79999923706055	35.70000076293945	35.79999923706055	7000	2020/02/05 
2020/02/06 	35.79999923706055	36.0	35.5	35.650001525878906	33000	2020/02/06 
2020/02/07 	35.099998474121094	35.5	35.04999923706055	35.400001525878906	47000	2020/02/07 
2020/02/10 	34.0	35.04999923706055	34.0	34.900001525878906	37000	2020/02/10 
2020/02/11 	35.70000076293945	36.0	35.04999923706055	35.5	14000	2020/02/11 
2020/02/12 	35.45000076293945	35.45000076293945	35.0	35.150001525878906	35000	2020/02/12 
2020/02/13 	35.099998474121094	35.099998474121094	34.849998474121094	35.0	34000	2020/02/13 
2020/02/14 	34.79999923706055	34.900001525878906	34.45000076293945	34.900001525878906	36000	2020/02/14 
2020/02/17 	34.599998474121094	34.849998474121094	34.599998474121094	34.599998474121094	17000	2020/02/17 
2020/02/18 	34.54999923706055	34.54999923706055	34.5	34.5	3000	2020/02/18 
2020/02/19 	34.95000076293945	35.95000076293945	34.849998474121094	34.95000076293945	26000	2020/02/19 
2020/02/20 	35.20000076293945	35.20000076293945	34.79999923706055	34.79999923706055	12000	2020/02/20 
2020/02/21 	34.79999923706055	34.849998474121094	34.599998474121094	34.849998474121094	8000	2020/02/21 
2020/02/24 	34.849998474121094	34.900001525878906	34.79999923706055	34.900001525878906	27000	2020/02/24 
2020/02/25 	34.5	35.29999923706055	34.0	34.900001525878906	36000	2020/02/25 
2020/02/26 	35.0	35.400001525878906	35.0	35.0	19000	2020/02/26 
2020/02/27 	35.0	35.0	34.20000076293945	34.20000076293945	34000	2020/02/27 
2020/03/02 	34.25	34.95000076293945	34.20000076293945	34.900001525878906	56000	2020/03/02 
2020/03/03 	35.0	35.0	34.79999923706055	34.79999923706055	8000	2020/03/03 
2020/03/04 	34.75	34.75	34.599998474121094	34.599998474121094	106000	2020/03/04 
2020/03/05 	35.0	35.0	34.349998474121094	34.95000076293945	112000	2020/03/05 
2020/03/06 	34.79999923706055	35.0	34.79999923706055	34.95000076293945	37000	2020/03/06 
2020/03/09 	34.599998474121094	34.599998474121094	33.54999923706055	33.599998474121094	154000	2020/03/09 
2020/03/10 	32.099998474121094	33.599998474121094	32.099998474121094	33.599998474121094	65000	2020/03/10 
2020/03/11 	34.599998474121094	34.599998474121094	33.599998474121094	34.599998474121094	16000	2020/03/11 
2020/03/12 	34.0	34.0	32.400001525878906	33.0	28000	2020/03/12 
2020/03/13 	32.400001525878906	33.0	30.649999618530273	33.0	42000	2020/03/13 
2020/03/16 	32.650001525878906	32.70000076293945	32.0	32.45000076293945	23000	2020/03/16 
2020/03/17 	31.899999618530273	31.899999618530273	30.700000762939453	30.700000762939453	78000	2020/03/17 
2020/03/18 	31.149999618530273	32.79999923706055	30.850000381469727	31.75	121000	2020/03/18 
2020/03/19 	31.75	31.75	29.549999237060547	30.0	141000	2020/03/19 
2020/03/20 	31.299999237060547	32.5	30.850000381469727	30.850000381469727	45000	2020/03/20 
2020/03/23 	29.200000762939453	32.099998474121094	29.200000762939453	32.099998474121094	68000	2020/03/23 
2020/03/24 	31.899999618530273	33.25	31.5	33.150001525878906	43000	2020/03/24 
2020/03/25 	34.29999923706055	34.29999923706055	32.29999923706055	33.20000076293945	45000	2020/03/25 
2020/03/26 	32.349998474121094	33.0	32.349998474121094	33.0	12000	2020/03/26 
2020/03/27 	33.95000076293945	33.95000076293945	32.349998474121094	32.900001525878906	29000	2020/03/27 
2020/03/30 	33.0	33.79999923706055	32.150001525878906	33.79999923706055	20000	2020/03/30 
2020/03/31 	33.5	34.400001525878906	33.29999923706055	34.400001525878906	35000	2020/03/31 
2020/04/01 	33.45000076293945	34.79999923706055	33.099998474121094	34.79999923706055	46000	2020/04/01 
2020/04/06 	35.0	35.0	35.0	35.0	1000	2020/04/06 
2020/04/07 	35.04999923706055	35.5	34.25	35.5	45000	2020/04/07 
2020/04/08 	35.75	35.75	34.54999923706055	35.70000076293945	24000	2020/04/08 
2020/04/09 	35.75	35.75	35.20000076293945	35.599998474121094	37000	2020/04/09 
2020/04/10 	35.70000076293945	35.70000076293945	35.29999923706055	35.650001525878906	33000	2020/04/10 
2020/04/13 	35.349998474121094	35.45000076293945	35.20000076293945	35.45000076293945	7000	2020/04/13 
2020/04/14 	35.29999923706055	35.45000076293945	35.099998474121094	35.45000076293945	27000	2020/04/14 
2020/04/15 	35.45000076293945	35.75	35.0	35.70000076293945	58000	2020/04/15 
2020/04/16 	35.29999923706055	35.45000076293945	35.25	35.45000076293945	31000	2020/04/16 
2020/04/17 	35.45000076293945	35.650001525878906	35.400001525878906	35.5	49000	2020/04/17 
2020/04/20 	35.45000076293945	35.5	35.349998474121094	35.5	122000	2020/04/20 
2020/04/21 	35.5	35.599998474121094	34.75	35.349998474121094	56000	2020/04/21 
2020/04/22 	35.45000076293945	37.400001525878906	35.29999923706055	37.400001525878906	45000	2020/04/22 
2020/04/23 	37.400001525878906	37.5	35.79999923706055	36.0	48000	2020/04/23 
2020/04/24 	36.0	36.04999923706055	35.75	36.04999923706055	18000	2020/04/24 
2020/04/27 	36.150001525878906	36.20000076293945	36.0	36.04999923706055	59000	2020/04/27 
2020/04/28 	36.04999923706055	36.29999923706055	36.04999923706055	36.25	24000	2020/04/28 
2020/04/29 	36.29999923706055	36.54999923706055	36.29999923706055	36.5	30000	2020/04/29 
2020/04/30 	36.5	37.5	36.5	36.599998474121094	129000	2020/04/30 
2020/05/04 	36.0	36.45000076293945	35.79999923706055	36.400001525878906	19000	2020/05/04 
2020/05/05 	36.20000076293945	36.5	36.0	36.20000076293945	75000	2020/05/05 
2020/05/06 	35.79999923706055	37.0	35.75	36.599998474121094	106000	2020/05/06 
2020/05/07 	36.599998474121094	36.70000076293945	36.599998474121094	36.70000076293945	59000	2020/05/07 
2020/05/08 	36.70000076293945	36.95000076293945	36.54999923706055	36.650001525878906	93000	2020/05/08 
2020/05/11 	36.650001525878906	36.79999923706055	36.45000076293945	36.45000076293945	114000	2020/05/11 
2020/05/12 	36.45000076293945	36.45000076293945	36.349998474121094	36.349998474121094	56095	2020/05/12 
2020/05/13 	36.349998474121094	36.95000076293945	36.349998474121094	36.95000076293945	55000	2020/05/13 
2020/05/14 	36.95000076293945	37.0	36.599998474121094	36.95000076293945	89000	2020/05/14 
2020/05/15 	36.79999923706055	36.95000076293945	36.5	36.95000076293945	49001	2020/05/15 
2020/05/18 	37.0	37.0	36.900001525878906	36.95000076293945	17100	2020/05/18 
2020/05/19 	37.400001525878906	37.400001525878906	37.0	37.349998474121094	29000	2020/05/19 
2020/05/20 	37.45000076293945	38.099998474121094	37.29999923706055	37.70000076293945	175132	2020/05/20 
2020/05/21 	37.79999923706055	37.79999923706055	37.5	37.70000076293945	30000	2020/05/21 
2020/05/22 	37.849998474121094	37.849998474121094	37.5	37.79999923706055	25672	2020/05/22 
2020/05/25 	38.0	38.099998474121094	37.79999923706055	38.099998474121094	48000	2020/05/25 
2020/05/26 	38.20000076293945	38.349998474121094	38.150001525878906	38.25	66000	2020/05/26 
2020/05/27 	38.25	38.25	37.900001525878906	38.20000076293945	54000	2020/05/27 
2020/05/28 	38.099998474121094	39.5	37.79999923706055	39.5	23000	2020/05/28 
2020/05/29 	39.20000076293945	39.45000076293945	38.150001525878906	39.20000076293945	13000	2020/05/29 
2020/06/01 	39.20000076293945	39.20000076293945	38.849998474121094	39.150001525878906	41000	2020/06/01 
2020/06/02 	38.849998474121094	39.150001525878906	38.20000076293945	39.0	26000	2020/06/02 
2020/06/03 	38.400001525878906	39.0	38.400001525878906	39.0	74000	2020/06/03 
2020/06/04 	39.0	39.0	38.95000076293945	38.95000076293945	30000	2020/06/04 
2020/06/05 	39.0	39.0	38.79999923706055	38.95000076293945	32000	2020/06/05 
2020/06/08 	39.0	39.0	38.45000076293945	38.70000076293945	68000	2020/06/08 
2020/06/09 	38.70000076293945	39.0	38.599998474121094	38.900001525878906	72000	2020/06/09 
2020/06/10 	38.599998474121094	39.099998474121094	38.599998474121094	39.099998474121094	101000	2020/06/10 
2020/06/11 	39.099998474121094	39.5	38.25	39.29999923706055	119000	2020/06/11 
2020/06/12 	37.95000076293945	39.150001525878906	37.95000076293945	38.900001525878906	21000	2020/06/12 
2020/06/15 	38.900001525878906	39.0	38.45000076293945	39.0	300000	2020/06/15 
2020/06/16 	39.400001525878906	39.400001525878906	39.04999923706055	39.20000076293945	271000	2020/06/16 
2020/06/17 	39.400001525878906	39.79999923706055	39.25	39.349998474121094	316000	2020/06/17 
2020/06/18 	40.0	40.5	39.849998474121094	39.900001525878906	311000	2020/06/18 
2020/06/19 	40.0	40.45000076293945	40.0	40.099998474121094	317000	2020/06/19 
2020/06/22 	40.0	40.29999923706055	39.650001525878906	40.099998474121094	300000	2020/06/22 
2020/06/23 	40.099998474121094	40.79999923706055	40.099998474121094	40.79999923706055	112000	2020/06/23 
2020/06/24 	40.79999923706055	41.150001525878906	40.79999923706055	41.0	68000	2020/06/24 
2020/06/29 	40.75	41.5	40.099998474121094	41.5	49000	2020/06/29 
2020/06/30 	41.20000076293945	41.45000076293945	40.70000076293945	40.75	41000	2020/06/30 
2020/07/01 	41.0	41.0	40.54999923706055	40.95000076293945	51048	2020/07/01 
2020/07/02 	40.95000076293945	41.20000076293945	40.70000076293945	41.0	27000	2020/07/02 
2020/07/03 	40.849998474121094	41.099998474121094	40.54999923706055	41.0	74000	2020/07/03 
2020/07/06 	41.0	41.5	41.0	41.150001525878906	62000	2020/07/06 
2020/07/07 	41.150001525878906	41.20000076293945	40.79999923706055	41.20000076293945	74200	2020/07/07 
2020/07/08 	41.29999923706055	41.29999923706055	41.0	41.29999923706055	59000	2020/07/08 
2020/07/09 	41.400001525878906	41.70000076293945	41.0	41.5	77000	2020/07/09 
2020/07/10 	41.5	41.54999923706055	41.04999923706055	41.29999923706055	90000	2020/07/10 
2020/07/13 	41.5	42.0	41.29999923706055	42.0	78000	2020/07/13 
2020/07/14 	41.70000076293945	41.70000076293945	41.400001525878906	41.70000076293945	48000	2020/07/14 
2020/07/15 	41.650001525878906	41.650001525878906	41.5	41.650001525878906	23000	2020/07/15 
2020/07/16 	41.5	41.599998474121094	41.29999923706055	41.5	34000	2020/07/16 
2020/07/17 	41.5	41.54999923706055	41.29999923706055	41.5	62017	2020/07/17 
2020/07/20 	41.5	42.150001525878906	41.45000076293945	41.5	139042	2020/07/20 
2020/07/21 	38.5	38.599998474121094	38.04999923706055	38.400001525878906	91000	2020/07/21 
2020/07/22 	38.70000076293945	38.70000076293945	38.0	38.0	72000	2020/07/22 
2020/07/23 	38.150001525878906	38.150001525878906	37.900001525878906	37.900001525878906	13000	2020/07/23 
2020/07/24 	37.900001525878906	38.0	37.04999923706055	37.79999923706055	20000	2020/07/24 
2020/07/27 	37.79999923706055	37.79999923706055	36.5	36.599998474121094	53000	2020/07/27 
2020/07/28 	36.650001525878906	38.45000076293945	35.75	38.45000076293945	42000	2020/07/28 
2020/07/29 	37.79999923706055	37.79999923706055	37.20000076293945	37.20000076293945	23000	2020/07/29 
2020/07/30 	37.25	37.400001525878906	37.04999923706055	37.04999923706055	11000	2020/07/30 
2020/07/31 	37.599998474121094	37.79999923706055	36.5	37.79999923706055	56000	2020/07/31 
2020/08/03 	37.650001525878906	37.75	37.29999923706055	37.29999923706055	10000	2020/08/03 
2020/08/04 	37.29999923706055	37.29999923706055	36.45000076293945	36.849998474121094	13000	2020/08/04 
2020/08/05 	36.54999923706055	37.20000076293945	36.54999923706055	36.599998474121094	20000	2020/08/05 
2020/08/06 	36.70000076293945	36.70000076293945	36.599998474121094	36.650001525878906	11000	2020/08/06 
2020/08/07 	36.54999923706055	37.400001525878906	36.29999923706055	37.400001525878906	25000	2020/08/07 
2020/08/10 	37.04999923706055	37.04999923706055	36.5	36.5	64000	2020/08/10 
2020/08/11 	36.54999923706055	36.95000076293945	36.45000076293945	36.95000076293945	45000	2020/08/11 
2020/08/12 	37.0	37.0	36.5	36.95000076293945	21000	2020/08/12 
2020/08/13 	37.0	38.5	37.0	37.5	67000	2020/08/13 
2020/08/14 	38.45000076293945	38.54999923706055	36.95000076293945	37.5	87000	2020/08/14 
2020/08/17 	38.0	38.0	37.400001525878906	37.599998474121094	49000	2020/08/17 
2020/08/18 	38.150001525878906	38.150001525878906	37.150001525878906	37.20000076293945	28000	2020/08/18 
2020/08/19 	37.099998474121094	37.5	36.900001525878906	37.04999923706055	31000	2020/08/19 
2020/08/20 	37.400001525878906	37.400001525878906	36.5	37.150001525878906	17000	2020/08/20 
2020/08/21 	37.150001525878906	37.70000076293945	36.650001525878906	37.349998474121094	40000	2020/08/21 
2020/08/24 	37.150001525878906	37.29999923706055	36.79999923706055	37.29999923706055	31000	2020/08/24 
2020/08/25 	37.25	37.599998474121094	37.20000076293945	37.400001525878906	62000	2020/08/25 
2020/08/26 	37.599998474121094	38.0	37.599998474121094	37.70000076293945	68000	2020/08/26 
2020/08/27 	38.0	38.95000076293945	38.0	38.95000076293945	193025	2020/08/27 
2020/08/28 	38.95000076293945	42.0	38.95000076293945	39.75	358000	2020/08/28 
2020/08/31 	40.150001525878906	40.150001525878906	39.349998474121094	39.5	79050	2020/08/31 
2020/09/01 	39.5	40.0	39.5	39.79999923706055	48000	2020/09/01 
2020/09/02 	40.0	40.20000076293945	38.599998474121094	39.79999923706055	92000	2020/09/02 
2020/09/03 	40.20000076293945	40.20000076293945	39.5	39.75	35025	2020/09/03 
2020/09/04 	38.150001525878906	39.0	38.0	38.849998474121094	169000	2020/09/04 
2020/09/07 	38.20000076293945	38.79999923706055	38.0	38.20000076293945	66100	2020/09/07 
2020/09/08 	38.099998474121094	38.900001525878906	37.79999923706055	38.0	61000	2020/09/08 
2020/09/09 	36.54999923706055	37.650001525878906	36.54999923706055	37.20000076293945	65135	2020/09/09 
2020/09/10 	37.20000076293945	38.5	36.900001525878906	37.5	163000	2020/09/10 
2020/09/11 	37.5	37.5	36.79999923706055	36.79999923706055	45000	2020/09/11 
2020/09/14 	37.599998474121094	37.650001525878906	36.95000076293945	37.0	326000	2020/09/14 
2020/09/15 	37.099998474121094	37.099998474121094	36.95000076293945	36.95000076293945	73000	2020/09/15 
2020/09/16 	37.04999923706055	37.650001525878906	36.900001525878906	36.900001525878906	121080	2020/09/16 
2020/09/17 	38.0	38.099998474121094	37.0	37.95000076293945	106000	2020/09/17 
2020/09/18 	38.150001525878906	38.54999923706055	38.150001525878906	38.54999923706055	70000	2020/09/18 
2020/09/21 	38.70000076293945	38.79999923706055	38.29999923706055	38.599998474121094	38000	2020/09/21 
2020/09/22 	38.29999923706055	38.599998474121094	38.099998474121094	38.400001525878906	27000	2020/09/22 
2020/09/23 	37.849998474121094	38.849998474121094	37.849998474121094	38.150001525878906	15000	2020/09/23 
2020/09/24 	38.0	38.0	37.70000076293945	37.70000076293945	7000	2020/09/24 
2020/09/25 	37.54999923706055	37.849998474121094	37.400001525878906	37.400001525878906	26000	2020/09/25 
2020/09/28 	38.25	38.25	38.04999923706055	38.04999923706055	2000	2020/09/28 
2020/09/29 	38.0	38.400001525878906	37.650001525878906	38.04999923706055	18000	2020/09/29 
2020/09/30 	38.04999923706055	38.20000076293945	37.599998474121094	37.599998474121094	56000	2020/09/30 
2020/10/05 	37.20000076293945	37.849998474121094	37.20000076293945	37.400001525878906	35000	2020/10/05 
2020/10/06 	37.79999923706055	38.95000076293945	37.45000076293945	37.650001525878906	33000	2020/10/06 
2020/10/07 	37.54999923706055	37.70000076293945	37.29999923706055	37.650001525878906	16000	2020/10/07 
2020/10/08 	37.54999923706055	37.849998474121094	37.29999923706055	37.849998474121094	33000	2020/10/08 
2020/10/12 	37.900001525878906	38.04999923706055	37.849998474121094	38.04999923706055	22000	2020/10/12 
2020/10/13 	38.0	38.29999923706055	38.0	38.29999923706055	45000	2020/10/13 
2020/10/14 	38.900001525878906	38.900001525878906	38.400001525878906	38.599998474121094	24000	2020/10/14 
2020/10/15 	38.79999923706055	39.0	38.5	38.650001525878906	25000	2020/10/15 
2020/10/16 	38.849998474121094	38.849998474121094	38.04999923706055	38.70000076293945	22000	2020/10/16 
2020/10/19 	38.70000076293945	38.70000076293945	38.20000076293945	38.70000076293945	13000	2020/10/19 
2020/10/20 	38.29999923706055	38.650001525878906	38.099998474121094	38.650001525878906	17080	2020/10/20 
2020/10/21 	38.25	38.650001525878906	38.25	38.54999923706055	25001	2020/10/21 
2020/10/22 	38.54999923706055	38.599998474121094	38.25	38.54999923706055	32000	2020/10/22 
2020/10/23 	38.79999923706055	38.849998474121094	38.400001525878906	38.650001525878906	16000	2020/10/23 
2020/10/26 	38.75	38.75	38.5	38.599998474121094	18000	2020/10/26 
2020/10/27 	38.599998474121094	38.650001525878906	38.400001525878906	38.650001525878906	25000	2020/10/27 
2020/10/28 	38.650001525878906	38.650001525878906	38.45000076293945	38.650001525878906	13000	2020/10/28 
2020/10/29 	38.5	38.70000076293945	38.25	38.70000076293945	37000	2020/10/29 
2020/10/30 	38.70000076293945	38.70000076293945	38.25	38.25	44000	2020/10/30 
2020/11/02 	38.70000076293945	38.70000076293945	38.29999923706055	38.349998474121094	7000	2020/11/02 
2020/11/03 	38.349998474121094	38.349998474121094	38.25	38.25	35000	2020/11/03 
2020/11/04 	38.20000076293945	38.79999923706055	38.20000076293945	38.45000076293945	13000	2020/11/04 
2020/11/05 	38.650001525878906	38.650001525878906	38.45000076293945	38.54999923706055	11000	2020/11/05 
2020/11/06 	38.70000076293945	38.70000076293945	38.5	38.5	13000	2020/11/06 
2020/11/09 	38.400001525878906	38.79999923706055	38.400001525878906	38.79999923706055	67000	2020/11/09 
2020/11/10 	38.79999923706055	38.79999923706055	38.5	38.5	111000	2020/11/10 
2020/11/11 	38.79999923706055	39.5	38.54999923706055	38.75	106000	2020/11/11 
2020/11/12 	38.79999923706055	38.79999923706055	38.54999923706055	38.54999923706055	39000	2020/11/12 
2020/11/13 	38.70000076293945	39.099998474121094	38.70000076293945	38.900001525878906	58000	2020/11/13 
2020/11/16 	39.0	39.29999923706055	38.900001525878906	39.29999923706055	105132	2020/11/16 
2020/11/17 	39.45000076293945	39.45000076293945	39.349998474121094	39.349998474121094	62000	2020/11/17 
2020/11/18 	39.349998474121094	39.5	39.099998474121094	39.45000076293945	26040	2020/11/18 
2020/11/19 	39.400001525878906	39.45000076293945	39.29999923706055	39.349998474121094	41000	2020/11/19 
2020/11/20 	39.349998474121094	39.400001525878906	39.29999923706055	39.29999923706055	12000	2020/11/20 
2020/11/23 	39.29999923706055	40.0	39.29999923706055	39.95000076293945	46000	2020/11/23 
2020/11/24 	40.25	40.25	39.54999923706055	39.75	229321	2020/11/24 
2020/11/25 	40.0	40.20000076293945	39.650001525878906	39.650001525878906	108000	2020/11/25 
2020/11/26 	39.70000076293945	40.0	39.599998474121094	39.70000076293945	128000	2020/11/26 
2020/11/27 	40.0	40.0	39.650001525878906	39.70000076293945	25000	2020/11/27 
2020/11/30 	39.900001525878906	39.95000076293945	39.599998474121094	39.599998474121094	27000	2020/11/30 
2020/12/01 	39.5	39.650001525878906	39.5	39.650001525878906	11000	2020/12/01 
2020/12/02 	39.54999923706055	39.54999923706055	39.400001525878906	39.5	81000	2020/12/02 
2020/12/03 	39.5	39.95000076293945	39.400001525878906	39.400001525878906	32000	2020/12/03 
2020/12/04 	39.79999923706055	39.79999923706055	39.29999923706055	39.599998474121094	62000	2020/12/04 
2020/12/07 	39.95000076293945	39.95000076293945	39.5	39.5	23000	2020/12/07 
2020/12/08 	39.5	39.599998474121094	39.400001525878906	39.5	24000	2020/12/08 
2020/12/09 	39.5	39.79999923706055	39.400001525878906	39.45000076293945	45000	2020/12/09 
2020/12/10 	39.20000076293945	39.45000076293945	39.20000076293945	39.45000076293945	24000	2020/12/10 
2020/12/11 	39.5	39.5	38.849998474121094	39.0	74000	2020/12/11 
2020/12/14 	39.0	39.29999923706055	38.95000076293945	38.95000076293945	58000	2020/12/14 
2020/12/15 	38.900001525878906	39.0	38.599998474121094	38.95000076293945	32000	2020/12/15 
2020/12/16 	39.20000076293945	39.599998474121094	39.099998474121094	39.29999923706055	30000	2020/12/16 
2020/12/17 	39.04999923706055	39.349998474121094	39.0	39.29999923706055	14000	2020/12/17 
2020/12/18 	39.0	39.099998474121094	39.0	39.04999923706055	9000	2020/12/18 
2020/12/21 	39.04999923706055	39.25	39.04999923706055	39.20000076293945	53000	2020/12/21 
2020/12/22 	39.20000076293945	39.25	39.0	39.0	59000	2020/12/22 
2020/12/23 	38.900001525878906	39.70000076293945	38.900001525878906	39.25	35000	2020/12/23 
2020/12/24 	39.29999923706055	39.54999923706055	38.95000076293945	38.95000076293945	54000	2020/12/24 
2020/12/25 	39.5	39.5	38.95000076293945	39.04999923706055	36000	2020/12/25 
2020/12/28 	39.099998474121094	39.20000076293945	39.0	39.099998474121094	75000	2020/12/28 
2020/12/29 	39.150001525878906	39.400001525878906	39.04999923706055	39.29999923706055	130000	2020/12/29 
2020/12/30 	39.400001525878906	39.599998474121094	39.20000076293945	39.599998474121094	20000	2020/12/30 
2020/12/31 	39.150001525878906	39.5	39.099998474121094	39.099998474121094	79000	2020/12/31 
2021/01/04 	39.400001525878906	41.900001525878906	39.400001525878906	39.75	93000	2021/01/04 
2021/01/05 	40.29999923706055	40.29999923706055	39.599998474121094	39.599998474121094	37000	2021/01/05 
2021/01/06 	39.599998474121094	39.599998474121094	39.20000076293945	39.54999923706055	20000	2021/01/06 
2021/01/07 	39.79999923706055	39.79999923706055	39.150001525878906	39.45000076293945	48000	2021/01/07 
2021/01/08 	40.0	40.0	39.45000076293945	39.599998474121094	18100	2021/01/08 
2021/01/11 	39.599998474121094	39.79999923706055	39.54999923706055	39.79999923706055	116000	2021/01/11 
2021/01/12 	39.79999923706055	40.0	39.5	39.70000076293945	46000	2021/01/12 
2021/01/13 	40.0	40.0	39.70000076293945	39.75	49000	2021/01/13 
2021/01/14 	39.75	39.95000076293945	39.599998474121094	39.599998474121094	60000	2021/01/14 
2021/01/15 	40.0	40.0	39.599998474121094	39.900001525878906	42000	2021/01/15 
2021/01/18 	40.5	40.5	39.0	39.5	153000	2021/01/18 
2021/01/19 	39.5	39.79999923706055	39.400001525878906	39.79999923706055	30000	2021/01/19 
2021/01/20 	39.5	39.79999923706055	39.349998474121094	39.599998474121094	26000	2021/01/20 
2021/01/21 	39.349998474121094	39.75	39.349998474121094	39.70000076293945	85000	2021/01/21 
2021/01/22 	39.849998474121094	40.0	39.45000076293945	39.79999923706055	30000	2021/01/22 
2021/01/25 	39.75	40.29999923706055	39.599998474121094	40.20000076293945	74000	2021/01/25 
2021/01/26 	40.20000076293945	40.29999923706055	39.900001525878906	40.0	21000	2021/01/26 
2021/01/27 	39.79999923706055	40.0	39.70000076293945	39.95000076293945	47000	2021/01/27 
2021/01/28 	39.79999923706055	40.0	39.599998474121094	40.0	215000	2021/01/28 
2021/01/29 	39.79999923706055	40.0	39.79999923706055	39.95000076293945	70000	2021/01/29 
2021/02/01 	39.79999923706055	40.0	39.79999923706055	40.0	47000	2021/02/01 
2021/02/02 	39.95000076293945	40.0	39.95000076293945	40.0	54000	2021/02/02 
2021/02/03 	40.0	40.0	39.79999923706055	39.849998474121094	79000	2021/02/03 
2021/02/04 	39.79999923706055	40.0	39.79999923706055	39.900001525878906	44000	2021/02/04 
2021/02/05 	39.900001525878906	40.0	39.900001525878906	39.95000076293945	14000	2021/02/05 
2021/02/17 	40.20000076293945	40.20000076293945	39.79999923706055	40.04999923706055	46000	2021/02/17 
2021/02/18 	40.04999923706055	40.400001525878906	39.95000076293945	40.400001525878906	81000	2021/02/18 
2021/02/19 	40.400001525878906	40.599998474121094	40.400001525878906	40.400001525878906	41000	2021/02/19 
2021/02/22 	40.5	40.79999923706055	40.400001525878906	40.75	71000	2021/02/22 
2021/02/23 	40.75	41.75	40.5	41.400001525878906	66000	2021/02/23 
2021/02/24 	41.400001525878906	41.599998474121094	41.0	41.20000076293945	84000	2021/02/24 
2021/02/25 	41.20000076293945	41.5	41.20000076293945	41.5	47000	2021/02/25 
2021/02/26 	41.400001525878906	41.45000076293945	41.04999923706055	41.45000076293945	49000	2021/02/26 
2021/03/02 	41.5	41.900001525878906	41.45000076293945	41.54999923706055	50000	2021/03/02 
2021/03/03 	41.54999923706055	42.400001525878906	41.5	42.0	105000	2021/03/03 
2021/03/04 	42.0	42.599998474121094	42.0	42.29999923706055	189004	2021/03/04 
2021/03/05 	42.599998474121094	43.79999923706055	42.29999923706055	43.099998474121094	123000	2021/03/05 
2021/03/08 	43.70000076293945	47.349998474121094	43.5	45.95000076293945	247000	2021/03/08 
2021/03/09 	45.599998474121094	45.599998474121094	44.0	44.849998474121094	211000	2021/03/09 
2021/03/10 	45.0	46.5	44.849998474121094	45.400001525878906	141050	2021/03/10 
2021/03/11 	45.400001525878906	45.5	44.599998474121094	44.849998474121094	62000	2021/03/11 
2021/03/12 	44.79999923706055	45.0	44.54999923706055	44.79999923706055	125000	2021/03/12 
2021/03/15 	44.79999923706055	46.400001525878906	44.79999923706055	45.900001525878906	100000	2021/03/15 
2021/03/16 	46.45000076293945	46.79999923706055	46.29999923706055	46.75	107000	2021/03/16 
2021/03/17 	46.75	46.95000076293945	44.70000076293945	46.099998474121094	216000	2021/03/17 
2021/03/18 	46.099998474121094	46.400001525878906	45.54999923706055	45.95000076293945	43050	2021/03/18 
2021/03/19 	45.599998474121094	45.599998474121094	44.5	45.0	158167	2021/03/19 
2021/03/22 	45.0	45.5	44.599998474121094	45.20000076293945	152000	2021/03/22 
2021/03/23 	45.20000076293945	45.20000076293945	44.54999923706055	44.849998474121094	99000	2021/03/23 
2021/03/24 	44.849998474121094	45.5	44.849998474121094	45.25	56000	2021/03/24 
2021/03/25 	45.25	45.45000076293945	45.099998474121094	45.349998474121094	43044	2021/03/25 
2021/03/26 	45.29999923706055	45.70000076293945	45.29999923706055	45.54999923706055	73000	2021/03/26 
2021/03/29 	46.20000076293945	46.20000076293945	45.599998474121094	45.95000076293945	36000	2021/03/29 
2021/03/30 	46.349998474121094	46.54999923706055	46.20000076293945	46.400001525878906	96004	2021/03/30 
2021/03/31 	46.400001525878906	46.650001525878906	46.25	46.5	106000	2021/03/31 
2021/04/01 	46.95000076293945	47.29999923706055	46.599998474121094	47.150001525878906	141371	2021/04/01 
2021/04/07 	47.349998474121094	47.75	46.900001525878906	47.349998474121094	106002	2021/04/07 
2021/04/08 	47.75	47.75	47.0	47.099998474121094	48077	2021/04/08 
2021/04/09 	48.099998474121094	49.29999923706055	47.79999923706055	49.0	249000	2021/04/09 
2021/04/12 	49.29999923706055	50.20000076293945	48.25	49.0	288000	2021/04/12 
2021/04/13 	49.900001525878906	50.29999923706055	49.5	50.29999923706055	198000	2021/04/13 
2021/04/14 	50.79999923706055	50.79999923706055	49.0	49.79999923706055	104000	2021/04/14 
2021/04/15 	49.79999923706055	49.79999923706055	49.599998474121094	49.75	21000	2021/04/15 
2021/04/16 	49.400001525878906	49.900001525878906	49.349998474121094	49.5	35000	2021/04/16 
2021/04/19 	50.0	50.0	49.099998474121094	49.650001525878906	52000	2021/04/19 
2021/04/20 	49.900001525878906	49.95000076293945	49.400001525878906	49.650001525878906	45000	2021/04/20 
2021/04/21 	49.54999923706055	49.599998474121094	49.29999923706055	49.45000076293945	31010	2021/04/21 
2021/04/22 	49.5	49.75	49.349998474121094	49.349998474121094	54000	2021/04/22 
2021/04/23 	49.0	49.400001525878906	49.0	49.400001525878906	18000	2021/04/23 
2021/04/26 	49.5	49.5	49.099998474121094	49.150001525878906	20000	2021/04/26 
2021/04/27 	49.099998474121094	49.20000076293945	48.900001525878906	49.04999923706055	63000	2021/04/27 
2021/04/28 	49.0	49.150001525878906	49.0	49.150001525878906	26000	2021/04/28 
2021/04/29 	49.099998474121094	49.20000076293945	48.95000076293945	49.0	71000	2021/04/29 
2021/05/03 	48.95000076293945	49.099998474121094	48.70000076293945	48.70000076293945	39000	2021/05/03 
2021/05/04 	48.70000076293945	48.70000076293945	47.79999923706055	48.29999923706055	70000	2021/05/04 
2021/05/05 	48.29999923706055	49.29999923706055	47.849998474121094	48.900001525878906	84000	2021/05/05 
2021/05/06 	49.5	49.5	48.54999923706055	48.900001525878906	39000	2021/05/06 
2021/05/07 	49.400001525878906	49.45000076293945	49.0	49.29999923706055	23000	2021/05/07 
2021/05/10 	48.70000076293945	48.79999923706055	48.150001525878906	48.75	32000	2021/05/10 
2021/05/11 	47.900001525878906	48.25	47.29999923706055	48.0	86106	2021/05/11 
2021/05/12 	48.0	48.0	46.79999923706055	47.0	98000	2021/05/12 
2021/05/13 	46.599998474121094	47.04999923706055	46.29999923706055	46.900001525878906	47000	2021/05/13 
2021/05/14 	46.900001525878906	47.0	46.79999923706055	46.849998474121094	33000	2021/05/14 
2021/05/17 	46.0	46.650001525878906	45.599998474121094	45.79999923706055	40000	2021/05/17 
2021/05/18 	44.900001525878906	47.5	44.900001525878906	47.5	64000	2021/05/18 
2021/05/19 	47.5	47.5	46.150001525878906	47.400001525878906	12000	2021/05/19 
2021/05/20 	47.400001525878906	47.54999923706055	46.900001525878906	47.0	29000	2021/05/20 
2021/05/21 	47.20000076293945	48.0	47.20000076293945	47.5	24000	2021/05/21 
2021/05/24 	47.0	47.5	47.0	47.04999923706055	62000	2021/05/24 
2021/05/25 	47.04999923706055	47.04999923706055	47.04999923706055	47.04999923706055	3000	2021/05/25 
2021/05/26 	47.099998474121094	47.95000076293945	47.04999923706055	47.099998474121094	13000	2021/05/26 
2021/05/27 	47.099998474121094	47.25	47.099998474121094	47.25	5000	2021/05/27 
2021/05/28 	47.5	47.5	47.5	47.5	3000	2021/05/28 
2021/05/31 	47.5	48.099998474121094	47.0	48.0	17000	2021/05/31 
2021/06/01 	47.650001525878906	48.20000076293945	47.650001525878906	48.20000076293945	5000	2021/06/01 
2021/06/02 	48.150001525878906	48.20000076293945	48.150001525878906	48.20000076293945	3000	2021/06/02 
2021/06/03 	47.54999923706055	48.20000076293945	47.54999923706055	48.20000076293945	21000	2021/06/03 
2021/06/04 	47.70000076293945	48.29999923706055	47.70000076293945	48.0	23000	2021/06/04 
2021/06/07 	48.20000076293945	48.5	48.0	48.5	11000	2021/06/07 
2021/06/08 	48.79999923706055	48.79999923706055	48.400001525878906	48.400001525878906	3000	2021/06/08 
2021/06/09 	48.900001525878906	49.79999923706055	48.400001525878906	48.400001525878906	34000	2021/06/09 
2021/06/10 	48.349998474121094	48.5	48.349998474121094	48.5	11000	2021/06/10 
2021/06/11 	49.0	50.0	49.0	49.349998474121094	58000	2021/06/11 
2021/06/15 	49.5	49.5	48.599998474121094	49.5	17000	2021/06/15 
2021/06/16 	49.5	49.5	49.5	49.5	5000	2021/06/16 
2021/06/17 	49.5	49.70000076293945	49.0	49.5	10000	2021/06/17 
2021/06/18 	49.5	50.5	49.0	49.79999923706055	57000	2021/06/18 
2021/06/21 	49.04999923706055	49.79999923706055	48.70000076293945	49.70000076293945	11000	2021/06/21 
2021/06/22 	49.5	49.70000076293945	49.20000076293945	49.70000076293945	4000	2021/06/22 
2021/06/23 	49.650001525878906	49.650001525878906	49.25	49.650001525878906	8000	2021/06/23 
2021/06/24 	49.54999923706055	50.5	49.45000076293945	50.5	13000	2021/06/24 
2021/06/25 	50.0	50.0	49.599998474121094	49.849998474121094	17000	2021/06/25 
2021/06/28 	49.29999923706055	49.599998474121094	49.29999923706055	49.599998474121094	18000	2021/06/28 
2021/06/29 	49.04999923706055	49.599998474121094	49.0	49.599998474121094	19000	2021/06/29 
2021/06/30 	49.5	49.599998474121094	49.04999923706055	49.5	16000	2021/06/30 
2021/07/01 	49.5	49.5	49.150001525878906	49.45000076293945	7000	2021/07/01 
2021/07/02 	48.849998474121094	49.400001525878906	48.599998474121094	49.25	22000	2021/07/02 
2021/07/05 	49.45000076293945	49.45000076293945	48.95000076293945	49.45000076293945	7000	2021/07/05 
2021/07/06 	48.0	49.54999923706055	47.849998474121094	49.349998474121094	21000	2021/07/06 
2021/07/07 	49.349998474121094	49.400001525878906	48.29999923706055	49.0	72000	2021/07/07 
2021/07/08 	49.0	49.45000076293945	48.849998474121094	49.20000076293945	28000	2021/07/08 
2021/07/09 	49.20000076293945	49.400001525878906	48.849998474121094	49.20000076293945	33000	2021/07/09 
2021/07/12 	49.29999923706055	49.400001525878906	48.849998474121094	49.29999923706055	31000	2021/07/12 
2021/07/13 	49.29999923706055	49.400001525878906	48.95000076293945	49.400001525878906	10000	2021/07/13 
2021/07/14 	49.349998474121094	49.400001525878906	49.25	49.400001525878906	6000	2021/07/14 
2021/07/15 	49.20000076293945	49.900001525878906	49.20000076293945	49.900001525878906	23000	2021/07/15 
2021/07/16 	49.79999923706055	50.0	49.29999923706055	50.0	10000	2021/07/16 
2021/07/19 	49.150001525878906	49.70000076293945	49.150001525878906	49.70000076293945	11000	2021/07/19 
2021/07/20 	49.650001525878906	49.70000076293945	49.45000076293945	49.45000076293945	12000	2021/07/20 
2021/07/21 	49.5	49.650001525878906	49.5	49.650001525878906	29000	2021/07/21 
2021/07/22 	49.599998474121094	49.849998474121094	49.45000076293945	49.849998474121094	20000	2021/07/22 
2021/07/23 	49.849998474121094	49.849998474121094	49.849998474121094	49.849998474121094	0	2021/07/23 
2021/07/26 	49.400001525878906	49.54999923706055	49.400001525878906	49.45000076293945	8000	2021/07/26 
2021/07/27 	49.79999923706055	51.5	49.79999923706055	50.400001525878906	214000	2021/07/27 
2021/07/28 	51.0	51.0	50.0	50.400001525878906	31000	2021/07/28 
2021/07/29 	50.099998474121094	51.0	50.099998474121094	50.599998474121094	4000	2021/07/29 
2021/07/30 	50.20000076293945	50.79999923706055	50.0	50.79999923706055	7000	2021/07/30 
2021/08/02 	51.0	51.400001525878906	50.900001525878906	51.0	41000	2021/08/02 
2021/08/03 	51.0	51.0	50.70000076293945	51.0	10000	2021/08/03 
2021/08/04 	51.0	51.0	50.70000076293945	50.900001525878906	11000	2021/08/04 
2021/08/05 	51.0	51.0	50.900001525878906	51.0	40000	2021/08/05 
2021/08/06 	51.099998474121094	51.20000076293945	51.099998474121094	51.099998474121094	5000	2021/08/06 
2021/08/09 	50.79999923706055	51.20000076293945	50.70000076293945	51.0	42000	2021/08/09 
2021/08/10 	51.0	51.0	50.0	51.0	85000	2021/08/10 
2021/08/11 	51.0	51.0	50.5	51.0	44000	2021/08/11 
2021/08/12 	51.099998474121094	51.79999923706055	50.79999923706055	51.099998474121094	64000	2021/08/12 
2021/08/13 	51.099998474121094	51.099998474121094	50.79999923706055	51.0	49001	2021/08/13 
2021/08/16 	50.79999923706055	51.0	50.79999923706055	51.0	18000	2021/08/16 
2021/08/17 	51.0	51.099998474121094	50.5	50.900001525878906	43000	2021/08/17 
2021/08/18 	50.5	50.900001525878906	50.5	50.900001525878906	19000	2021/08/18 
2021/08/19 	50.900001525878906	50.900001525878906	50.099998474121094	50.79999923706055	125000	2021/08/19 
2021/08/20 	50.5	51.0	50.400001525878906	50.70000076293945	154000	2021/08/20 
2021/08/23 	51.0	51.5	50.70000076293945	51.099998474121094	69000	2021/08/23 
2021/08/24 	51.20000076293945	51.79999923706055	51.099998474121094	51.599998474121094	43000	2021/08/24 
2021/08/25 	51.79999923706055	51.79999923706055	51.20000076293945	51.5	20000	2021/08/25 
2021/08/26 	51.599998474121094	51.79999923706055	51.099998474121094	51.400001525878906	71000	2021/08/26 
2021/08/27 	51.400001525878906	51.400001525878906	51.20000076293945	51.400001525878906	58004	2021/08/27 
2021/08/30 	51.400001525878906	51.400001525878906	51.20000076293945	51.20000076293945	29000	2021/08/30 
2021/08/31 	51.5	51.70000076293945	51.20000076293945	51.400001525878906	48001	2021/08/31 
2021/09/01 	52.900001525878906	53.0	51.5	51.5	204000	2021/09/01 
2021/09/02 	51.599998474121094	52.5	51.5	51.900001525878906	117000	2021/09/02 
2021/09/03 	48.849998474121094	50.0	48.849998474121094	49.900001525878906	121000	2021/09/03 
2021/09/06 	49.849998474121094	49.849998474121094	49.20000076293945	49.70000076293945	24000	2021/09/06 
2021/09/07 	49.0	49.400001525878906	48.900001525878906	49.400001525878906	9000	2021/09/07 
2021/09/08 	48.900001525878906	48.900001525878906	48.349998474121094	48.5	15100	2021/09/08 
2021/09/09 	48.29999923706055	48.29999923706055	47.70000076293945	47.70000076293945	13000	2021/09/09 
2021/09/10 	48.0	48.29999923706055	47.70000076293945	47.75	32000	2021/09/10 
2021/09/13 	47.849998474121094	47.849998474121094	47.54999923706055	47.54999923706055	51000	2021/09/13 
2021/09/14 	47.5	47.599998474121094	47.45000076293945	47.5	33000	2021/09/14 
2021/09/15 	48.70000076293945	48.849998474121094	47.400001525878906	47.54999923706055	9000	2021/09/15 
2021/09/16 	47.400001525878906	48.099998474121094	47.400001525878906	48.099998474121094	2007	2021/09/16 
2021/09/17 	47.900001525878906	47.900001525878906	47.599998474121094	47.599998474121094	8000	2021/09/17 
2021/09/22 	47.0	47.599998474121094	47.0	47.45000076293945	7000	2021/09/22 
2021/09/23 	48.099998474121094	48.099998474121094	47.900001525878906	48.0	14000	2021/09/23 
2021/09/24 	47.599998474121094	48.29999923706055	47.599998474121094	48.29999923706055	5000	2021/09/24 
2021/09/27 	47.79999923706055	48.0	47.79999923706055	47.900001525878906	26000	2021/09/27 
2021/09/28 	47.79999923706055	47.79999923706055	47.0	47.79999923706055	17000	2021/09/28 
2021/09/29 	47.099998474121094	47.54999923706055	47.099998474121094	47.54999923706055	19000	2021/09/29 
2021/09/30 	48.5	48.5	48.45000076293945	48.5	5000	2021/09/30 
2021/10/01 	47.54999923706055	47.54999923706055	47.29999923706055	47.29999923706055	17000	2021/10/01 
2021/10/04 	47.5	47.5	46.29999923706055	46.400001525878906	38000	2021/10/04 
2021/10/05 	46.04999923706055	47.0	46.04999923706055	46.400001525878906	166000	2021/10/05 
2021/10/06 	46.400001525878906	46.5	46.400001525878906	46.5	3000	2021/10/06 
2021/10/07 	46.5	47.0	46.45000076293945	47.0	18000	2021/10/07 
2021/10/08 	48.0	48.0	46.54999923706055	47.900001525878906	20000	2021/10/08 
2021/10/12 	47.0	47.75	46.849998474121094	47.650001525878906	11000	2021/10/12 
2021/10/13 	46.04999923706055	47.45000076293945	46.04999923706055	47.349998474121094	14000	2021/10/13 
2021/10/14 	47.04999923706055	47.349998474121094	46.5	46.95000076293945	14000	2021/10/14 
2021/10/15 	46.54999923706055	46.900001525878906	46.54999923706055	46.79999923706055	4000	2021/10/15 
2021/10/18 	47.099998474121094	47.099998474121094	47.099998474121094	47.099998474121094	1000	2021/10/18 
2021/10/19 	47.099998474121094	47.099998474121094	46.650001525878906	47.0	18000	2021/10/19 
2021/10/20 	47.0	48.0	47.0	47.95000076293945	30000	2021/10/20 
2021/10/21 	47.900001525878906	47.900001525878906	47.900001525878906	47.900001525878906	2000	2021/10/21 
2021/10/22 	47.650001525878906	47.650001525878906	46.849998474121094	47.0	20000	2021/10/22 
2021/10/25 	47.0	47.0	46.95000076293945	46.95000076293945	2000	2021/10/25 
2021/10/26 	46.95000076293945	47.20000076293945	46.900001525878906	47.150001525878906	11000	2021/10/26 
2021/10/27 	47.0	47.20000076293945	47.0	47.20000076293945	5000	2021/10/27 
2021/10/28 	47.0	47.150001525878906	46.849998474121094	46.95000076293945	5000	2021/10/28 
2021/10/29 	47.0	47.0	47.0	47.0	1000	2021/10/29 
2021/11/01 	47.0	47.04999923706055	47.0	47.04999923706055	3000	2021/11/01 
2021/11/02 	47.04999923706055	47.04999923706055	47.04999923706055	47.04999923706055	0	2021/11/02 
2021/11/03 	46.95000076293945	47.20000076293945	46.900001525878906	47.20000076293945	9000	2021/11/03 
2021/11/04 	47.400001525878906	48.0	46.650001525878906	47.5	115000	2021/11/04 
2021/11/05 	47.5	48.400001525878906	47.04999923706055	47.20000076293945	40000	2021/11/05 
2021/11/08 	47.20000076293945	47.70000076293945	47.0	47.5	5000	2021/11/08 
2021/11/09 	47.04999923706055	47.900001525878906	47.0	47.79999923706055	16000	2021/11/09 
2021/11/10 	47.04999923706055	47.5	47.0	47.20000076293945	19000	2021/11/10 
2021/11/11 	47.20000076293945	47.20000076293945	46.79999923706055	47.20000076293945	12000	2021/11/11 
2021/11/12 	47.099998474121094	47.5	46.75	47.5	5000	2021/11/12 
2021/11/15 	47.5	47.5	47.5	47.5	1000	2021/11/15 
2021/11/16 	46.900001525878906	47.400001525878906	46.849998474121094	47.400001525878906	12000	2021/11/16 
2021/11/17 	46.75	47.400001525878906	46.75	47.400001525878906	9000	2021/11/17 
2021/11/18 	47.54999923706055	47.54999923706055	47.5	47.5	2000	2021/11/18 
2021/11/19 	46.900001525878906	47.400001525878906	46.900001525878906	47.400001525878906	4000	2021/11/19 
2021/11/22 	47.599998474121094	47.599998474121094	47.5	47.5	10000	2021/11/22 
2021/11/23 	47.79999923706055	48.0	47.79999923706055	48.0	12000	2021/11/23 
2021/11/24 	48.0	48.0	48.0	48.0	2000	2021/11/24 
2021/11/25 	48.20000076293945	48.20000076293945	47.25	48.20000076293945	3000	2021/11/25 
2021/11/26 	47.54999923706055	48.400001525878906	47.5	48.400001525878906	6000	2021/11/26 
2021/11/29 	48.20000076293945	48.20000076293945	48.20000076293945	48.20000076293945	1000	2021/11/29 
2021/11/30 	48.150001525878906	48.150001525878906	48.150001525878906	48.150001525878906	1000	2021/11/30 
2021/12/01 	47.5	48.400001525878906	47.25	48.400001525878906	13000	2021/12/01 
2021/12/02 	48.29999923706055	48.29999923706055	48.29999923706055	48.29999923706055	1000	2021/12/02 
2021/12/03 	47.5	48.349998474121094	47.5	48.349998474121094	2000	2021/12/03 
2021/12/06 	48.29999923706055	48.29999923706055	47.5	47.900001525878906	6000	2021/12/06 
2021/12/07 	47.5	48.0	47.0	47.599998474121094	34000	2021/12/07 
2021/12/08 	47.0	47.900001525878906	47.0	47.900001525878906	8000	2021/12/08 
2021/12/09 	47.79999923706055	48.0	47.25	48.0	12000	2021/12/09 
2021/12/10 	47.54999923706055	48.150001525878906	47.5	48.150001525878906	4000	2021/12/10 
2021/12/13 	48.150001525878906	48.150001525878906	48.150001525878906	48.150001525878906	1000	2021/12/13 
2021/12/14 	48.150001525878906	48.150001525878906	48.150001525878906	48.150001525878906	2000	2021/12/14 
2021/12/15 	48.099998474121094	49.70000076293945	48.0	48.70000076293945	48000	2021/12/15 
2021/12/16 	48.70000076293945	48.70000076293945	48.29999923706055	48.29999923706055	8000	2021/12/16 
2021/12/17 	48.20000076293945	48.400001525878906	48.04999923706055	48.150001525878906	6000	2021/12/17 
2021/12/20 	48.29999923706055	48.29999923706055	48.29999923706055	48.29999923706055	1000	2021/12/20 
2021/12/21 	48.29999923706055	48.349998474121094	48.29999923706055	48.349998474121094	2000	2021/12/21 
2021/12/22 	48.400001525878906	48.400001525878906	48.0	48.20000076293945	13000	2021/12/22 
2021/12/23 	48.20000076293945	48.400001525878906	48.20000076293945	48.400001525878906	2000	2021/12/23 
2021/12/24 	48.400001525878906	48.400001525878906	47.75	48.29999923706055	8000	2021/12/24 
2021/12/27 	47.599998474121094	48.25	47.54999923706055	48.25	33000	2021/12/27 
2021/12/28 	48.20000076293945	48.20000076293945	48.0	48.0	5000	2021/12/28 
2021/12/29 	48.0	48.0	48.0	48.0	2000	2021/12/29 
2021/12/30 	48.0	48.0	48.0	48.0	2000	2021/12/30 
2022/01/03 	47.95000076293945	47.95000076293945	47.54999923706055	47.70000076293945	15000	2022/01/03 
2022/01/04 	47.70000076293945	47.900001525878906	47.20000076293945	47.900001525878906	43000	2022/01/04 
2022/01/05 	47.25	47.29999923706055	47.25	47.25	6000	2022/01/05 
2022/01/06 	47.25	48.0	47.25	47.79999923706055	20000	2022/01/06 
2022/01/07 	47.099998474121094	47.849998474121094	47.099998474121094	47.849998474121094	22000	2022/01/07 
2022/01/10 	47.849998474121094	47.849998474121094	47.099998474121094	47.599998474121094	31000	2022/01/10 
2022/01/11 	47.25	47.45000076293945	47.099998474121094	47.29999923706055	23000	2022/01/11 
2022/01/12 	47.400001525878906	47.45000076293945	47.04999923706055	47.400001525878906	16000	2022/01/12 
2022/01/13 	47.599998474121094	47.599998474121094	47.599998474121094	47.599998474121094	1000	2022/01/13 
2022/01/14 	47.599998474121094	47.599998474121094	47.099998474121094	47.099998474121094	8000	2022/01/14 
2022/01/17 	47.150001525878906	47.150001525878906	46.54999923706055	46.79999923706055	36000	2022/01/17 
2022/01/18 	46.79999923706055	46.79999923706055	46.75	46.75	22000	2022/01/18 
2022/01/19 	47.54999923706055	47.54999923706055	46.79999923706055	46.849998474121094	14000	2022/01/19 
2022/01/20 	47.599998474121094	47.599998474121094	47.54999923706055	47.54999923706055	2000	2022/01/20 
2022/01/21 	46.900001525878906	47.54999923706055	46.79999923706055	47.5	23000	2022/01/21 
2022/01/24 	47.5	47.5	47.5	47.5	1000	2022/01/24 
2022/01/25 	47.5	47.599998474121094	47.5	47.5	21000	2022/01/25 
2022/01/26 	47.5	48.0	47.099998474121094	47.5	31000	2022/01/26 
2022/02/07 	47.5	48.04999923706055	47.29999923706055	47.79999923706055	81000	2022/02/07 
2022/02/08 	48.0	48.0	47.650001525878906	47.849998474121094	3000	2022/02/08 
2022/02/09 	47.900001525878906	47.900001525878906	47.900001525878906	47.900001525878906	8000	2022/02/09 
2022/02/10 	48.099998474121094	48.099998474121094	47.70000076293945	48.0	9000	2022/02/10 
2022/02/11 	47.900001525878906	47.900001525878906	47.75	47.79999923706055	4000	2022/02/11 
2022/02/14 	47.599998474121094	47.599998474121094	47.25	47.5	15000	2022/02/14 
2022/02/15 	47.5	47.75	47.349998474121094	47.349998474121094	11000	2022/02/15 
2022/02/16 	47.349998474121094	47.5	47.349998474121094	47.5	22000	2022/02/16 
2022/02/17 	47.5	47.5	47.5	47.5	5000	2022/02/17 
2022/02/18 	47.900001525878906	47.900001525878906	47.70000076293945	47.70000076293945	3000	2022/02/18 
2022/02/21 	47.599998474121094	47.650001525878906	47.599998474121094	47.599998474121094	9000	2022/02/21 
2022/02/22 	47.5	47.650001525878906	47.5	47.650001525878906	21000	2022/02/22 
2022/02/23 	47.5	47.599998474121094	47.400001525878906	47.599998474121094	16000	2022/02/23 
2022/02/24 	47.5	47.5	47.099998474121094	47.45000076293945	14000	2022/02/24 
2022/02/25 	47.45000076293945	47.79999923706055	47.400001525878906	47.79999923706055	17000	2022/02/25 
2022/03/01 	48.29999923706055	48.29999923706055	48.0	48.0	7000	2022/03/01 
2022/03/02 	48.70000076293945	48.70000076293945	47.25	47.70000076293945	22000	2022/03/02 
2022/03/03 	47.70000076293945	48.20000076293945	47.29999923706055	48.20000076293945	22000	2022/03/03 
2022/03/04 	47.650001525878906	48.150001525878906	47.650001525878906	48.150001525878906	7000	2022/03/04 
2022/03/07 	48.099998474121094	48.099998474121094	47.400001525878906	47.95000076293945	5000	2022/03/07 
2022/03/08 	47.349998474121094	47.75	47.349998474121094	47.75	4000	2022/03/08 
2022/03/09 	47.400001525878906	47.79999923706055	47.400001525878906	47.79999923706055	7000	2022/03/09 
2022/03/10 	48.099998474121094	48.099998474121094	47.900001525878906	47.900001525878906	19000	2022/03/10 
2022/03/11 	47.900001525878906	48.75	47.900001525878906	48.599998474121094	16000	2022/03/11 
2022/03/14 	48.0	48.45000076293945	48.0	48.45000076293945	3000	2022/03/14 
2022/03/15 	48.0	48.599998474121094	48.0	48.5	21000	2022/03/15 
2022/03/16 	48.79999923706055	48.79999923706055	48.5	48.5	3000	2022/03/16 
2022/03/17 	48.5	48.5	48.20000076293945	48.45000076293945	15000	2022/03/17 
2022/03/18 	49.0	49.0	48.650001525878906	48.79999923706055	23000	2022/03/18 
2022/03/21 	48.79999923706055	49.20000076293945	48.5	49.0	22000	2022/03/21 
2022/03/22 	48.900001525878906	49.0	48.70000076293945	49.0	4000	2022/03/22 
2022/03/23 	48.599998474121094	49.099998474121094	48.150001525878906	48.75	60000	2022/03/23 
2022/03/24 	48.95000076293945	49.0	48.5	48.849998474121094	13000	2022/03/24 
2022/03/25 	48.900001525878906	48.900001525878906	48.79999923706055	48.849998474121094	15000	2022/03/25 
2022/03/28 	48.150001525878906	48.79999923706055	48.150001525878906	48.79999923706055	6000	2022/03/28 
2022/03/29 	48.75	48.75	48.75	48.75	1000	2022/03/29 
2022/03/30 	48.849998474121094	48.849998474121094	48.70000076293945	48.70000076293945	8000	2022/03/30 
2022/03/31 	48.20000076293945	48.599998474121094	48.20000076293945	48.599998474121094	3000	2022/03/31 
2022/04/01 	48.599998474121094	48.650001525878906	48.5	48.650001525878906	24000	2022/04/01 
2022/04/06 	47.70000076293945	48.75	47.70000076293945	48.5	12000	2022/04/06 
2022/04/07 	48.5	48.5	47.79999923706055	48.5	7000	2022/04/07 
2022/04/08 	48.5	48.5	47.900001525878906	47.900001525878906	6000	2022/04/08 
2022/04/11 	47.5	47.849998474121094	47.150001525878906	47.849998474121094	10000	2022/04/11 
2022/04/12 	47.95000076293945	47.95000076293945	47.400001525878906	47.79999923706055	14000	2022/04/12 
2022/04/13 	47.95000076293945	47.95000076293945	47.5	47.95000076293945	18000	2022/04/13 
2022/04/14 	47.5	47.900001525878906	47.45000076293945	47.900001525878906	9000	2022/04/14 
2022/04/15 	48.099998474121094	48.099998474121094	47.5	48.0	5000	2022/04/15 
2022/04/18 	48.0	48.0	48.0	48.0	1000	2022/04/18 
2022/04/19 	47.29999923706055	48.20000076293945	47.29999923706055	48.20000076293945	51000	2022/04/19 
2022/04/20 	47.54999923706055	48.29999923706055	47.54999923706055	48.0	42000	2022/04/20 
2022/04/21 	47.5	47.849998474121094	47.400001525878906	47.650001525878906	16000	2022/04/21 
2022/04/22 	47.599998474121094	47.75	47.400001525878906	47.400001525878906	12000	2022/04/22 
2022/04/25 	47.599998474121094	47.599998474121094	47.150001525878906	47.150001525878906	8000	2022/04/25 
2022/04/26 	47.25	47.79999923706055	47.099998474121094	47.650001525878906	23000	2022/04/26 
2022/04/27 	47.5	47.5	47.5	47.5	6000	2022/04/27 
2022/04/28 	44.75	47.20000076293945	44.75	47.20000076293945	14000	2022/04/28 
2022/04/29 	46.5	47.29999923706055	46.5	47.25	10000	2022/04/29 
2022/05/03 	47.099998474121094	47.54999923706055	47.099998474121094	47.54999923706055	7000	2022/05/03 
2022/05/04 	47.54999923706055	47.75	47.54999923706055	47.75	3000	2022/05/04 
2022/05/05 	47.650001525878906	47.650001525878906	47.650001525878906	47.650001525878906	1000	2022/05/05 
2022/05/06 	46.54999923706055	47.95000076293945	43.650001525878906	47.25	53000	2022/05/06 
2022/05/09 	46.79999923706055	47.0	46.150001525878906	47.0	17000	2022/05/09 
2022/05/10 	47.0	47.0	47.0	47.0	3000	2022/05/10 
2022/05/11 	47.0	47.0	46.150001525878906	46.5	53000	2022/05/11 
2022/05/12 	46.5	46.900001525878906	46.04999923706055	46.900001525878906	16000	2022/05/12 
2022/05/13 	46.5	47.5	46.0	46.29999923706055	19000	2022/05/13 
2022/05/16 	46.04999923706055	46.04999923706055	45.29999923706055	45.75	17000	2022/05/16 
2022/05/17 	45.95000076293945	47.900001525878906	45.79999923706055	47.70000076293945	22000	2022/05/17 
2022/05/18 	47.70000076293945	47.70000076293945	46.20000076293945	46.400001525878906	8000	2022/05/18 
2022/05/19 	45.20000076293945	45.5	44.75	45.20000076293945	38000	2022/05/19 
2022/05/20 	45.20000076293945	45.900001525878906	45.20000076293945	45.900001525878906	6000	2022/05/20 
2022/05/23 	45.20000076293945	46.0	45.20000076293945	45.599998474121094	9000	2022/05/23 
2022/05/24 	46.900001525878906	47.0	46.150001525878906	46.150001525878906	28000	2022/05/24 
2022/05/25 	46.599998474121094	46.599998474121094	46.20000076293945	46.20000076293945	8000	2022/05/25 
2022/05/26 	46.70000076293945	46.70000076293945	46.70000076293945	46.70000076293945	3000	2022/05/26 
2022/05/27 	47.0	47.0	47.0	47.0	1000	2022/05/27 
2022/05/30 	47.0	47.5	47.0	47.5	3000	2022/05/30 
2022/05/31 	47.5	47.5	47.5	47.5	0	2022/05/31 
2022/06/01 	47.5	47.5	47.5	47.5	1000	2022/06/01 
2022/06/02 	47.349998474121094	47.5	47.349998474121094	47.5	2000	2022/06/02 
2022/06/06 	47.45000076293945	47.45000076293945	47.45000076293945	47.45000076293945	1000	2022/06/06 
2022/06/07 	47.0	47.5	47.0	47.5	3000	2022/06/07 
2022/06/08 	47.5	47.5	47.5	47.5	0	2022/06/08 
2022/06/09 	47.04999923706055	47.75	46.79999923706055	47.75	10000	2022/06/09 
2022/06/10 	47.900001525878906	47.900001525878906	47.900001525878906	47.900001525878906	1000	2022/06/10 
2022/06/13 	47.900001525878906	47.900001525878906	46.75	47.900001525878906	8000	2022/06/13 
2022/06/14 	47.849998474121094	47.849998474121094	47.849998474121094	47.849998474121094	3000	2022/06/14 
2022/06/15 	46.650001525878906	47.95000076293945	46.599998474121094	47.45000076293945	30000	2022/06/15 
2022/06/16 	46.95000076293945	46.95000076293945	46.79999923706055	46.849998474121094	12000	2022/06/16 
2022/06/17 	46.849998474121094	46.849998474121094	46.849998474121094	46.849998474121094	0	2022/06/17 
2022/06/20 	47.0	47.0	46.0	46.0	2000	2022/06/20 
2022/06/21 	47.599998474121094	47.70000076293945	46.25	46.25	73000	2022/06/21 
2022/06/22 	46.95000076293945	47.0	46.95000076293945	47.0	2000	2022/06/22 
2022/06/23 	47.0	47.0	46.79999923706055	46.79999923706055	3000	2022/06/23 
2022/06/24 	47.0	47.0	47.0	47.0	2000	2022/06/24 
2022/06/27 	46.79999923706055	47.29999923706055	46.599998474121094	47.29999923706055	17000	2022/06/27 
2022/06/28 	47.25	47.29999923706055	47.25	47.29999923706055	2000	2022/06/28 
2022/06/29 	47.29999923706055	47.29999923706055	47.29999923706055	47.29999923706055	0	2022/06/29 
2022/06/30 	46.349998474121094	47.0	46.25	47.0	8000	2022/06/30 
2022/07/01 	46.95000076293945	46.95000076293945	46.29999923706055	46.900001525878906	16000	2022/07/01 
2022/07/04 	46.79999923706055	47.150001525878906	46.79999923706055	47.0	11000	2022/07/04 
2022/07/05 	47.0	47.0	45.95000076293945	47.0	25000	2022/07/05 
2022/07/06 	46.95000076293945	47.0	45.650001525878906	46.79999923706055	33000	2022/07/06 
2022/07/07 	46.79999923706055	46.79999923706055	45.75	46.599998474121094	46000	2022/07/07 
2022/07/08 	46.599998474121094	46.95000076293945	46.04999923706055	46.5	22000	2022/07/08 
2022/07/11 	45.599998474121094	45.599998474121094	44.599998474121094	44.599998474121094	102001	2022/07/11 
2022/07/12 	44.5	44.5	43.79999923706055	43.79999923706055	74000	2022/07/12 
2022/07/13 	44.400001525878906	44.400001525878906	43.5	44.0	31000	2022/07/13 
2022/07/14 	43.95000076293945	44.0	43.5	43.5	7000	2022/07/14 
2022/07/15 	43.5	45.400001525878906	42.70000076293945	45.400001525878906	66000	2022/07/15 
2022/07/18 	45.400001525878906	45.400001525878906	43.0	43.0	165000	2022/07/18 
2022/07/19 	43.5	43.849998474121094	43.5	43.849998474121094	4000	2022/07/19 
2022/07/20 	43.04999923706055	43.849998474121094	43.04999923706055	43.849998474121094	2000	2022/07/20 
2022/07/21 	43.95000076293945	43.95000076293945	43.400001525878906	43.400001525878906	11000	2022/07/21 
2022/07/22 	43.400001525878906	43.400001525878906	43.400001525878906	43.400001525878906	7000	2022/07/22 
2022/07/25 	43.400001525878906	43.400001525878906	43.400001525878906	43.400001525878906	10000	2022/07/25 
2022/07/26 	43.5	43.900001525878906	43.150001525878906	43.900001525878906	28000	2022/07/26 
2022/07/27 	43.75	43.75	43.70000076293945	43.70000076293945	11000	2022/07/27 
2022/07/28 	43.70000076293945	43.70000076293945	43.599998474121094	43.599998474121094	18005	2022/07/28 
2022/07/29 	43.599998474121094	43.95000076293945	43.599998474121094	43.95000076293945	14000	2022/07/29 
2022/08/01 	43.95000076293945	44.0	43.75	44.0	15000	2022/08/01 
2022/08/02 	40.29999923706055	40.900001525878906	40.29999923706055	40.900001525878906	9000	2022/08/02 
2022/08/03 	40.349998474121094	41.099998474121094	40.29999923706055	41.099998474121094	10000	2022/08/03 
2022/08/04 	40.099998474121094	41.0	40.099998474121094	40.900001525878906	7000	2022/08/04 
2022/08/05 	41.0	41.0	41.0	41.0	8000	2022/08/05 
2022/08/08 	41.54999923706055	41.54999923706055	41.54999923706055	41.54999923706055	1005	2022/08/08 
2022/08/09 	41.54999923706055	41.54999923706055	41.54999923706055	41.54999923706055	0	2022/08/09 
2022/08/10 	40.0	40.900001525878906	40.0	40.79999923706055	5000	2022/08/10 
2022/08/11 	40.849998474121094	40.849998474121094	40.5	40.599998474121094	13000	2022/08/11 
2022/08/12 	40.400001525878906	42.20000076293945	40.0	42.20000076293945	14000	2022/08/12 
2022/08/15 	42.20000076293945	42.20000076293945	42.20000076293945	42.20000076293945	2000	2022/08/15 
2022/08/16 	42.20000076293945	42.20000076293945	42.20000076293945	42.20000076293945	0	2022/08/16 
2022/08/17 	40.54999923706055	42.0	40.54999923706055	40.849998474121094	10000	2022/08/17 
2022/08/18 	40.25	40.5	40.25	40.349998474121094	8000	2022/08/18 
2022/08/19 	40.349998474121094	40.70000076293945	40.349998474121094	40.70000076293945	2000	2022/08/19 
2022/08/22 	41.0	41.45000076293945	41.0	41.45000076293945	10000	2022/08/22 
2022/08/23 	40.79999923706055	40.79999923706055	40.29999923706055	40.29999923706055	17000	2022/08/23 
2022/08/24 	41.0	41.0	41.0	41.0	2000	2022/08/24 
2022/08/25 	41.0	41.0	39.79999923706055	40.150001525878906	20000	2022/08/25 
2022/08/26 	41.0	41.0	40.20000076293945	40.75	8000	2022/08/26 
2022/08/29 	40.650001525878906	40.650001525878906	39.650001525878906	40.650001525878906	21000	2022/08/29 
2022/08/30 	39.849998474121094	40.599998474121094	39.849998474121094	40.04999923706055	10000	2022/08/30 
2022/08/31 	39.900001525878906	40.95000076293945	39.79999923706055	40.95000076293945	8000	2022/08/31 
2022/09/01 	39.95000076293945	40.0	39.75	39.79999923706055	17000	2022/09/01 
2022/09/02 	41.04999923706055	41.04999923706055	39.75	40.95000076293945	22000	2022/09/02 
2022/09/05 	40.95000076293945	40.95000076293945	40.849998474121094	40.849998474121094	3000	2022/09/05 
2022/09/06 	40.5	40.5	40.5	40.5	2000	2022/09/06 
2022/09/07 	40.54999923706055	40.54999923706055	39.0	39.79999923706055	43000	2022/09/07 
2022/09/08 	40.5	40.5	39.29999923706055	40.29999923706055	27000	2022/09/08 
2022/09/12 	40.25	40.79999923706055	39.099998474121094	40.20000076293945	47000	2022/09/12 
2022/09/13 	39.599998474121094	39.79999923706055	39.400001525878906	39.599998474121094	21000	2022/09/13 
2022/09/14 	39.599998474121094	39.95000076293945	38.650001525878906	39.650001525878906	11000	2022/09/14 
2022/09/15 	39.099998474121094	39.75	39.099998474121094	39.70000076293945	17000	2022/09/15 
2022/09/16 	39.20000076293945	39.5	38.5	39.25	32000	2022/09/16 
2022/09/19 	39.849998474121094	39.849998474121094	38.849998474121094	39.45000076293945	6000	2022/09/19 
2022/09/20 	39.0	39.349998474121094	38.650001525878906	39.0	12000	2022/09/20 
2022/09/21 	39.0	39.0	38.25	38.5	23000	2022/09/21 
2022/09/22 	38.5	38.79999923706055	38.0	38.79999923706055	23000	2022/09/22 
2022/09/23 	38.79999923706055	38.79999923706055	38.5	38.5	3000	2022/09/23 
2022/09/26 	38.5	38.5	37.599998474121094	37.70000076293945	26000	2022/09/26 
2022/09/27 	38.0	38.04999923706055	38.0	38.04999923706055	7000	2022/09/27 
2022/09/28 	37.849998474121094	38.0	37.849998474121094	38.0	5000	2022/09/28 
2022/09/29 	38.0	38.79999923706055	37.79999923706055	38.79999923706055	16000	2022/09/29 
2022/09/30 	38.79999923706055	38.79999923706055	38.400001525878906	38.400001525878906	3000	2022/09/30 
2022/10/03 	37.5	38.79999923706055	37.5	38.79999923706055	2000	2022/10/03 
2022/10/04 	39.0	39.04999923706055	39.0	39.04999923706055	2000	2022/10/04 
2022/10/05 	39.04999923706055	39.04999923706055	39.04999923706055	39.04999923706055	0	2022/10/05 
2022/10/06 	38.95000076293945	38.95000076293945	38.95000076293945	38.95000076293945	1000	2022/10/06 
2022/10/07 	38.5	38.75	38.45000076293945	38.45000076293945	4000	2022/10/07 
2022/10/11 	39.099998474121094	39.099998474121094	39.099998474121094	39.099998474121094	1000	2022/10/11 
2022/10/12 	35.400001525878906	39.099998474121094	35.400001525878906	39.099998474121094	7000	2022/10/12 
2022/10/13 	39.04999923706055	39.04999923706055	39.04999923706055	39.04999923706055	1000	2022/10/13 
2022/10/14 	38.599998474121094	39.099998474121094	38.599998474121094	39.099998474121094	7000	2022/10/14 
2022/10/17 	39.29999923706055	39.29999923706055	38.5	38.849998474121094	4000	2022/10/17 
2022/10/18 	37.5	38.5	37.5	38.5	13000	2022/10/18 
2022/10/19 	38.54999923706055	38.599998474121094	37.70000076293945	38.599998474121094	7000	2022/10/19 
2022/10/20 	37.45000076293945	37.900001525878906	37.45000076293945	37.79999923706055	6000	2022/10/20 
2022/10/21 	36.75	37.599998474121094	36.70000076293945	37.599998474121094	9000	2022/10/21 
2022/10/24 	38.0	38.0	38.0	38.0	1000	2022/10/24 
2022/10/25 	38.0	38.20000076293945	37.849998474121094	37.849998474121094	7000	2022/10/25 
2022/10/26 	38.95000076293945	38.95000076293945	38.95000076293945	38.95000076293945	1000	2022/10/26 
2022/10/27 	38.900001525878906	38.95000076293945	38.900001525878906	38.95000076293945	3000	2022/10/27 
2022/10/28 	37.849998474121094	39.099998474121094	37.849998474121094	39.0	19000	2022/10/28 
2022/10/31 	38.900001525878906	39.349998474121094	38.900001525878906	38.900001525878906	10000	2022/10/31 
2022/11/01 	38.900001525878906	38.900001525878906	38.849998474121094	38.849998474121094	8000	2022/11/01 
2022/11/02 	39.5	39.5	38.29999923706055	39.20000076293945	14000	2022/11/02 
2022/11/03 	39.5	39.5	38.54999923706055	39.29999923706055	10000	2022/11/03 
2022/11/04 	38.54999923706055	39.20000076293945	38.54999923706055	39.20000076293945	4000	2022/11/04 
2022/11/07 	39.25	39.25	38.400001525878906	38.95000076293945	9000	2022/11/07 
2022/11/08 	38.5	38.70000076293945	38.400001525878906	38.70000076293945	7000	2022/11/08 
2022/11/09 	38.349998474121094	38.75	38.29999923706055	38.75	11000	2022/11/09 
2022/11/10 	38.79999923706055	38.79999923706055	38.5	38.70000076293945	8000	2022/11/10 
2022/11/11 	38.70000076293945	39.0	38.70000076293945	39.0	6000	2022/11/11 
2022/11/14 	38.5	38.79999923706055	38.20000076293945	38.79999923706055	9000	2022/11/14 
2022/11/15 	38.04999923706055	38.29999923706055	38.0	38.29999923706055	11000	2022/11/15 
2022/11/16 	38.0	39.29999923706055	37.849998474121094	38.900001525878906	23000	2022/11/16 
2022/11/17 	38.099998474121094	38.25	38.0	38.20000076293945	16000	2022/11/17 
2022/11/18 	38.0	38.099998474121094	38.0	38.099998474121094	3000	2022/11/18 
2022/11/21 	37.95000076293945	37.95000076293945	37.75	37.75	2000	2022/11/21 
2022/11/22 	37.75	37.95000076293945	37.75	37.95000076293945	2000	2022/11/22 
2022/11/23 	38.0	38.0	38.0	38.0	6000	2022/11/23 
2022/11/24 	38.0	39.04999923706055	38.0	38.400001525878906	6000	2022/11/24 
2022/11/25 	38.04999923706055	38.150001525878906	38.0	38.150001525878906	5000	2022/11/25 
2022/11/28 	38.099998474121094	38.099998474121094	38.099998474121094	38.099998474121094	2000	2022/11/28 
2022/11/29 	37.900001525878906	37.900001525878906	37.900001525878906	37.900001525878906	4000	2022/11/29 
2022/11/30 	37.900001525878906	37.900001525878906	37.900001525878906	37.900001525878906	0	2022/11/30 
2022/12/01 	37.70000076293945	37.900001525878906	37.70000076293945	37.900001525878906	5000	2022/12/01 
2022/12/02 	37.900001525878906	37.900001525878906	37.900001525878906	37.900001525878906	2000	2022/12/02 
2022/12/05 	37.900001525878906	38.04999923706055	37.650001525878906	38.04999923706055	31000	2022/12/05 
2022/12/06 	37.54999923706055	38.45000076293945	37.5	38.45000076293945	27000	2022/12/06 
2022/12/07 	39.20000076293945	39.20000076293945	37.400001525878906	37.900001525878906	24000	2022/12/07 
2022/12/08 	37.5	38.20000076293945	37.349998474121094	38.20000076293945	16000	2022/12/08 
2022/12/09 	38.099998474121094	38.099998474121094	37.5	37.54999923706055	10000	2022/12/09 
2022/12/12 	37.400001525878906	37.54999923706055	37.29999923706055	37.54999923706055	10000	2022/12/12 
2022/12/13 	37.400001525878906	37.75	37.400001525878906	37.75	7000	2022/12/13 
2022/12/14 	37.349998474121094	37.70000076293945	37.29999923706055	37.70000076293945	12000	2022/12/14 
2022/12/15 	37.400001525878906	37.45000076293945	37.29999923706055	37.45000076293945	11000	2022/12/15 
2022/12/16 	37.54999923706055	37.75	37.5	37.75	9000	2022/12/16 
2022/12/19 	37.400001525878906	37.599998474121094	37.20000076293945	37.400001525878906	12000	2022/12/19 
2022/12/20 	37.400001525878906	37.400001525878906	37.099998474121094	37.099998474121094	10000	2022/12/20 
2022/12/21 	37.099998474121094	37.400001525878906	37.099998474121094	37.400001525878906	5000	2022/12/21 
2022/12/22 	37.400001525878906	37.400001525878906	37.400001525878906	37.400001525878906	0	2022/12/22 
2022/12/23 	37.849998474121094	37.849998474121094	37.0	37.5	5000	2022/12/23 
2022/12/26 	37.5	37.5	37.5	37.5	0	2022/12/26 
2022/12/27 	37.25	37.25	37.25	37.25	1000	2022/12/27 
2022/12/28 	37.25	37.400001525878906	37.25	37.349998474121094	4000	2022/12/28 
2022/12/29 	37.25	37.25	37.099998474121094	37.099998474121094	3000	2022/12/29 
2022/12/30 	37.099998474121094	37.099998474121094	37.099998474121094	37.099998474121094	0	2022/12/30 
2023/01/03 	37.150001525878906	37.5	37.150001525878906	37.5	3000	2023/01/03 
2023/01/04 	37.5	37.849998474121094	37.5	37.5	3000	2023/01/04 
2023/01/05 	37.5	37.5	37.5	37.5	2000	2023/01/05 
2023/01/06 	37.79999923706055	37.79999923706055	37.54999923706055	37.54999923706055	2000	2023/01/06 
2023/01/09 	37.54999923706055	37.54999923706055	37.150001525878906	37.29999923706055	5000	2023/01/09 
2023/01/10 	37.5	37.5	37.150001525878906	37.349998474121094	4000	2023/01/10 
2023/01/11 	37.099998474121094	37.849998474121094	37.04999923706055	37.849998474121094	18000	2023/01/11 
2023/01/12 	38.25	38.29999923706055	38.099998474121094	38.150001525878906	5000	2023/01/12 
2023/01/13 	37.099998474121094	37.900001525878906	37.0	37.900001525878906	52150	2023/01/13 
2023/01/16 	37.900001525878906	37.900001525878906	37.900001525878906	37.900001525878906	0	2023/01/16 
2023/01/17 	38.20000076293945	38.25	38.20000076293945	38.20000076293945	3000	2023/01/17 
2023/01/30 	38.20000076293945	38.20000076293945	36.650001525878906	36.900001525878906	46015	2023/01/30 
2023/01/31 	36.79999923706055	37.25	36.70000076293945	37.25	18000	2023/01/31 
2023/02/01 	36.79999923706055	36.95000076293945	36.54999923706055	36.79999923706055	42010	2023/02/01 
2023/02/02 	36.95000076293945	37.75	36.95000076293945	37.75	8015	2023/02/02 
2023/02/03 	38.0	38.0	37.04999923706055	37.849998474121094	10010	2023/02/03 
2023/02/06 	37.900001525878906	37.900001525878906	37.849998474121094	37.849998474121094	9015	2023/02/06 
2023/02/07 	37.79999923706055	37.79999923706055	37.5	37.70000076293945	7000	2023/02/07 
2023/02/08 	37.150001525878906	37.150001525878906	36.75	37.099998474121094	50015	2023/02/08 
2023/02/09 	37.099998474121094	37.400001525878906	37.099998474121094	37.400001525878906	7000	2023/02/09 
2023/02/10 	37.349998474121094	37.349998474121094	37.349998474121094	37.349998474121094	1000	2023/02/10 
2023/02/13 	37.349998474121094	37.349998474121094	37.20000076293945	37.20000076293945	2000	2023/02/13 
2023/02/14 	38.0	38.0	37.29999923706055	37.900001525878906	17000	2023/02/14 
2023/02/15 	37.900001525878906	37.900001525878906	37.599998474121094	37.599998474121094	11000	2023/02/15 
2023/02/16 	37.79999923706055	37.79999923706055	37.79999923706055	37.79999923706055	7000	2023/02/16 
2023/02/17 	38.0	38.20000076293945	37.79999923706055	37.95000076293945	44004	2023/02/17 
2023/02/20 	38.0	38.0	38.0	38.0	4000	2023/02/20 
2023/02/21 	38.04999923706055	38.04999923706055	37.900001525878906	38.04999923706055	5000	2023/02/21 
2023/02/22 	38.04999923706055	38.099998474121094	37.95000076293945	38.099998474121094	16000	2023/02/22 
2023/02/23 	38.5	39.900001525878906	38.25	39.900001525878906	28000	2023/02/23 
2023/02/24 	40.20000076293945	40.20000076293945	38.70000076293945	39.849998474121094	6000	2023/02/24 
2023/03/01 	38.70000076293945	39.25	38.650001525878906	39.25	8000	2023/03/01 
2023/03/02 	40.25	40.25	38.849998474121094	39.900001525878906	10000	2023/03/02 
2023/03/03 	40.099998474121094	40.099998474121094	39.29999923706055	39.599998474121094	20006	2023/03/03 
2023/03/06 	39.599998474121094	39.75	38.599998474121094	39.75	20000	2023/03/06 
2023/03/07 	39.75	39.900001525878906	39.45000076293945	39.45000076293945	15000	2023/03/07 
2023/03/08 	39.79999923706055	39.79999923706055	39.599998474121094	39.75	4000	2023/03/08 
2023/03/09 	40.0	40.04999923706055	39.150001525878906	39.599998474121094	8000	2023/03/09 
2023/03/10 	39.650001525878906	39.650001525878906	38.79999923706055	39.599998474121094	7000	2023/03/10 
2023/03/13 	39.349998474121094	39.599998474121094	39.349998474121094	39.599998474121094	2000	2023/03/13 
2023/03/14 	39.04999923706055	39.400001525878906	39.0	39.400001525878906	9000	2023/03/14 
2023/03/15 	39.0	39.150001525878906	39.0	39.150001525878906	2000	2023/03/15 
2023/03/16 	38.75	38.75	38.29999923706055	38.75	7000	2023/03/16 
2023/03/17 	38.650001525878906	39.650001525878906	38.29999923706055	38.75	11000	2023/03/17 
2023/03/20 	39.849998474121094	39.849998474121094	39.849998474121094	39.849998474121094	1000	2023/03/20 
2023/03/21 	39.849998474121094	39.849998474121094	39.849998474121094	39.849998474121094	0	2023/03/21 
2023/03/22 	40.0	40.0	39.650001525878906	39.900001525878906	7000	2023/03/22 
2023/03/23 	39.5	39.5	38.900001525878906	39.45000076293945	15000	2023/03/23 
2023/03/24 	39.400001525878906	39.400001525878906	39.400001525878906	39.400001525878906	1000	2023/03/24 
2023/03/27 	39.400001525878906	39.75	38.900001525878906	39.5	28000	2023/03/27 
2023/03/28 	39.099998474121094	39.79999923706055	39.0	39.79999923706055	21000	2023/03/28 
2023/03/29 	39.75	39.75	39.75	39.75	1000	2023/03/29 
2023/03/30 	39.849998474121094	39.849998474121094	39.29999923706055	39.650001525878906	10000	2023/03/30 
2023/03/31 	39.70000076293945	39.79999923706055	39.70000076293945	39.79999923706055	29020	2023/03/31 
2023/04/06 	39.79999923706055	39.79999923706055	39.79999923706055	39.79999923706055	1000	2023/04/06 
2023/04/07 	40.0	40.0	39.29999923706055	39.849998474121094	11000	2023/04/07 
2023/04/10 	39.599998474121094	39.900001525878906	39.54999923706055	39.900001525878906	4000	2023/04/10 
2023/04/11 	39.95000076293945	40.0	39.599998474121094	40.0	27000	2023/04/11 
2023/04/12 	40.0	40.349998474121094	39.79999923706055	40.349998474121094	26000	2023/04/12 
2023/04/13 	40.45000076293945	40.45000076293945	40.45000076293945	40.45000076293945	3000	2023/04/13 
2023/04/14 	40.45000076293945	40.45000076293945	40.20000076293945	40.400001525878906	17000	2023/04/14 
2023/04/17 	40.400001525878906	40.5	40.349998474121094	40.349998474121094	18000	2023/04/17 
2023/04/18 	40.349998474121094	40.349998474121094	40.349998474121094	40.349998474121094	8215	2023/04/18 
2023/04/19 	40.400001525878906	40.400001525878906	40.0	40.400001525878906	25010	2023/04/19 
2023/04/20 	40.0	43.04999923706055	40.0	41.79999923706055	27000	2023/04/20 
2023/04/21 	41.79999923706055	41.79999923706055	40.599998474121094	40.95000076293945	12000	2023/04/21 
2023/04/24 	41.20000076293945	41.900001525878906	40.599998474121094	40.599998474121094	44000	2023/04/24 
2023/04/25 	41.79999923706055	41.79999923706055	40.599998474121094	41.349998474121094	4000	2023/04/25 
2023/04/26 	41.29999923706055	41.29999923706055	40.650001525878906	41.20000076293945	8000	2023/04/26 
2023/04/27 	41.849998474121094	41.849998474121094	41.75	41.75	2001	2023/04/27 
2023/04/28 	40.75	41.54999923706055	40.70000076293945	41.5	10000	2023/04/28 
2023/05/02 	41.20000076293945	41.849998474121094	41.20000076293945	41.849998474121094	2000	2023/05/02 
2023/05/03 	41.20000076293945	41.54999923706055	41.20000076293945	41.45000076293945	10000	2023/05/03 
2023/05/04 	41.75	41.75	41.25	41.5	12000	2023/05/04 
2023/05/05 	41.70000076293945	41.70000076293945	41.099998474121094	41.5	13000	2023/05/05 
2023/05/08 	41.5	41.5	41.0	41.20000076293945	28000	2023/05/08 
2023/05/09 	41.599998474121094	41.599998474121094	40.849998474121094	41.29999923706055	35000	2023/05/09 
2023/05/10 	41.95000076293945	41.95000076293945	41.29999923706055	41.29999923706055	18000	2023/05/10 
2023/05/11 	41.54999923706055	41.54999923706055	40.95000076293945	41.25	10000	2023/05/11 
2023/05/12 	41.849998474121094	41.849998474121094	41.0	41.5	6000	2023/05/12 
2023/05/15 	41.349998474121094	41.70000076293945	41.25	41.54999923706055	93000	2023/05/15 
2023/05/16 	41.5	41.599998474121094	41.400001525878906	41.599998474121094	8152	2023/05/16 
2023/05/17 	41.75	42.0	41.599998474121094	41.849998474121094	24000	2023/05/17 
2023/05/18 	41.95000076293945	42.0	41.25	41.900001525878906	27000	2023/05/18 
2023/05/19 	42.0	42.0	41.900001525878906	42.0	17000	2023/05/19 
2023/05/22 	42.0	42.0	41.95000076293945	42.0	5000	2023/05/22 
2023/05/23 	42.0	42.349998474121094	42.0	42.099998474121094	18000	2023/05/23 
2023/05/24 	42.20000076293945	42.20000076293945	42.0	42.20000076293945	27000	2023/05/24 
2023/05/25 	42.25	43.20000076293945	42.20000076293945	42.5	24000	2023/05/25 
2023/05/26 	42.70000076293945	43.0	41.20000076293945	43.0	15000	2023/05/26 
2023/05/29 	43.20000076293945	43.20000076293945	42.79999923706055	43.0	17000	2023/05/29 
2023/05/30 	43.099998474121094	43.20000076293945	42.099998474121094	43.0	29000	2023/05/30 
2023/05/31 	43.099998474121094	43.099998474121094	42.45000076293945	42.900001525878906	3000	2023/05/31 
2023/06/01 	42.95000076293945	42.95000076293945	42.900001525878906	42.900001525878906	6000	2023/06/01 
2023/06/02 	42.95000076293945	43.0	42.79999923706055	43.0	9000	2023/06/02 
2023/06/05 	43.0	43.099998474121094	42.20000076293945	43.0	15000	2023/06/05 
2023/06/06 	42.349998474121094	43.099998474121094	42.29999923706055	43.0	16000	2023/06/06 
2023/06/07 	42.45000076293945	42.79999923706055	42.349998474121094	42.75	21000	2023/06/07 
2023/06/08 	42.75	42.849998474121094	42.29999923706055	42.849998474121094	24000	2023/06/08 
2023/06/09 	42.79999923706055	42.79999923706055	42.400001525878906	42.599998474121094	21070	2023/06/09 
2023/06/12 	42.79999923706055	42.79999923706055	42.04999923706055	42.599998474121094	15000	2023/06/12 
2023/06/13 	42.599998474121094	42.650001525878906	42.400001525878906	42.599998474121094	11000	2023/06/13 
2023/06/14 	42.5	42.599998474121094	42.25	42.45000076293945	10000	2023/06/14 
2023/06/15 	42.20000076293945	42.54999923706055	42.150001525878906	42.54999923706055	9000	2023/06/15 
2023/06/16 	42.599998474121094	42.599998474121094	42.29999923706055	42.29999923706055	6000	2023/06/16 
2023/06/19 	42.54999923706055	42.54999923706055	42.5	42.5	5000	2023/06/19 
2023/06/20 	42.150001525878906	42.29999923706055	42.150001525878906	42.29999923706055	6000	2023/06/20 
2023/06/21 	42.099998474121094	42.900001525878906	42.099998474121094	42.900001525878906	22010	2023/06/21 
