Date	Open	High	Low	Close	Volume	Date
2018/01/16 	84.97000122070312	103.0	80.0	84.97000122070312	434491	2018/01/16 
2018/01/17 	79.51000213623047	83.66999816894531	76.7300033569336	79.51000213623047	78063	2018/01/17 
2018/01/18 	80.0	83.5	79.5999984741211	80.0	22000	2018/01/18 
2018/01/19 	81.0	83.66999816894531	80.5	81.0	27200	2018/01/19 
2018/01/22 	80.0	81.5	78.0	80.0	41050	2018/01/22 
2018/01/23 	78.91000366210938	80.0	78.91000366210938	78.91000366210938	11203	2018/01/23 
2018/01/24 	78.91000366210938	80.0	78.91000366210938	78.91000366210938	9000	2018/01/24 
2018/01/25 	79.01000213623047	81.0	78.91000366210938	79.01000213623047	15000	2018/01/25 
2018/01/26 	79.5	80.0	79.19999694824219	79.5	51000	2018/01/26 
2018/01/29 	79.5	80.0	79.01000213623047	79.5	12000	2018/01/29 
2018/01/30 	78.5	80.0	78.0	78.5	6000	2018/01/30 
2018/01/31 	79.0	79.0	76.91000366210938	79.0	17100	2018/01/31 
2018/02/01 	77.0	78.0	76.01000213623047	77.0	11200	2018/02/01 
2018/02/02 	76.19999694824219	77.0	76.19999694824219	76.19999694824219	7000	2018/02/02 
2018/02/05 	75.0	76.0	75.0	75.0	12000	2018/02/05 
2018/02/06 	73.5	73.5	73.5	73.5	1000	2018/02/06 
2018/02/07 	73.01000213623047	73.01000213623047	73.01000213623047	73.01000213623047	1000	2018/02/07 
2018/02/08 	73.5	73.5	73.01000213623047	73.5	16000	2018/02/08 
2018/02/09 	73.5	73.5	73.5	73.5	0	2018/02/09 
2018/02/12 	74.0	74.0	74.0	74.0	2000	2018/02/12 
2018/02/21 	74.0	74.0	74.0	74.0	0	2018/02/21 
2018/02/22 	74.0	74.5	72.5	74.0	7000	2018/02/22 
2018/02/23 	73.5	73.5	72.5	73.5	2100	2018/02/23 
2018/02/26 	72.0	72.0	72.0	72.0	1050	2018/02/26 
2018/02/27 	72.0	72.0	72.0	72.0	1000	2018/02/27 
2018/03/01 	72.0	72.0	72.0	72.0	0	2018/03/01 
2018/03/02 	72.0	72.0	72.0	72.0	0	2018/03/02 
2018/03/05 	72.0	72.0	72.0	72.0	0	2018/03/05 
2018/03/06 	72.0	72.5	72.0	72.0	2000	2018/03/06 
2018/03/07 	72.19999694824219	72.5	72.19999694824219	72.19999694824219	3000	2018/03/07 
2018/03/08 	72.30000305175781	72.30000305175781	72.0	72.30000305175781	3000	2018/03/08 
2018/03/09 	72.30000305175781	72.30000305175781	72.30000305175781	72.30000305175781	0	2018/03/09 
2018/03/12 	71.51000213623047	72.0	71.51000213623047	71.51000213623047	5000	2018/03/12 
2018/03/13 	71.51000213623047	71.51000213623047	71.51000213623047	71.51000213623047	1000	2018/03/13 
2018/03/14 	71.0	71.25	70.80000305175781	71.0	5000	2018/03/14 
2018/03/15 	71.0	71.0	71.0	71.0	0	2018/03/15 
2018/03/16 	71.0	71.7699966430664	71.0	71.0	2000	2018/03/16 
2018/03/19 	72.0	72.0	71.4000015258789	72.0	12010	2018/03/19 
2018/03/20 	72.0	72.0	72.0	72.0	0	2018/03/20 
2018/03/21 	72.0	72.0	72.0	72.0	0	2018/03/21 
2018/03/22 	71.19999694824219	71.19999694824219	71.0	71.19999694824219	4000	2018/03/22 
2018/03/23 	70.0	70.0	70.0	70.0	1000	2018/03/23 
2018/03/26 	72.0	72.0	72.0	72.0	20	2018/03/26 
2018/03/27 	73.01000213623047	73.47000122070312	71.0	73.01000213623047	30000	2018/03/27 
2018/03/28 	71.0	73.01000213623047	71.0	71.0	20300	2018/03/28 
2018/03/29 	73.98999786376953	73.98999786376953	71.19999694824219	73.98999786376953	2005	2018/03/29 
2018/03/30 	73.98999786376953	73.98999786376953	73.98999786376953	73.98999786376953	0	2018/03/30 
2018/04/02 	73.98999786376953	73.98999786376953	73.98999786376953	73.98999786376953	0	2018/04/02 
2018/04/03 	71.76000213623047	71.76000213623047	71.76000213623047	71.76000213623047	1000	2018/04/03 
2018/04/09 	70.51000213623047	71.0	70.51000213623047	70.51000213623047	11000	2018/04/09 
2018/04/10 	70.51000213623047	72.0	70.51000213623047	70.51000213623047	13000	2018/04/10 
2018/04/11 	70.30000305175781	71.0	70.30000305175781	70.30000305175781	11000	2018/04/11 
2018/04/12 	69.47000122070312	70.58999633789062	68.0	69.47000122070312	24060	2018/04/12 
2018/04/13 	69.47000122070312	69.47000122070312	69.47000122070312	69.47000122070312	0	2018/04/13 
2018/04/16 	70.4000015258789	70.4000015258789	70.4000015258789	70.4000015258789	16	2018/04/16 
2018/04/17 	70.4000015258789	70.4000015258789	70.4000015258789	70.4000015258789	1003	2018/04/17 
2018/04/18 	70.4000015258789	70.4000015258789	70.4000015258789	70.4000015258789	17	2018/04/18 
2018/04/19 	70.0999984741211	70.0999984741211	68.61000061035156	70.0999984741211	4000	2018/04/19 
2018/04/20 	69.0	69.0	69.0	69.0	6000	2018/04/20 
2018/04/23 	69.80000305175781	69.80000305175781	68.0	69.80000305175781	3000	2018/04/23 
2018/04/24 	69.4000015258789	69.4000015258789	68.0	69.4000015258789	7000	2018/04/24 
2018/04/25 	68.0	69.29000091552734	68.0	68.0	7000	2018/04/25 
2018/04/26 	68.0	69.0	68.0	68.0	3000	2018/04/26 
2018/04/27 	68.0	68.0	68.0	68.0	0	2018/04/27 
2018/04/30 	68.98999786376953	68.98999786376953	68.0	68.98999786376953	17400	2018/04/30 
2018/05/02 	68.0	68.0	67.11000061035156	68.0	8000	2018/05/02 
2018/05/03 	68.0	68.0	68.0	68.0	0	2018/05/03 
2018/05/04 	67.5999984741211	67.88999938964844	67.5999984741211	67.5999984741211	12000	2018/05/04 
2018/05/07 	67.5999984741211	67.5999984741211	67.5999984741211	67.5999984741211	0	2018/05/07 
2018/05/08 	67.5999984741211	67.5999984741211	67.5999984741211	67.5999984741211	0	2018/05/08 
2018/05/09 	67.5999984741211	67.5999984741211	67.5999984741211	67.5999984741211	0	2018/05/09 
2018/05/10 	66.0	67.08000183105469	66.0	66.0	15000	2018/05/10 
2018/05/11 	65.0	65.0999984741211	64.0	65.0	25000	2018/05/11 
2018/05/14 	63.9900016784668	63.9900016784668	63.70000076293945	63.9900016784668	7000	2018/05/14 
2018/05/15 	63.9900016784668	63.9900016784668	63.9900016784668	63.9900016784668	0	2018/05/15 
2018/05/16 	63.970001220703125	63.970001220703125	63.970001220703125	63.970001220703125	1000	2018/05/16 
2018/05/17 	63.70000076293945	63.970001220703125	63.70000076293945	63.70000076293945	1050	2018/05/17 
2018/05/18 	61.5	61.5	61.5	61.5	3421	2018/05/18 
2018/05/21 	60.5	62.5	60.0	60.5	671050	2018/05/21 
2018/05/22 	62.0	62.0	60.25	62.0	505000	2018/05/22 
2018/05/23 	63.13999938964844	63.13999938964844	63.13999938964844	63.13999938964844	6000	2018/05/23 
2018/05/24 	61.11000061035156	61.11000061035156	60.25	61.11000061035156	288000	2018/05/24 
2018/05/25 	65.0	65.5	60.25	65.0	1148000	2018/05/25 
2018/05/28 	69.25	69.25	64.51000213623047	69.25	22011	2018/05/28 
2018/05/29 	66.61000061035156	67.0	66.61000061035156	66.61000061035156	13001	2018/05/29 
2018/05/30 	66.70999908447266	69.98999786376953	66.61000061035156	66.70999908447266	8100	2018/05/30 
2018/05/31 	69.0	70.0	68.0	69.0	16000	2018/05/31 
2018/06/01 	71.3499984741211	71.3499984741211	69.0	71.3499984741211	8050	2018/06/01 
2018/06/04 	70.0	71.3499984741211	70.0	70.0	28000	2018/06/04 
2018/06/05 	72.0	73.0	72.0	72.0	6010	2018/06/05 
2018/06/06 	73.08999633789062	73.08999633789062	70.0	73.08999633789062	6020	2018/06/06 
2018/06/07 	71.0	71.0	69.51000213623047	71.0	17000	2018/06/07 
2018/06/08 	73.08999633789062	73.08999633789062	70.69999694824219	73.08999633789062	4010	2018/06/08 
2018/06/11 	70.0	71.0	69.51000213623047	70.0	9010	2018/06/11 
2018/06/12 	70.0	70.0	69.51000213623047	70.0	32000	2018/06/12 
2018/06/13 	70.0	70.0	69.51000213623047	70.0	71100	2018/06/13 
2018/06/14 	69.48999786376953	69.51000213623047	69.48999786376953	69.48999786376953	10200	2018/06/14 
2018/06/15 	67.0	69.98999786376953	67.0	67.0	15000	2018/06/15 
2018/06/19 	67.0	67.0	67.0	67.0	1000	2018/06/19 
2018/06/20 	67.0	67.0	67.0	67.0	0	2018/06/20 
2018/06/21 	65.5	69.98999786376953	65.5	65.5	39100	2018/06/21 
2018/06/22 	65.5	65.5	65.0	65.5	6000	2018/06/22 
2018/06/25 	65.69000244140625	65.69000244140625	65.12000274658203	65.69000244140625	12000	2018/06/25 
2018/06/26 	64.51000213623047	64.69999694824219	64.51000213623047	64.51000213623047	12000	2018/06/26 
2018/06/27 	64.51000213623047	64.51000213623047	64.51000213623047	64.51000213623047	0	2018/06/27 
2018/06/28 	64.30000305175781	64.5	63.79999923706055	64.30000305175781	58000	2018/06/28 
2018/06/29 	64.30000305175781	64.30000305175781	64.30000305175781	64.30000305175781	0	2018/06/29 
2018/07/02 	62.599998474121094	62.599998474121094	62.599998474121094	62.599998474121094	1000	2018/07/02 
2018/07/03 	63.5099983215332	64.0	63.5099983215332	63.5099983215332	4000	2018/07/03 
2018/07/04 	63.7599983215332	63.7599983215332	63.7599983215332	63.7599983215332	1000	2018/07/04 
2018/07/05 	63.0	63.4900016784668	63.0	63.0	6000	2018/07/05 
2018/07/06 	63.20000076293945	63.20000076293945	63.20000076293945	63.20000076293945	1000	2018/07/06 
2018/07/09 	63.20000076293945	63.20000076293945	63.20000076293945	63.20000076293945	0	2018/07/09 
2018/07/10 	62.0	62.0	61.79999923706055	62.0	11000	2018/07/10 
2018/07/11 	60.0	60.0	60.0	60.0	100	2018/07/11 
2018/07/12 	60.0	60.0	60.0	60.0	1000	2018/07/12 
2018/07/13 	61.0	61.5	60.0	61.0	8000	2018/07/13 
2018/07/16 	61.0	61.0	61.0	61.0	0	2018/07/16 
2018/07/17 	62.0	63.0	61.0	62.0	147000	2018/07/17 
2018/07/18 	61.130001068115234	61.130001068115234	61.130001068115234	61.130001068115234	1000	2018/07/18 
2018/07/19 	61.130001068115234	61.130001068115234	61.130001068115234	61.130001068115234	0	2018/07/19 
2018/07/20 	63.900001525878906	63.900001525878906	63.900001525878906	63.900001525878906	5000	2018/07/20 
2018/07/23 	64.5	65.4000015258789	64.20999908447266	64.5	9000	2018/07/23 
2018/07/24 	64.5	65.0	63.40999984741211	64.5	28000	2018/07/24 
2018/07/25 	63.0099983215332	65.25	63.0099983215332	63.0099983215332	123000	2018/07/25 
2018/07/26 	62.79999923706055	64.30000305175781	61.5099983215332	62.79999923706055	299000	2018/07/26 
2018/07/27 	62.599998474121094	62.599998474121094	61.5099983215332	62.599998474121094	10000	2018/07/27 
2018/07/30 	63.0	63.0	62.61000061035156	63.0	14000	2018/07/30 
2018/07/31 	62.619998931884766	62.619998931884766	62.619998931884766	62.619998931884766	2000	2018/07/31 
2018/08/01 	64.98999786376953	64.98999786376953	62.599998474121094	64.98999786376953	27000	2018/08/01 
2018/08/02 	64.98999786376953	64.98999786376953	64.98999786376953	64.98999786376953	6000	2018/08/02 
2018/08/03 	63.599998474121094	63.599998474121094	63.599998474121094	63.599998474121094	9000	2018/08/03 
2018/08/06 	64.7300033569336	64.7300033569336	64.0999984741211	64.7300033569336	11000	2018/08/06 
2018/08/07 	63.790000915527344	65.0	62.61000061035156	63.790000915527344	42000	2018/08/07 
2018/08/08 	63.79999923706055	64.5	62.810001373291016	63.79999923706055	45000	2018/08/08 
2018/08/09 	63.0099983215332	63.790000915527344	63.0	63.0099983215332	20000	2018/08/09 
2018/08/10 	63.0	63.4900016784668	62.209999084472656	63.0	21000	2018/08/10 
2018/08/13 	61.880001068115234	62.790000915527344	60.5099983215332	61.880001068115234	25000	2018/08/13 
2018/08/14 	62.790000915527344	62.790000915527344	61.66999816894531	62.790000915527344	10000	2018/08/14 
2018/08/15 	61.20000076293945	63.5	60.0	61.20000076293945	48700	2018/08/15 
2018/08/16 	61.5	61.79999923706055	60.0	61.5	34000	2018/08/16 
2018/08/17 	62.63999938964844	62.9900016784668	60.5099983215332	62.63999938964844	18000	2018/08/17 
2018/08/20 	61.20000076293945	62.97999954223633	60.0099983215332	61.20000076293945	84040	2018/08/20 
2018/08/21 	60.29999923706055	61.2400016784668	59.90999984741211	60.29999923706055	79100	2018/08/21 
2018/08/22 	60.0	60.2400016784668	58.810001373291016	60.0	74000	2018/08/22 
2018/08/23 	59.5099983215332	59.5099983215332	58.40999984741211	59.5099983215332	75000	2018/08/23 
2018/08/24 	60.5	63.150001525878906	58.40999984741211	60.5	534834	2018/08/24 
2018/08/27 	66.98999786376953	66.98999786376953	63.0	66.98999786376953	61800	2018/08/27 
2018/08/28 	64.5	66.98999786376953	63.79999923706055	64.5	114207	2018/08/28 
2018/08/29 	64.98999786376953	64.98999786376953	63.0	64.98999786376953	3007	2018/08/29 
2018/08/30 	65.98999786376953	67.3499984741211	64.5	65.98999786376953	28400	2018/08/30 
2018/08/31 	64.77999877929688	65.48999786376953	64.0	64.77999877929688	24034	2018/08/31 
2018/09/03 	63.209999084472656	64.77999877929688	63.0	63.209999084472656	824401	2018/09/03 
2018/09/04 	64.01000213623047	65.19000244140625	63.599998474121094	64.01000213623047	411000	2018/09/04 
2018/09/05 	66.18000030517578	66.19000244140625	63.02000045776367	66.18000030517578	10318	2018/09/05 
2018/09/06 	63.599998474121094	66.18000030517578	63.0099983215332	63.599998474121094	218222	2018/09/06 
2018/09/07 	63.5	65.9800033569336	63.02000045776367	63.5	7102	2018/09/07 
2018/09/10 	63.060001373291016	64.0	63.040000915527344	63.060001373291016	169010	2018/09/10 
2018/09/11 	63.599998474121094	63.599998474121094	63.060001373291016	63.599998474121094	112000	2018/09/11 
2018/09/12 	63.599998474121094	63.599998474121094	63.599998474121094	63.599998474121094	0	2018/09/12 
2018/09/13 	64.0	65.97000122070312	63.5	64.0	34000	2018/09/13 
2018/09/14 	63.5	63.5	63.5	63.5	5000	2018/09/14 
2018/09/17 	63.5	63.5	63.5	63.5	0	2018/09/17 
2018/09/18 	64.5	65.01000213623047	64.5	64.5	5000	2018/09/18 
2018/09/19 	65.0	66.19999694824219	64.5	65.0	41000	2018/09/19 
2018/09/20 	64.11000061035156	66.1500015258789	64.11000061035156	64.11000061035156	72000	2018/09/20 
2018/09/21 	64.20999908447266	65.9800033569336	64.20999908447266	64.20999908447266	13000	2018/09/21 
2018/09/25 	64.51000213623047	65.94999694824219	64.51000213623047	64.51000213623047	2000	2018/09/25 
2018/09/26 	63.52000045776367	65.0	63.52000045776367	63.52000045776367	41000	2018/09/26 
2018/09/27 	64.69999694824219	65.0	63.5099983215332	64.69999694824219	262000	2018/09/27 
2018/09/28 	64.0199966430664	65.98999786376953	64.0199966430664	64.0199966430664	11597	2018/09/28 
2018/10/01 	65.98999786376953	65.98999786376953	65.98999786376953	65.98999786376953	3000	2018/10/01 
2018/10/02 	64.01000213623047	64.01000213623047	64.01000213623047	64.01000213623047	2000	2018/10/02 
2018/10/03 	64.0199966430664	64.0199966430664	64.0199966430664	64.0199966430664	8000	2018/10/03 
2018/10/04 	64.0199966430664	64.0199966430664	64.0199966430664	64.0199966430664	0	2018/10/04 
2018/10/05 	64.4000015258789	64.4000015258789	64.02999877929688	64.4000015258789	16000	2018/10/05 
2018/10/08 	63.52000045776367	63.529998779296875	63.5099983215332	63.52000045776367	39000	2018/10/08 
2018/10/09 	63.529998779296875	64.0	63.52000045776367	63.529998779296875	7000	2018/10/09 
2018/10/11 	60.79999923706055	63.529998779296875	60.79999923706055	60.79999923706055	61700	2018/10/11 
2018/10/12 	60.5	61.09000015258789	59.5099983215332	60.5	18000	2018/10/12 
2018/10/15 	60.0099983215332	60.5	60.0	60.0099983215332	7000	2018/10/15 
2018/10/16 	62.08000183105469	62.08000183105469	60.209999084472656	62.08000183105469	4000	2018/10/16 
2018/10/17 	60.5	62.619998931884766	60.0	60.5	28000	2018/10/17 
2018/10/18 	61.0099983215332	62.619998931884766	60.5	61.0099983215332	74000	2018/10/18 
2018/10/19 	62.20000076293945	65.0	61.5	62.20000076293945	112000	2018/10/19 
2018/10/22 	64.97000122070312	65.0	63.5	64.97000122070312	118000	2018/10/22 
2018/10/23 	65.0	65.0	62.20000076293945	65.0	52000	2018/10/23 
2018/10/24 	62.5	62.5	62.209999084472656	62.5	4000	2018/10/24 
2018/10/25 	61.0	62.5	60.5	61.0	29000	2018/10/25 
2018/10/26 	60.70000076293945	60.70000076293945	59.810001373291016	60.70000076293945	2000	2018/10/26 
2018/10/29 	60.70000076293945	60.70000076293945	60.70000076293945	60.70000076293945	0	2018/10/29 
2018/10/30 	59.290000915527344	61.9900016784668	58.79999923706055	59.290000915527344	46000	2018/10/30 
2018/10/31 	59.5	60.4900016784668	59.099998474121094	59.5	26500	2018/10/31 
2018/11/01 	60.0	60.5	59.5	60.0	26000	2018/11/01 
2018/11/02 	60.0099983215332	60.0099983215332	59.70000076293945	60.0099983215332	5000	2018/11/02 
2018/11/05 	60.0	61.4900016784668	59.209999084472656	60.0	40000	2018/11/05 
2018/11/06 	59.70000076293945	60.099998474121094	59.209999084472656	59.70000076293945	55000	2018/11/06 
2018/11/07 	58.5	59.02000045776367	58.0099983215332	58.5	39000	2018/11/07 
2018/11/08 	59.0	59.0	58.9900016784668	59.0	10000	2018/11/08 
2018/11/09 	59.0	59.0	59.0	59.0	0	2018/11/09 
2018/11/12 	59.0	59.099998474121094	58.029998779296875	59.0	8000	2018/11/12 
2018/11/13 	60.400001525878906	60.400001525878906	59.0	60.400001525878906	10015	2018/11/13 
2018/11/14 	60.0	60.0	60.0	60.0	1300	2018/11/14 
2018/11/15 	60.0	60.0	60.0	60.0	0	2018/11/15 
2018/11/16 	60.099998474121094	60.290000915527344	59.79999923706055	60.099998474121094	90000	2018/11/16 
2018/11/19 	60.29999923706055	60.29999923706055	59.209999084472656	60.29999923706055	11000	2018/11/19 
2018/11/20 	60.29999923706055	60.29999923706055	60.29999923706055	60.29999923706055	0	2018/11/20 
2018/11/21 	59.400001525878906	59.400001525878906	59.400001525878906	59.400001525878906	3000	2018/11/21 
2018/11/22 	60.0	60.0	59.400001525878906	60.0	18000	2018/11/22 
2018/11/23 	59.400001525878906	60.0	59.400001525878906	59.400001525878906	3000	2018/11/23 
2018/11/26 	60.0	60.0	60.0	60.0	10000	2018/11/26 
2018/11/27 	60.0099983215332	60.0099983215332	59.40999984741211	60.0099983215332	90000	2018/11/27 
2018/11/28 	60.099998474121094	60.099998474121094	59.20000076293945	60.099998474121094	24050	2018/11/28 
2018/11/29 	60.20000076293945	60.20000076293945	60.0	60.20000076293945	27000	2018/11/29 
2018/11/30 	60.099998474121094	60.20000076293945	59.810001373291016	60.099998474121094	19000	2018/11/30 
2018/12/03 	61.02000045776367	62.720001220703125	61.0	61.02000045776367	35000	2018/12/03 
2018/12/04 	65.04000091552734	65.04000091552734	60.599998474121094	65.04000091552734	122100	2018/12/04 
2018/12/05 	64.0	65.98999786376953	62.5	64.0	214810	2018/12/05 
2018/12/06 	63.70000076293945	64.0999984741211	63.5	63.70000076293945	62000	2018/12/06 
2018/12/07 	64.20999908447266	65.0	64.20999908447266	64.20999908447266	9200	2018/12/07 
2018/12/10 	64.6500015258789	65.5	64.0	64.6500015258789	212400	2018/12/10 
2018/12/11 	65.01000213623047	67.5	64.6500015258789	65.01000213623047	5300	2018/12/11 
2018/12/12 	68.0	69.0	65.0	68.0	220000	2018/12/12 
2018/12/13 	65.0	68.19000244140625	65.0	65.0	154050	2018/12/13 
2018/12/14 	66.0	66.0	64.91000366210938	66.0	76000	2018/12/14 
2018/12/17 	65.0	67.94999694824219	65.0	65.0	192200	2018/12/17 
2018/12/18 	66.0999984741211	67.0	65.0	66.0999984741211	68692	2018/12/18 
2018/12/19 	69.30000305175781	70.51000213623047	66.0	69.30000305175781	115300	2018/12/19 
2018/12/20 	67.70999908447266	70.9800033569336	67.70999908447266	67.70999908447266	119550	2018/12/20 
2018/12/21 	68.5	68.69999694824219	67.51000213623047	68.5	45350	2018/12/21 
2018/12/24 	70.06999969482422	72.18000030517578	69.5	70.06999969482422	50101	2018/12/24 
2018/12/25 	69.0999984741211	69.9800033569336	68.5999984741211	69.0999984741211	43000	2018/12/25 
2018/12/26 	69.0	70.4800033569336	68.80000305175781	69.0	52050	2018/12/26 
2018/12/27 	70.0	72.48999786376953	69.5	70.0	19101	2018/12/27 
2018/12/28 	68.80000305175781	70.0	67.80000305175781	68.80000305175781	84000	2018/12/28 
2019/01/02 	68.0	69.0	67.5	68.0	43400	2019/01/02 
2019/01/03 	68.47000122070312	68.47000122070312	67.5	68.47000122070312	2000	2019/01/03 
2019/01/04 	68.98999786376953	68.98999786376953	66.5999984741211	68.98999786376953	12601	2019/01/04 
2019/01/07 	67.5999984741211	68.5	67.5	67.5999984741211	8000	2019/01/07 
2019/01/08 	67.69999694824219	69.9800033569336	67.0	67.69999694824219	120000	2019/01/08 
2019/01/09 	66.5199966430664	68.48999786376953	66.51000213623047	66.5199966430664	41050	2019/01/09 
2019/01/10 	68.5	69.98999786376953	68.0	68.5	51362	2019/01/10 
2019/01/11 	70.0	71.0	69.0	70.0	59000	2019/01/11 
2019/01/14 	70.01000213623047	71.80000305175781	68.80000305175781	70.01000213623047	96000	2019/01/14 
2019/01/15 	69.05000305175781	70.5	69.0	69.05000305175781	28200	2019/01/15 
2019/01/16 	70.4000015258789	71.0	69.0	70.4000015258789	57001	2019/01/16 
2019/01/17 	75.18000030517578	75.19000244140625	71.0	75.18000030517578	94091	2019/01/17 
2019/01/18 	70.5999984741211	73.01000213623047	70.5999984741211	70.5999984741211	123138	2019/01/18 
2019/01/21 	71.01000213623047	71.93000030517578	70.11000061035156	71.01000213623047	67002	2019/01/21 
2019/01/22 	70.0	71.0	69.5	70.0	55700	2019/01/22 
2019/01/23 	70.0	70.01000213623047	69.5199966430664	70.0	34100	2019/01/23 
2019/01/24 	69.0	70.4800033569336	68.5	69.0	84600	2019/01/24 
2019/01/25 	69.5	69.98999786376953	68.30999755859375	69.5	22000	2019/01/25 
2019/01/28 	69.51000213623047	69.9800033569336	69.0	69.51000213623047	41000	2019/01/28 
2019/01/29 	70.0	72.5	69.54000091552734	70.0	55400	2019/01/29 
2019/01/30 	70.01000213623047	72.0	70.01000213623047	70.01000213623047	54000	2019/01/30 
2019/02/11 	69.80000305175781	73.13999938964844	69.51000213623047	69.80000305175781	109701	2019/02/11 
2019/02/12 	69.5	70.94999694824219	69.0	69.5	101001	2019/02/12 
2019/02/13 	70.5	71.97000122070312	69.80000305175781	70.5	154400	2019/02/13 
2019/02/14 	69.30000305175781	70.91999816894531	68.70999908447266	69.30000305175781	274700	2019/02/14 
2019/02/15 	69.52999877929688	71.98999786376953	69.0199966430664	69.52999877929688	48000	2019/02/15 
2019/02/18 	71.5	71.95999908447266	70.06999969482422	71.5	94500	2019/02/18 
2019/02/19 	76.0	77.98999786376953	71.01000213623047	76.0	499961	2019/02/19 
2019/02/20 	77.37999725341797	78.0	75.6500015258789	77.37999725341797	234855	2019/02/20 
2019/02/21 	80.9800033569336	84.19999694824219	76.01000213623047	80.9800033569336	635775	2019/02/21 
2019/02/22 	86.48999786376953	87.13999938964844	78.20999908447266	86.48999786376953	413885	2019/02/22 
2019/02/25 	84.38999938964844	86.08999633789062	81.01000213623047	84.38999938964844	284055	2019/02/25 
2019/02/26 	83.23999786376953	84.98999786376953	80.80999755859375	83.23999786376953	161044	2019/02/26 
2019/02/27 	80.9800033569336	82.98999786376953	78.73999786376953	80.9800033569336	199943	2019/02/27 
2019/03/04 	82.0999984741211	85.04000091552734	80.0199966430664	82.0999984741211	545987	2019/03/04 
2019/03/05 	82.5	83.38999938964844	80.80000305175781	82.5	342743	2019/03/05 
2019/03/06 	82.0999984741211	85.4800033569336	82.0999984741211	82.0999984741211	299317	2019/03/06 
2019/03/07 	80.51000213623047	83.98999786376953	80.51000213623047	80.51000213623047	329796	2019/03/07 
2019/03/08 	83.38999938964844	84.98999786376953	80.01000213623047	83.38999938964844	269060	2019/03/08 
2019/03/11 	83.5	85.19999694824219	81.5199966430664	83.5	111680	2019/03/11 
2019/03/12 	83.01000213623047	88.08999633789062	83.0	83.01000213623047	367817	2019/03/12 
2019/03/13 	83.58999633789062	85.19000244140625	82.0	83.58999633789062	154608	2019/03/13 
2019/03/14 	83.79000091552734	83.79000091552734	82.0	83.79000091552734	87171	2019/03/14 
2019/03/15 	84.80000305175781	86.0	82.5999984741211	84.80000305175781	367785	2019/03/15 
2019/03/18 	88.98999786376953	89.25	84.0	88.98999786376953	828673	2019/03/18 
2019/03/19 	87.27999877929688	88.98999786376953	85.80000305175781	87.27999877929688	204320	2019/03/19 
2019/03/20 	87.80000305175781	88.19000244140625	85.9000015258789	87.80000305175781	209360	2019/03/20 
2019/03/21 	87.43000030517578	87.80000305175781	85.4000015258789	87.43000030517578	233321	2019/03/21 
2019/03/22 	90.08999633789062	90.79000091552734	87.0	90.08999633789062	497783	2019/03/22 
2019/03/25 	89.01000213623047	90.0	87.5	89.01000213623047	348595	2019/03/25 
2019/03/26 	89.97000122070312	90.19999694824219	87.0	89.97000122070312	611907	2019/03/26 
2019/03/27 	89.5	90.44999694824219	88.0	89.5	643222	2019/03/27 
2019/03/28 	89.0999984741211	92.43000030517578	88.51000213623047	89.0999984741211	414610	2019/03/28 
2019/03/29 	89.0	90.97000122070312	88.5	89.0	257275	2019/03/29 
2019/04/01 	92.5999984741211	95.7699966430664	89.0	92.5999984741211	1042195	2019/04/01 
2019/04/02 	93.19999694824219	94.7699966430664	91.66999816894531	93.19999694824219	270801	2019/04/02 
2019/04/03 	93.47000122070312	93.48999786376953	90.91000366210938	93.47000122070312	267398	2019/04/03 
2019/04/08 	98.41000366210938	98.41000366210938	92.0199966430664	98.41000366210938	441065	2019/04/08 
2019/04/09 	97.80000305175781	99.98999786376953	95.01000213623047	97.80000305175781	308874	2019/04/09 
2019/04/10 	98.87999725341797	99.48999786376953	94.05999755859375	98.87999725341797	206363	2019/04/10 
2019/04/11 	96.0	98.08999633789062	94.51000213623047	96.0	234326	2019/04/11 
2019/04/12 	93.0	96.98999786376953	92.0	93.0	469750	2019/04/12 
2019/04/15 	95.48999786376953	96.7699966430664	92.80999755859375	95.48999786376953	275775	2019/04/15 
2019/04/16 	93.0	97.87999725341797	91.0	93.0	602059	2019/04/16 
2019/04/17 	93.69999694824219	96.5999984741211	92.5	95.0	5337410	2019/04/17 
2019/04/18 	95.0	95.80000305175781	87.5	88.0	3557200	2019/04/18 
2019/04/19 	88.0	93.19999694824219	87.30000305175781	93.19999694824219	3077334	2019/04/19 
2019/04/22 	93.0	94.0	90.5999984741211	94.0	2069180	2019/04/22 
2019/04/23 	94.19999694824219	95.0	92.4000015258789	94.9000015258789	2968508	2019/04/23 
2019/04/24 	94.9000015258789	96.4000015258789	93.19999694824219	93.5999984741211	1753093	2019/04/24 
2019/04/25 	92.69999694824219	92.69999694824219	90.9000015258789	90.9000015258789	1080069	2019/04/25 
2019/04/26 	90.69999694824219	90.69999694824219	88.69999694824219	90.5999984741211	1015710	2019/04/26 
2019/04/29 	90.0999984741211	90.30000305175781	83.9000015258789	85.5	1038150	2019/04/29 
2019/04/30 	85.0999984741211	87.5999984741211	84.69999694824219	87.5999984741211	588500	2019/04/30 
2019/05/02 	87.0	93.0	87.0	93.0	2033651	2019/05/02 
2019/05/03 	91.0	93.80000305175781	90.5	93.69999694824219	2488422	2019/05/03 
2019/05/06 	91.5999984741211	91.5999984741211	90.0	91.0	1823500	2019/05/06 
2019/05/07 	91.19999694824219	91.80000305175781	90.0999984741211	90.19999694824219	629320	2019/05/07 
2019/05/08 	88.9000015258789	89.30000305175781	88.0	88.69999694824219	571100	2019/05/08 
2019/05/09 	89.0	89.0999984741211	83.4000015258789	84.4000015258789	801050	2019/05/09 
2019/05/10 	85.30000305175781	86.0	82.80000305175781	83.5999984741211	442020	2019/05/10 
2019/05/13 	83.0	83.30000305175781	78.69999694824219	78.9000015258789	744500	2019/05/13 
2019/05/14 	78.69999694824219	81.30000305175781	77.0	80.19999694824219	616005	2019/05/14 
2019/05/15 	80.5	84.30000305175781	80.5	83.9000015258789	676184	2019/05/15 
2019/05/16 	83.5	83.80000305175781	80.80000305175781	80.80000305175781	506040	2019/05/16 
2019/05/17 	81.19999694824219	82.19999694824219	77.4000015258789	77.80000305175781	501100	2019/05/17 
2019/05/20 	78.19999694824219	79.30000305175781	77.4000015258789	78.0999984741211	222014	2019/05/20 
2019/05/21 	77.5	79.5999984741211	76.5999984741211	79.5	177000	2019/05/21 
2019/05/22 	79.5	80.4000015258789	78.9000015258789	78.9000015258789	213172	2019/05/22 
2019/05/23 	78.0	78.0	76.19999694824219	76.5999984741211	289328	2019/05/23 
2019/05/24 	76.0	76.9000015258789	74.80000305175781	75.0	381576	2019/05/24 
2019/05/27 	75.0999984741211	75.30000305175781	71.80000305175781	72.5	513383	2019/05/27 
2019/05/28 	72.5	73.69999694824219	72.4000015258789	72.9000015258789	205000	2019/05/28 
2019/05/29 	72.5999984741211	73.5999984741211	72.5999984741211	73.0999984741211	128000	2019/05/29 
2019/05/30 	73.0999984741211	75.0	72.5999984741211	74.5999984741211	331295	2019/05/30 
2019/05/31 	74.19999694824219	76.30000305175781	74.0	76.0	283600	2019/05/31 
2019/06/03 	75.0	75.0	73.30000305175781	73.5999984741211	220000	2019/06/03 
2019/06/04 	73.19999694824219	73.80000305175781	72.9000015258789	73.0	103811	2019/06/04 
2019/06/05 	73.9000015258789	74.30000305175781	73.0	73.0	110000	2019/06/05 
2019/06/06 	73.0	73.0999984741211	71.69999694824219	71.80000305175781	165070	2019/06/06 
2019/06/10 	73.0999984741211	73.19999694824219	72.5	72.69999694824219	158000	2019/06/10 
2019/06/11 	72.19999694824219	73.4000015258789	72.19999694824219	72.69999694824219	128276	2019/06/11 
2019/06/12 	72.80000305175781	73.69999694824219	72.5999984741211	73.4000015258789	175010	2019/06/12 
2019/06/13 	73.4000015258789	73.5	72.80000305175781	72.9000015258789	210000	2019/06/13 
2019/06/14 	73.4000015258789	73.80000305175781	73.0	73.19999694824219	122538	2019/06/14 
2019/06/17 	72.19999694824219	73.0	72.19999694824219	72.5	94000	2019/06/17 
2019/06/18 	72.5	75.0	72.5	74.0	239010	2019/06/18 
2019/06/19 	75.0999984741211	80.5999984741211	75.0999984741211	78.9000015258789	757720	2019/06/19 
2019/06/20 	77.5	78.30000305175781	77.4000015258789	77.9000015258789	292131	2019/06/20 
2019/06/21 	78.5	79.0	76.9000015258789	77.5999984741211	277600	2019/06/21 
2019/06/24 	77.5999984741211	77.5999984741211	76.19999694824219	77.0	157000	2019/06/24 
2019/06/25 	76.5999984741211	76.80000305175781	75.4000015258789	75.5	150092	2019/06/25 
2019/06/26 	75.5	75.5	74.80000305175781	74.9000015258789	63500	2019/06/26 
2019/06/27 	75.0	77.5	75.0	77.4000015258789	247300	2019/06/27 
2019/06/28 	77.4000015258789	77.4000015258789	75.5	75.5999984741211	189000	2019/06/28 
2019/07/01 	77.19999694824219	79.5999984741211	77.19999694824219	79.19999694824219	457430	2019/07/01 
2019/07/02 	78.80000305175781	78.80000305175781	77.9000015258789	78.5	235252	2019/07/02 
2019/07/03 	78.0999984741211	78.5	77.5	77.5999984741211	153177	2019/07/03 
2019/07/04 	77.5999984741211	78.80000305175781	77.5999984741211	77.5999984741211	156160	2019/07/04 
2019/07/05 	78.5	78.5	77.80000305175781	78.0	123116	2019/07/05 
2019/07/08 	78.0	78.5	77.69999694824219	78.0	119100	2019/07/08 
2019/07/09 	78.0	78.0	77.0999984741211	77.0999984741211	165071	2019/07/09 
2019/07/10 	77.5	79.5	77.5	79.4000015258789	356125	2019/07/10 
2019/07/11 	79.5999984741211	82.9000015258789	78.80000305175781	81.0999984741211	699213	2019/07/11 
2019/07/12 	80.5999984741211	82.0	80.30000305175781	81.30000305175781	284074	2019/07/12 
2019/07/15 	81.0	82.0999984741211	81.0	81.30000305175781	323200	2019/07/15 
2019/07/16 	81.30000305175781	81.5	80.30000305175781	80.80000305175781	312260	2019/07/16 
2019/07/17 	80.80000305175781	80.9000015258789	79.80000305175781	80.0	761050	2019/07/17 
2019/07/18 	80.9000015258789	81.5	80.0999984741211	80.5999984741211	518072	2019/07/18 
2019/07/19 	77.9000015258789	78.30000305175781	77.69999694824219	78.0	340000	2019/07/19 
2019/07/22 	78.0999984741211	80.5	78.0999984741211	80.0	542965	2019/07/22 
2019/07/23 	81.5	88.0	81.5	88.0	2592407	2019/07/23 
2019/07/24 	87.5	89.5999984741211	86.0999984741211	88.19999694824219	1802953	2019/07/24 
2019/07/25 	88.9000015258789	91.4000015258789	87.0	90.5999984741211	1677150	2019/07/25 
2019/07/26 	90.80000305175781	90.80000305175781	88.69999694824219	89.30000305175781	1072150	2019/07/26 
2019/07/29 	89.5999984741211	90.69999694824219	87.80000305175781	88.0999984741211	675056	2019/07/29 
2019/07/30 	87.9000015258789	88.4000015258789	82.0999984741211	85.0999984741211	1103449	2019/07/30 
2019/07/31 	84.9000015258789	88.0	84.9000015258789	87.0999984741211	585008	2019/07/31 
2019/08/01 	86.30000305175781	88.19999694824219	85.5	87.30000305175781	296668	2019/08/01 
2019/08/02 	85.5	86.80000305175781	84.19999694824219	85.30000305175781	556232	2019/08/02 
2019/08/05 	85.30000305175781	86.80000305175781	84.0999984741211	84.19999694824219	473400	2019/08/05 
2019/08/06 	81.5	84.0999984741211	80.30000305175781	83.5	433120	2019/08/06 
2019/08/07 	85.0	87.0	84.69999694824219	86.0	642600	2019/08/07 
2019/08/08 	87.0	90.19999694824219	86.19999694824219	89.9000015258789	1156336	2019/08/08 
2019/08/12 	88.80000305175781	94.9000015258789	87.80000305175781	93.19999694824219	2402780	2019/08/12 
2019/08/13 	92.30000305175781	93.5999984741211	91.0999984741211	92.0	1300500	2019/08/13 
2019/08/14 	93.5999984741211	94.5	92.5	93.80000305175781	1746501	2019/08/14 
2019/08/15 	90.80000305175781	92.5	89.5	92.0	1090926	2019/08/15 
2019/08/16 	92.0	92.9000015258789	91.19999694824219	91.5999984741211	649182	2019/08/16 
2019/08/19 	93.0	93.0	91.5	92.0999984741211	846200	2019/08/19 
2019/08/20 	92.5	94.9000015258789	90.80000305175781	94.80000305175781	2525601	2019/08/20 
2019/08/21 	95.80000305175781	104.0	95.30000305175781	104.0	6665135	2019/08/21 
2019/08/22 	101.0	108.0	100.5	108.0	4978193	2019/08/22 
2019/08/23 	106.5	107.0	102.5	103.5	3088151	2019/08/23 
2019/08/26 	99.0	102.0	96.19999694824219	96.5	2564770	2019/08/26 
2019/08/27 	97.5	100.5	97.5	100.0	1707810	2019/08/27 
2019/08/28 	99.30000305175781	100.5	96.80000305175781	97.30000305175781	1331051	2019/08/28 
2019/08/29 	98.19999694824219	98.19999694824219	96.4000015258789	97.0999984741211	781350	2019/08/29 
2019/08/30 	99.0	99.0	95.19999694824219	95.19999694824219	1170485	2019/08/30 
2019/09/02 	95.9000015258789	98.69999694824219	95.80000305175781	97.9000015258789	916700	2019/09/02 
2019/09/03 	98.0	99.4000015258789	96.5	96.80000305175781	791650	2019/09/03 
2019/09/04 	97.19999694824219	98.69999694824219	96.5	98.0	861540	2019/09/04 
2019/09/05 	99.30000305175781	99.30000305175781	97.69999694824219	98.0999984741211	755300	2019/09/05 
2019/09/06 	99.0	99.0	97.30000305175781	98.30000305175781	629130	2019/09/06 
2019/09/10 	92.9000015258789	93.19999694824219	91.0	91.4000015258789	876700	2019/09/10 
2019/09/11 	93.0	94.4000015258789	91.5	93.19999694824219	655300	2019/09/11 
2019/09/12 	93.5	96.9000015258789	93.30000305175781	96.69999694824219	1450426	2019/09/12 
2019/09/16 	96.4000015258789	96.4000015258789	93.5	93.5999984741211	735202	2019/09/16 
2019/09/17 	93.19999694824219	94.5999984741211	93.0999984741211	93.4000015258789	482020	2019/09/17 
2019/09/18 	94.4000015258789	94.5	93.4000015258789	93.5999984741211	356330	2019/09/18 
2019/09/19 	94.0	95.5999984741211	92.5	95.5999984741211	847171	2019/09/19 
2019/09/20 	95.0	96.4000015258789	94.19999694824219	96.19999694824219	1128274	2019/09/20 
2019/09/23 	96.0	96.0	94.80000305175781	95.0	447500	2019/09/23 
2019/09/24 	95.0999984741211	95.4000015258789	93.5	93.5	399100	2019/09/24 
2019/09/25 	94.30000305175781	94.5	93.0	93.69999694824219	273100	2019/09/25 
2019/09/26 	94.5999984741211	94.5999984741211	92.9000015258789	92.9000015258789	343200	2019/09/26 
2019/09/27 	93.0	93.80000305175781	90.0	92.4000015258789	768200	2019/09/27 
2019/10/01 	91.5999984741211	93.30000305175781	91.5999984741211	92.5	235000	2019/10/01 
2019/10/02 	92.19999694824219	92.19999694824219	91.19999694824219	91.5	351038	2019/10/02 
2019/10/03 	90.80000305175781	91.0	90.0	90.5999984741211	634100	2019/10/03 
2019/10/04 	90.69999694824219	91.30000305175781	90.0999984741211	91.19999694824219	432452	2019/10/04 
2019/10/07 	91.5	95.0999984741211	91.5	95.0	967456	2019/10/07 
2019/10/08 	95.0	95.19999694824219	93.5	93.5999984741211	668403	2019/10/08 
2019/10/09 	93.30000305175781	93.5	92.0999984741211	92.19999694824219	380849	2019/10/09 
2019/10/14 	93.80000305175781	95.30000305175781	93.30000305175781	94.69999694824219	752154	2019/10/14 
2019/10/15 	95.5999984741211	99.69999694824219	95.19999694824219	99.4000015258789	2575105	2019/10/15 
2019/10/16 	100.0	100.5	96.5	97.30000305175781	1408722	2019/10/16 
2019/10/17 	97.30000305175781	98.0	96.0999984741211	98.0	542475	2019/10/17 
2019/10/18 	98.0	98.0999984741211	96.0999984741211	96.9000015258789	605400	2019/10/18 
2019/10/21 	96.9000015258789	97.19999694824219	96.30000305175781	96.5999984741211	270049	2019/10/21 
2019/10/22 	97.0999984741211	99.80000305175781	97.0999984741211	99.0	1680900	2019/10/22 
2019/10/23 	102.0	102.5	99.5999984741211	100.0	3451120	2019/10/23 
2019/10/24 	101.0	101.5	98.69999694824219	98.69999694824219	1641964	2019/10/24 
2019/10/25 	99.19999694824219	101.0	98.4000015258789	99.5	1868747	2019/10/25 
2019/10/28 	100.5	101.0	98.0	98.0	1197350	2019/10/28 
2019/10/29 	98.5999984741211	99.5	96.19999694824219	98.30000305175781	1433700	2019/10/29 
2019/10/30 	98.80000305175781	98.80000305175781	97.80000305175781	98.0	1161403	2019/10/30 
2019/10/31 	98.30000305175781	100.5	97.0	97.0	1568253	2019/10/31 
2019/11/01 	96.9000015258789	97.5999984741211	96.0	97.0	529000	2019/11/01 
2019/11/04 	98.0	98.0	96.19999694824219	96.19999694824219	601019	2019/11/04 
2019/11/05 	96.69999694824219	97.30000305175781	95.80000305175781	96.4000015258789	548150	2019/11/05 
2019/11/06 	96.30000305175781	97.19999694824219	94.5	94.69999694824219	888211	2019/11/06 
2019/11/07 	94.9000015258789	94.9000015258789	91.0	92.69999694824219	1728222	2019/11/07 
2019/11/08 	92.69999694824219	94.69999694824219	92.0999984741211	93.5	865100	2019/11/08 
2019/11/11 	93.0	93.30000305175781	92.19999694824219	92.19999694824219	670100	2019/11/11 
2019/11/12 	92.0	94.19999694824219	92.0	93.69999694824219	648110	2019/11/12 
2019/11/13 	93.19999694824219	94.19999694824219	93.0999984741211	93.0999984741211	424615	2019/11/13 
2019/11/14 	93.80000305175781	93.80000305175781	91.9000015258789	92.0999984741211	410250	2019/11/14 
2019/11/15 	92.5999984741211	93.5999984741211	92.4000015258789	92.5999984741211	411202	2019/11/15 
2019/11/18 	93.19999694824219	94.0	93.19999694824219	93.19999694824219	382065	2019/11/18 
2019/11/19 	93.5	93.5999984741211	92.19999694824219	92.4000015258789	346270	2019/11/19 
2019/11/20 	92.30000305175781	92.69999694824219	91.5999984741211	91.5999984741211	394140	2019/11/20 
2019/11/21 	91.5999984741211	91.5999984741211	90.5999984741211	90.80000305175781	556308	2019/11/21 
2019/11/22 	91.0	94.4000015258789	91.0	93.69999694824219	939685	2019/11/22 
2019/11/25 	94.5	95.5999984741211	93.30000305175781	94.30000305175781	1325283	2019/11/25 
2019/11/26 	95.0	96.0	94.5	94.69999694824219	1568160	2019/11/26 
2019/11/27 	94.69999694824219	94.9000015258789	94.19999694824219	94.19999694824219	462500	2019/11/27 
2019/11/28 	94.80000305175781	94.80000305175781	92.80000305175781	92.80000305175781	428145	2019/11/28 
2019/11/29 	92.9000015258789	93.5999984741211	92.0	92.0	396654	2019/11/29 
2019/12/02 	93.4000015258789	93.4000015258789	90.80000305175781	91.69999694824219	494370	2019/12/02 
2019/12/03 	91.69999694824219	92.80000305175781	91.19999694824219	91.30000305175781	420030	2019/12/03 
2019/12/04 	91.30000305175781	92.0	91.30000305175781	91.5	193400	2019/12/04 
2019/12/05 	92.5999984741211	92.69999694824219	91.4000015258789	91.5	421250	2019/12/05 
2019/12/06 	92.19999694824219	92.30000305175781	91.30000305175781	91.4000015258789	317100	2019/12/06 
2019/12/09 	92.5	92.5	91.80000305175781	92.4000015258789	562000	2019/12/09 
2019/12/10 	92.4000015258789	93.4000015258789	92.19999694824219	92.5	426030	2019/12/10 
2019/12/11 	92.80000305175781	93.0	91.69999694824219	91.69999694824219	435201	2019/12/11 
2019/12/12 	92.80000305175781	92.80000305175781	91.69999694824219	91.69999694824219	382200	2019/12/12 
2019/12/13 	92.5	93.80000305175781	91.80000305175781	92.30000305175781	861500	2019/12/13 
2019/12/16 	93.0	93.30000305175781	92.5	92.5	2050	2019/12/16 
2019/12/17 	93.0	93.4000015258789	92.80000305175781	92.9000015258789	439246	2019/12/17 
2019/12/18 	92.80000305175781	95.30000305175781	92.80000305175781	94.4000015258789	1438400	2019/12/18 
2019/12/19 	95.0	95.0	93.30000305175781	93.4000015258789	469000	2019/12/19 
2019/12/20 	95.5999984741211	95.5999984741211	93.69999694824219	93.69999694824219	1117216	2019/12/20 
2019/12/23 	93.80000305175781	94.30000305175781	92.69999694824219	92.69999694824219	412180	2019/12/23 
2019/12/24 	92.80000305175781	93.30000305175781	92.30000305175781	92.30000305175781	329180	2019/12/24 
2019/12/25 	92.9000015258789	95.0	92.4000015258789	94.4000015258789	1090261	2019/12/25 
2019/12/26 	95.30000305175781	97.69999694824219	95.30000305175781	97.19999694824219	3749107	2019/12/26 
2019/12/27 	97.30000305175781	97.30000305175781	96.0	96.0999984741211	1280637	2019/12/27 
2019/12/30 	96.5	96.69999694824219	95.0999984741211	95.30000305175781	855461	2019/12/30 
2019/12/31 	95.5999984741211	96.19999694824219	95.0999984741211	95.0999984741211	559150	2019/12/31 
2020/01/02 	95.69999694824219	97.19999694824219	95.30000305175781	96.5999984741211	772263	2020/01/02 
2020/01/03 	97.5	97.5	93.5	93.80000305175781	1399250	2020/01/03 
2020/01/06 	93.4000015258789	93.4000015258789	92.19999694824219	92.5999984741211	687700	2020/01/06 
2020/01/07 	93.0999984741211	93.30000305175781	90.30000305175781	91.30000305175781	841000	2020/01/07 
2020/01/08 	90.5	91.5	90.30000305175781	90.69999694824219	618000	2020/01/08 
2020/01/09 	91.69999694824219	92.5	91.69999694824219	92.19999694824219	538100	2020/01/09 
2020/01/10 	92.4000015258789	92.5999984741211	91.4000015258789	91.69999694824219	303039	2020/01/10 
2020/01/13 	92.0999984741211	92.5	91.5	92.19999694824219	328352	2020/01/13 
2020/01/14 	92.69999694824219	93.19999694824219	92.19999694824219	92.4000015258789	421220	2020/01/14 
2020/01/15 	92.30000305175781	92.5	91.9000015258789	92.0999984741211	276000	2020/01/15 
2020/01/16 	91.9000015258789	92.4000015258789	91.80000305175781	92.0	255015	2020/01/16 
2020/01/17 	92.0	94.4000015258789	91.69999694824219	93.80000305175781	1088211	2020/01/17 
2020/01/20 	94.0999984741211	94.5	93.0	93.0999984741211	668140	2020/01/20 
2020/01/30 	84.0999984741211	86.0	83.80000305175781	83.80000305175781	1270000	2020/01/30 
2020/01/31 	84.0	85.0	80.19999694824219	83.4000015258789	905660	2020/01/31 
2020/02/03 	81.0	81.5999984741211	78.4000015258789	80.5	790300	2020/02/03 
2020/02/04 	93.0	93.0	83.0	83.0	594000	2020/02/04 
2020/02/05 	83.9000015258789	83.9000015258789	82.0	82.0	499300	2020/02/05 
2020/02/06 	82.5	83.4000015258789	82.0	83.0	603330	2020/02/06 
2020/02/07 	83.0	83.0	81.19999694824219	81.4000015258789	422150	2020/02/07 
2020/02/10 	80.0	81.4000015258789	79.0	80.0	468904	2020/02/10 
2020/02/11 	80.5	81.4000015258789	80.5	81.4000015258789	279003	2020/02/11 
2020/02/12 	81.9000015258789	85.30000305175781	81.9000015258789	84.19999694824219	1111012	2020/02/12 
2020/02/13 	84.5999984741211	85.19999694824219	83.30000305175781	83.5	625200	2020/02/13 
2020/02/14 	84.19999694824219	86.0	83.80000305175781	85.69999694824219	902624	2020/02/14 
2020/02/17 	83.19999694824219	85.19999694824219	83.19999694824219	85.19999694824219	447999	2020/02/17 
2020/02/18 	85.0	86.69999694824219	84.9000015258789	86.0	1055229	2020/02/18 
2020/02/19 	86.5999984741211	88.19999694824219	86.19999694824219	86.80000305175781	1146400	2020/02/19 
2020/02/20 	87.5	87.80000305175781	86.80000305175781	86.80000305175781	408014	2020/02/20 
2020/02/21 	86.80000305175781	87.69999694824219	85.80000305175781	86.0	363010	2020/02/21 
2020/02/24 	84.9000015258789	86.5	84.5999984741211	86.4000015258789	422926	2020/02/24 
2020/02/25 	85.5	86.4000015258789	85.0999984741211	86.0999984741211	428300	2020/02/25 
2020/02/26 	85.19999694824219	87.5999984741211	85.19999694824219	86.5	532552	2020/02/26 
2020/02/27 	86.9000015258789	87.19999694824219	82.80000305175781	82.9000015258789	657571	2020/02/27 
2020/03/02 	80.9000015258789	84.19999694824219	80.5999984741211	82.9000015258789	462010	2020/03/02 
2020/03/03 	84.5	86.5	84.19999694824219	85.80000305175781	836011	2020/03/03 
2020/03/04 	85.0999984741211	86.0	84.19999694824219	85.9000015258789	469790	2020/03/04 
2020/03/05 	87.0999984741211	87.30000305175781	86.30000305175781	86.4000015258789	987200	2020/03/05 
2020/03/06 	85.5	87.30000305175781	85.5	86.80000305175781	662047	2020/03/06 
2020/03/09 	85.0999984741211	86.80000305175781	82.5	82.5	694270	2020/03/09 
2020/03/10 	80.19999694824219	83.9000015258789	80.19999694824219	83.69999694824219	532488	2020/03/10 
2020/03/11 	84.19999694824219	84.69999694824219	81.69999694824219	81.69999694824219	449000	2020/03/11 
2020/03/12 	80.9000015258789	81.30000305175781	75.5	76.30000305175781	1181400	2020/03/12 
2020/03/13 	69.0999984741211	73.19999694824219	68.69999694824219	72.5	1357000	2020/03/13 
2020/03/16 	75.5	75.9000015258789	72.5	72.9000015258789	1173109	2020/03/16 
2020/03/17 	70.30000305175781	74.5	70.30000305175781	73.5999984741211	872110	2020/03/17 
2020/03/18 	74.0	75.19999694824219	72.5	72.5	661100	2020/03/18 
2020/03/19 	70.5999984741211	72.5	65.30000305175781	66.4000015258789	1223270	2020/03/19 
2020/03/20 	69.0999984741211	73.0	69.0999984741211	72.4000015258789	929000	2020/03/20 
2020/03/23 	69.0	71.0	68.0999984741211	69.5	476003	2020/03/23 
2020/03/24 	71.69999694824219	73.4000015258789	71.4000015258789	73.0999984741211	616000	2020/03/24 
2020/03/25 	74.9000015258789	76.19999694824219	74.19999694824219	75.4000015258789	1124196	2020/03/25 
2020/03/26 	75.4000015258789	75.9000015258789	73.80000305175781	75.30000305175781	590000	2020/03/26 
2020/03/27 	76.69999694824219	77.30000305175781	74.69999694824219	74.69999694824219	692550	2020/03/27 
2020/03/30 	72.80000305175781	75.80000305175781	72.80000305175781	75.4000015258789	335040	2020/03/30 
2020/03/31 	76.4000015258789	76.9000015258789	75.0	75.0	442200	2020/03/31 
2020/04/01 	74.19999694824219	75.69999694824219	74.19999694824219	75.19999694824219	261600	2020/04/01 
2020/04/06 	76.30000305175781	76.80000305175781	74.80000305175781	76.69999694824219	458140	2020/04/06 
2020/04/07 	77.80000305175781	78.5	77.19999694824219	77.69999694824219	836320	2020/04/07 
2020/04/08 	81.19999694824219	82.80000305175781	80.9000015258789	81.69999694824219	1305047	2020/04/08 
2020/04/09 	82.19999694824219	82.69999694824219	80.30000305175781	80.5999984741211	690491	2020/04/09 
2020/04/10 	80.5999984741211	81.5999984741211	80.4000015258789	81.0	345214	2020/04/10 
2020/04/13 	81.19999694824219	82.5	79.9000015258789	81.5	418200	2020/04/13 
2020/04/14 	82.0999984741211	82.69999694824219	81.80000305175781	82.30000305175781	505469	2020/04/14 
2020/04/15 	82.69999694824219	83.5	82.0999984741211	82.30000305175781	971000	2020/04/15 
2020/04/16 	81.69999694824219	84.5	81.30000305175781	83.0999984741211	744100	2020/04/16 
2020/04/17 	85.5	85.69999694824219	82.69999694824219	83.0999984741211	883005	2020/04/17 
2020/04/20 	83.5	84.0	82.5999984741211	83.19999694824219	414000	2020/04/20 
2020/04/21 	83.0	84.30000305175781	81.5	81.5999984741211	594010	2020/04/21 
2020/04/22 	81.19999694824219	83.4000015258789	80.5	82.9000015258789	425003	2020/04/22 
2020/04/23 	83.5999984741211	84.0	82.80000305175781	83.69999694824219	556095	2020/04/23 
2020/04/24 	83.69999694824219	85.5999984741211	83.5	85.0	754359	2020/04/24 
2020/04/27 	85.80000305175781	86.19999694824219	85.30000305175781	85.5999984741211	647077	2020/04/27 
2020/04/28 	85.9000015258789	86.30000305175781	84.69999694824219	85.30000305175781	766613	2020/04/28 
2020/04/29 	86.0	86.5999984741211	85.4000015258789	86.0	1040173	2020/04/29 
2020/04/30 	87.0	89.5999984741211	86.30000305175781	89.0	1431620	2020/04/30 
2020/05/04 	87.30000305175781	89.69999694824219	87.0	88.5999984741211	1179091	2020/05/04 
2020/05/05 	89.69999694824219	90.9000015258789	88.0999984741211	88.69999694824219	1174550	2020/05/05 
2020/05/06 	88.9000015258789	89.9000015258789	88.69999694824219	89.0	555000	2020/05/06 
2020/05/07 	89.80000305175781	91.80000305175781	89.80000305175781	91.5	1562268	2020/05/07 
2020/05/08 	91.4000015258789	91.69999694824219	88.19999694824219	90.0	3608077	2020/05/08 
2020/05/11 	90.9000015258789	91.30000305175781	89.9000015258789	90.0	1051537	2020/05/11 
2020/05/12 	90.0	90.4000015258789	88.69999694824219	88.80000305175781	852050	2020/05/12 
2020/05/13 	89.0	90.30000305175781	89.0	89.69999694824219	771150	2020/05/13 
2020/05/14 	89.9000015258789	90.19999694824219	87.0999984741211	87.19999694824219	812502	2020/05/14 
2020/05/15 	88.0999984741211	88.5	85.69999694824219	86.5	826200	2020/05/15 
2020/05/18 	87.0	87.4000015258789	85.0	85.5	707000	2020/05/18 
2020/05/19 	90.4000015258789	90.80000305175781	89.0	89.30000305175781	2402705	2020/05/19 
2020/05/20 	89.30000305175781	89.80000305175781	88.0	88.80000305175781	807000	2020/05/20 
2020/05/21 	89.19999694824219	90.19999694824219	89.0999984741211	89.69999694824219	675300	2020/05/21 
2020/05/22 	89.69999694824219	89.69999694824219	87.80000305175781	87.9000015258789	639068	2020/05/22 
2020/05/25 	88.5	89.5	87.30000305175781	89.19999694824219	488000	2020/05/25 
2020/05/26 	89.5	90.30000305175781	89.0	90.0	1026075	2020/05/26 
2020/05/27 	90.9000015258789	92.0999984741211	89.5	90.0	1574200	2020/05/27 
2020/05/28 	90.5999984741211	91.0	89.19999694824219	89.30000305175781	654150	2020/05/28 
2020/05/29 	89.30000305175781	90.0	88.80000305175781	89.0	459150	2020/05/29 
2020/06/01 	89.30000305175781	89.9000015258789	89.30000305175781	89.69999694824219	448011	2020/06/01 
2020/06/02 	90.5	90.9000015258789	89.5999984741211	89.5999984741211	687180	2020/06/02 
2020/06/03 	90.0	90.30000305175781	89.69999694824219	90.0	619308	2020/06/03 
2020/06/04 	91.0	93.19999694824219	90.9000015258789	93.0	2952113	2020/06/04 
2020/06/05 	93.9000015258789	94.30000305175781	91.80000305175781	92.0	1994945	2020/06/05 
2020/06/08 	91.80000305175781	91.9000015258789	89.5	89.5	2466358	2020/06/08 
2020/06/09 	89.4000015258789	89.9000015258789	88.19999694824219	88.4000015258789	1069100	2020/06/09 
2020/06/10 	88.80000305175781	89.0999984741211	88.0	88.5999984741211	525200	2020/06/10 
2020/06/11 	88.69999694824219	88.9000015258789	86.5	86.5	840404	2020/06/11 
2020/06/12 	84.80000305175781	86.9000015258789	84.5	86.9000015258789	605050	2020/06/12 
2020/06/15 	87.5999984741211	88.4000015258789	86.9000015258789	87.0999984741211	459130	2020/06/15 
2020/06/16 	88.4000015258789	89.19999694824219	88.4000015258789	88.80000305175781	594276	2020/06/16 
2020/06/17 	89.0	89.5	88.5	88.5	338012	2020/06/17 
2020/06/18 	88.5	89.0999984741211	88.0999984741211	89.0999984741211	284060	2020/06/18 
2020/06/19 	89.0	89.5	88.69999694824219	88.69999694824219	465600	2020/06/19 
2020/06/22 	88.69999694824219	89.5999984741211	88.69999694824219	88.80000305175781	537882	2020/06/22 
2020/06/23 	89.19999694824219	89.5	88.0999984741211	88.4000015258789	361140	2020/06/23 
2020/06/24 	88.5	88.80000305175781	88.0999984741211	88.0999984741211	373318	2020/06/24 
2020/06/29 	87.69999694824219	88.0	87.0	87.0	465000	2020/06/29 
2020/06/30 	87.30000305175781	87.5999984741211	87.0999984741211	87.19999694824219	296000	2020/06/30 
2020/07/01 	87.5999984741211	88.9000015258789	87.5999984741211	88.30000305175781	435320	2020/07/01 
2020/07/02 	89.0	89.4000015258789	88.5999984741211	89.0999984741211	534000	2020/07/02 
2020/07/03 	89.5	89.80000305175781	88.9000015258789	89.30000305175781	468085	2020/07/03 
2020/07/06 	90.0999984741211	91.0999984741211	89.9000015258789	90.9000015258789	1288065	2020/07/06 
2020/07/07 	89.30000305175781	89.4000015258789	87.5	88.5	1784430	2020/07/07 
2020/07/08 	88.4000015258789	89.0999984741211	88.30000305175781	88.5	624000	2020/07/08 
2020/07/09 	88.5999984741211	88.69999694824219	87.19999694824219	87.30000305175781	927620	2020/07/09 
2020/07/10 	87.5	87.69999694824219	85.19999694824219	85.19999694824219	796310	2020/07/10 
2020/07/13 	85.19999694824219	86.30000305175781	85.19999694824219	85.69999694824219	298150	2020/07/13 
2020/07/14 	85.69999694824219	87.5999984741211	85.5	86.30000305175781	467030	2020/07/14 
2020/07/15 	87.0999984741211	87.0999984741211	85.19999694824219	85.5999984741211	389001	2020/07/15 
2020/07/16 	85.69999694824219	86.0999984741211	85.19999694824219	85.5999984741211	304150	2020/07/16 
2020/07/17 	86.4000015258789	86.4000015258789	85.0999984741211	85.19999694824219	228751	2020/07/17 
2020/07/20 	85.19999694824219	85.5	84.80000305175781	85.19999694824219	179001	2020/07/20 
2020/07/21 	85.9000015258789	87.30000305175781	85.30000305175781	86.19999694824219	484100	2020/07/21 
2020/07/22 	86.19999694824219	86.5	85.80000305175781	85.80000305175781	188100	2020/07/22 
2020/07/23 	85.80000305175781	86.0999984741211	85.4000015258789	85.4000015258789	255300	2020/07/23 
2020/07/24 	85.5	85.9000015258789	83.30000305175781	83.30000305175781	745778	2020/07/24 
2020/07/27 	83.5	84.5	81.4000015258789	81.69999694824219	463350	2020/07/27 
2020/07/28 	82.0	82.5	80.0	80.0999984741211	706359	2020/07/28 
2020/07/29 	80.0	81.5	80.0	81.5	176000	2020/07/29 
2020/07/30 	81.80000305175781	83.0	81.80000305175781	82.69999694824219	156010	2020/07/30 
2020/07/31 	83.30000305175781	83.30000305175781	82.80000305175781	83.0	103000	2020/07/31 
2020/08/03 	83.4000015258789	84.0	83.0999984741211	83.5999984741211	149200	2020/08/03 
2020/08/04 	83.5999984741211	83.9000015258789	82.69999694824219	83.0999984741211	291300	2020/08/04 
2020/08/05 	83.0999984741211	83.69999694824219	82.80000305175781	83.30000305175781	250100	2020/08/05 
2020/08/06 	83.0	83.0999984741211	81.0999984741211	81.4000015258789	613500	2020/08/06 
2020/08/07 	83.30000305175781	84.80000305175781	82.80000305175781	83.19999694824219	931756	2020/08/07 
2020/08/10 	83.69999694824219	84.0999984741211	83.30000305175781	83.9000015258789	282300	2020/08/10 
2020/08/11 	83.9000015258789	83.9000015258789	82.5999984741211	82.9000015258789	278000	2020/08/11 
2020/08/12 	82.9000015258789	83.9000015258789	82.69999694824219	83.69999694824219	174701	2020/08/12 
2020/08/13 	84.0	84.5999984741211	83.9000015258789	84.19999694824219	212000	2020/08/13 
2020/08/14 	84.30000305175781	85.0	84.0999984741211	85.0	225610	2020/08/14 
2020/08/17 	85.30000305175781	86.30000305175781	84.9000015258789	86.30000305175781	386200	2020/08/17 
2020/08/18 	86.69999694824219	87.0999984741211	85.80000305175781	86.9000015258789	572500	2020/08/18 
2020/08/19 	86.80000305175781	87.0	85.80000305175781	85.80000305175781	439668	2020/08/19 
2020/08/20 	85.80000305175781	85.80000305175781	82.0	84.30000305175781	688460	2020/08/20 
2020/08/21 	85.0	85.19999694824219	84.5999984741211	84.9000015258789	153025	2020/08/21 
2020/08/24 	85.0999984741211	86.4000015258789	85.0	85.5	216055	2020/08/24 
2020/08/25 	86.0	86.5	85.80000305175781	86.0999984741211	192100	2020/08/25 
2020/08/26 	86.0999984741211	86.69999694824219	86.0999984741211	86.5	155050	2020/08/26 
2020/08/27 	87.0	87.0	85.9000015258789	85.9000015258789	188000	2020/08/27 
2020/08/28 	85.5999984741211	86.30000305175781	85.5999984741211	85.80000305175781	108006	2020/08/28 
2020/08/31 	86.5	86.9000015258789	85.5999984741211	85.5999984741211	161011	2020/08/31 
2020/09/01 	86.0	86.69999694824219	85.5	86.5999984741211	294200	2020/09/01 
2020/09/02 	86.5999984741211	87.0999984741211	86.5999984741211	86.9000015258789	249815	2020/09/02 
2020/09/03 	87.4000015258789	87.4000015258789	86.4000015258789	86.4000015258789	217200	2020/09/03 
2020/09/04 	85.5	87.30000305175781	85.4000015258789	86.5	360300	2020/09/04 
2020/09/07 	86.0	86.19999694824219	84.5999984741211	85.0	561650	2020/09/07 
2020/09/08 	84.9000015258789	85.19999694824219	83.80000305175781	84.69999694824219	284530	2020/09/08 
2020/09/09 	84.4000015258789	84.5	83.80000305175781	84.30000305175781	172000	2020/09/09 
2020/09/10 	84.4000015258789	85.0	84.30000305175781	84.5999984741211	153450	2020/09/10 
2020/09/11 	84.5999984741211	84.69999694824219	83.0	84.19999694824219	920000	2020/09/11 
2020/09/14 	84.19999694824219	85.30000305175781	83.80000305175781	85.0	1149600	2020/09/14 
2020/09/15 	85.5	85.9000015258789	85.30000305175781	85.5	1365332	2020/09/15 
2020/09/16 	81.19999694824219	81.4000015258789	80.69999694824219	80.69999694824219	682750	2020/09/16 
2020/09/17 	80.69999694824219	81.4000015258789	80.4000015258789	80.5999984741211	526080	2020/09/17 
2020/09/18 	80.4000015258789	80.4000015258789	79.5	79.5	305381	2020/09/18 
2020/09/21 	79.4000015258789	79.4000015258789	77.19999694824219	78.0	519000	2020/09/21 
2020/09/22 	78.0	78.0	76.0	76.19999694824219	297060	2020/09/22 
2020/09/23 	76.69999694824219	76.69999694824219	73.5999984741211	73.80000305175781	489100	2020/09/23 
2020/09/24 	73.5	73.5	70.69999694824219	70.9000015258789	517300	2020/09/24 
2020/09/25 	71.0	72.0	68.0999984741211	69.0999984741211	552302	2020/09/25 
2020/09/28 	70.30000305175781	71.19999694824219	69.30000305175781	70.19999694824219	525000	2020/09/28 
2020/09/29 	70.5	70.5999984741211	68.5999984741211	69.0	203100	2020/09/29 
2020/09/30 	69.19999694824219	69.9000015258789	69.19999694824219	69.69999694824219	104590	2020/09/30 
2020/10/05 	69.0999984741211	70.30000305175781	69.0999984741211	70.19999694824219	209000	2020/10/05 
2020/10/06 	70.5999984741211	71.69999694824219	70.5999984741211	71.19999694824219	218200	2020/10/06 
2020/10/07 	70.5	70.5999984741211	70.0	70.0999984741211	271300	2020/10/07 
2020/10/08 	70.19999694824219	70.19999694824219	69.5	69.69999694824219	212000	2020/10/08 
2020/10/12 	69.80000305175781	69.9000015258789	68.0999984741211	68.30000305175781	315300	2020/10/12 
2020/10/13 	68.5999984741211	68.80000305175781	67.69999694824219	67.80000305175781	180300	2020/10/13 
2020/10/14 	68.4000015258789	68.4000015258789	68.0999984741211	68.19999694824219	134000	2020/10/14 
2020/10/15 	68.0999984741211	68.19999694824219	67.0999984741211	67.4000015258789	191400	2020/10/15 
2020/10/16 	67.4000015258789	68.19999694824219	67.4000015258789	67.5999984741211	151000	2020/10/16 
2020/10/19 	68.0999984741211	69.0	67.9000015258789	69.0	171000	2020/10/19 
2020/10/20 	69.5999984741211	70.4000015258789	69.0999984741211	69.4000015258789	307000	2020/10/20 
2020/10/21 	69.9000015258789	69.9000015258789	69.0999984741211	69.4000015258789	168000	2020/10/21 
2020/10/22 	69.19999694824219	70.19999694824219	69.19999694824219	70.0	186500	2020/10/22 
2020/10/23 	71.4000015258789	72.80000305175781	70.69999694824219	72.5999984741211	690115	2020/10/23 
2020/10/26 	72.69999694824219	74.4000015258789	72.4000015258789	73.5	615160	2020/10/26 
2020/10/27 	73.0	73.4000015258789	72.30000305175781	72.5	223240	2020/10/27 
2020/10/28 	72.5	73.4000015258789	71.5999984741211	71.5999984741211	216500	2020/10/28 
2020/10/29 	70.5999984741211	71.19999694824219	70.5	70.80000305175781	134000	2020/10/29 
2020/10/30 	70.80000305175781	71.69999694824219	70.0999984741211	70.0999984741211	125000	2020/10/30 
2020/11/02 	70.19999694824219	70.80000305175781	69.69999694824219	69.69999694824219	83004	2020/11/02 
2020/11/03 	70.0999984741211	71.5	70.0999984741211	70.5999984741211	133200	2020/11/03 
2020/11/04 	71.30000305175781	72.69999694824219	70.9000015258789	71.80000305175781	176051	2020/11/04 
2020/11/05 	72.0999984741211	72.5	71.4000015258789	71.5	103250	2020/11/05 
2020/11/06 	72.30000305175781	72.4000015258789	71.30000305175781	71.4000015258789	125060	2020/11/06 
2020/11/09 	71.4000015258789	72.9000015258789	71.4000015258789	72.0	292020	2020/11/09 
2020/11/10 	72.0	72.5	71.80000305175781	71.80000305175781	160000	2020/11/10 
2020/11/11 	72.4000015258789	72.69999694824219	71.80000305175781	71.80000305175781	169500	2020/11/11 
2020/11/12 	72.0	72.19999694824219	71.80000305175781	71.80000305175781	88000	2020/11/12 
2020/11/13 	71.80000305175781	71.80000305175781	71.0	71.30000305175781	188028	2020/11/13 
2020/11/16 	71.69999694824219	73.19999694824219	71.4000015258789	71.4000015258789	355000	2020/11/16 
2020/11/17 	71.5	72.19999694824219	70.80000305175781	70.80000305175781	295100	2020/11/17 
2020/11/18 	70.80000305175781	71.19999694824219	70.5999984741211	70.69999694824219	234000	2020/11/18 
2020/11/19 	70.69999694824219	71.0	70.4000015258789	70.5	250335	2020/11/19 
2020/11/20 	70.5	70.69999694824219	70.30000305175781	70.4000015258789	205034	2020/11/20 
2020/11/23 	70.4000015258789	70.80000305175781	70.0999984741211	70.19999694824219	296017	2020/11/23 
2020/11/24 	70.5	70.80000305175781	70.19999694824219	70.19999694824219	274500	2020/11/24 
2020/11/25 	70.5	70.80000305175781	69.80000305175781	70.0	378000	2020/11/25 
2020/11/26 	70.69999694824219	70.69999694824219	69.9000015258789	70.0999984741211	461008	2020/11/26 
2020/11/27 	70.0	70.19999694824219	69.80000305175781	70.0	302900	2020/11/27 
2020/11/30 	70.5	70.5	69.9000015258789	69.9000015258789	711009	2020/11/30 
2020/12/01 	70.0	70.5	69.69999694824219	69.80000305175781	350342	2020/12/01 
2020/12/02 	69.9000015258789	70.0	68.9000015258789	69.0999984741211	515300	2020/12/02 
2020/12/03 	69.69999694824219	70.69999694824219	69.30000305175781	69.9000015258789	713000	2020/12/03 
2020/12/04 	70.0	70.0	69.30000305175781	69.5	257100	2020/12/04 
2020/12/07 	70.0	70.0	69.0999984741211	69.0999984741211	316042	2020/12/07 
2020/12/08 	69.5	69.5	68.19999694824219	68.5999984741211	285150	2020/12/08 
2020/12/09 	69.30000305175781	70.0	68.80000305175781	70.0	262106	2020/12/09 
2020/12/10 	70.0	70.0	69.0999984741211	69.19999694824219	211000	2020/12/10 
2020/12/11 	69.0	69.5	67.80000305175781	68.4000015258789	338000	2020/12/11 
2020/12/14 	68.4000015258789	69.4000015258789	68.4000015258789	69.0	111000	2020/12/14 
2020/12/15 	69.0	69.19999694824219	68.19999694824219	68.30000305175781	148000	2020/12/15 
2020/12/16 	68.30000305175781	68.69999694824219	68.30000305175781	68.30000305175781	100000	2020/12/16 
2020/12/17 	68.69999694824219	68.69999694824219	68.30000305175781	68.4000015258789	140400	2020/12/17 
2020/12/18 	68.80000305175781	69.5	68.5999984741211	69.30000305175781	175050	2020/12/18 
2020/12/21 	69.30000305175781	69.30000305175781	68.30000305175781	68.5	173000	2020/12/21 
2020/12/22 	68.4000015258789	68.5999984741211	68.0	68.0	177300	2020/12/22 
2020/12/23 	68.0	68.4000015258789	67.5999984741211	67.80000305175781	333000	2020/12/23 
2020/12/24 	67.80000305175781	68.0	67.69999694824219	67.80000305175781	324200	2020/12/24 
2020/12/25 	68.4000015258789	68.80000305175781	67.69999694824219	67.69999694824219	276096	2020/12/25 
2020/12/28 	68.19999694824219	68.30000305175781	67.5	67.9000015258789	329000	2020/12/28 
2020/12/29 	68.19999694824219	68.5999984741211	67.9000015258789	67.9000015258789	299000	2020/12/29 
2020/12/30 	68.19999694824219	68.19999694824219	67.69999694824219	67.80000305175781	168500	2020/12/30 
2020/12/31 	68.4000015258789	68.4000015258789	67.69999694824219	68.0	194000	2020/12/31 
2021/01/04 	68.0999984741211	68.19999694824219	67.69999694824219	67.80000305175781	409126	2021/01/04 
2021/01/05 	68.0999984741211	71.0	68.0	70.0	1235060	2021/01/05 
2021/01/06 	70.4000015258789	70.4000015258789	67.9000015258789	68.19999694824219	769026	2021/01/06 
2021/01/07 	69.4000015258789	69.69999694824219	68.4000015258789	68.5999984741211	435326	2021/01/07 
2021/01/08 	68.80000305175781	69.0	68.19999694824219	68.19999694824219	305000	2021/01/08 
2021/01/11 	68.5	68.5	68.0	68.30000305175781	236250	2021/01/11 
2021/01/12 	68.30000305175781	68.9000015258789	67.5	67.5	333010	2021/01/12 
2021/01/13 	67.5999984741211	68.0	67.4000015258789	67.5	298200	2021/01/13 
2021/01/14 	67.5999984741211	68.5	67.5	67.69999694824219	534383	2021/01/14 
2021/01/15 	67.80000305175781	67.9000015258789	66.5	66.5	542023	2021/01/15 
2021/01/18 	66.5	66.5	65.0	65.0	670000	2021/01/18 
2021/01/19 	65.0999984741211	65.19999694824219	64.5999984741211	64.5999984741211	381088	2021/01/19 
2021/01/20 	64.5999984741211	66.4000015258789	62.5	66.30000305175781	1068490	2021/01/20 
2021/01/21 	68.19999694824219	72.9000015258789	68.0999984741211	72.9000015258789	4610434	2021/01/21 
2021/01/22 	73.80000305175781	76.30000305175781	72.0	75.0	7898800	2021/01/22 
2021/01/25 	74.9000015258789	81.4000015258789	74.0	79.5999984741211	7022520	2021/01/25 
2021/01/26 	78.80000305175781	81.5999984741211	78.0	78.19999694824219	3748500	2021/01/26 
2021/01/27 	78.5999984741211	83.30000305175781	78.5999984741211	81.19999694824219	5920831	2021/01/27 
2021/01/28 	79.0	83.30000305175781	78.5	82.5	3755351	2021/01/28 
2021/01/29 	82.80000305175781	83.9000015258789	79.5	79.69999694824219	3654275	2021/01/29 
2021/02/01 	78.69999694824219	80.5999984741211	77.80000305175781	78.5	1473600	2021/02/01 
2021/02/02 	80.0	81.4000015258789	79.5999984741211	80.19999694824219	2346130	2021/02/02 
2021/02/03 	81.0999984741211	82.0	79.5	79.5999984741211	1276000	2021/02/03 
2021/02/04 	83.5	84.9000015258789	82.0999984741211	82.4000015258789	5701199	2021/02/04 
2021/02/05 	82.5	83.80000305175781	81.5	83.19999694824219	2873079	2021/02/05 
2021/02/17 	84.80000305175781	85.19999694824219	82.5	84.5	4259405	2021/02/17 
2021/02/18 	84.5999984741211	86.9000015258789	83.5	85.5999984741211	2054270	2021/02/18 
2021/02/19 	85.0	87.19999694824219	84.80000305175781	87.0	1687610	2021/02/19 
2021/02/22 	87.30000305175781	89.4000015258789	87.0	88.4000015258789	2597020	2021/02/22 
2021/02/23 	88.4000015258789	90.30000305175781	88.0999984741211	90.30000305175781	1939943	2021/02/23 
2021/02/24 	92.0	95.5	90.30000305175781	91.0	4371286	2021/02/24 
2021/02/25 	92.5999984741211	93.19999694824219	90.0	90.5	1801400	2021/02/25 
2021/02/26 	88.5999984741211	91.69999694824219	88.4000015258789	91.19999694824219	1793055	2021/02/26 
2021/03/02 	93.19999694824219	93.4000015258789	90.0	90.0	1581640	2021/03/02 
2021/03/03 	90.0	90.5	87.0	89.19999694824219	1644030	2021/03/03 
2021/03/04 	89.4000015258789	90.80000305175781	88.4000015258789	89.5	1090642	2021/03/04 
2021/03/05 	89.0	91.5	88.69999694824219	90.19999694824219	2156138	2021/03/05 
2021/03/08 	91.19999694824219	91.5	87.5999984741211	87.5999984741211	1374121	2021/03/08 
2021/03/09 	87.9000015258789	91.5999984741211	87.69999694824219	91.30000305175781	2405180	2021/03/09 
2021/03/10 	92.80000305175781	93.0999984741211	91.19999694824219	91.4000015258789	1775140	2021/03/10 
2021/03/11 	91.5	92.69999694824219	91.0999984741211	92.5	1380158	2021/03/11 
2021/03/12 	92.80000305175781	92.9000015258789	90.19999694824219	90.19999694824219	921240	2021/03/12 
2021/03/15 	90.0	91.5	88.80000305175781	91.0	1358380	2021/03/15 
2021/03/16 	91.19999694824219	94.30000305175781	91.19999694824219	94.0	3498500	2021/03/16 
2021/03/17 	94.5	94.5	92.0	92.4000015258789	1989700	2021/03/17 
2021/03/18 	92.69999694824219	95.0	92.4000015258789	93.4000015258789	2440200	2021/03/18 
2021/03/19 	92.9000015258789	93.30000305175781	92.0	92.5	1099200	2021/03/19 
2021/03/22 	92.5	92.5	91.0	91.19999694824219	904535	2021/03/22 
2021/03/23 	91.4000015258789	92.0	90.30000305175781	90.30000305175781	994430	2021/03/23 
2021/03/24 	90.4000015258789	91.30000305175781	90.0999984741211	90.5	465000	2021/03/24 
2021/03/25 	91.0	91.4000015258789	89.5	89.5	509102	2021/03/25 
2021/03/26 	89.80000305175781	90.69999694824219	89.5	89.69999694824219	889800	2021/03/26 
2021/03/29 	90.30000305175781	91.4000015258789	89.9000015258789	90.5999984741211	696800	2021/03/29 
2021/03/30 	90.80000305175781	92.0	90.80000305175781	91.5999984741211	827434	2021/03/30 
2021/03/31 	91.80000305175781	93.5	91.5	93.30000305175781	1732775	2021/03/31 
2021/04/01 	93.9000015258789	94.19999694824219	92.0999984741211	92.0999984741211	1353352	2021/04/01 
2021/04/07 	93.80000305175781	96.80000305175781	93.5	95.80000305175781	3958506	2021/04/07 
2021/04/08 	97.30000305175781	97.30000305175781	95.0999984741211	95.0999984741211	2070000	2021/04/08 
2021/04/09 	95.5	95.69999694824219	91.5999984741211	92.0999984741211	1748359	2021/04/09 
2021/04/12 	92.69999694824219	93.0	91.19999694824219	92.0	863200	2021/04/12 
2021/04/13 	93.0	93.0	90.0999984741211	90.0999984741211	843100	2021/04/13 
2021/04/14 	91.0	91.4000015258789	89.0	90.19999694824219	1073151	2021/04/14 
2021/04/15 	90.30000305175781	91.80000305175781	90.30000305175781	91.0	523027	2021/04/15 
2021/04/16 	91.4000015258789	91.80000305175781	90.4000015258789	90.4000015258789	478435	2021/04/16 
2021/04/19 	90.4000015258789	90.9000015258789	89.5999984741211	90.19999694824219	511000	2021/04/19 
2021/04/20 	90.19999694824219	91.0	90.0999984741211	91.0	515050	2021/04/20 
2021/04/21 	91.0	91.9000015258789	90.5	91.5	714000	2021/04/21 
2021/04/22 	91.9000015258789	92.30000305175781	89.5	89.5	1127040	2021/04/22 
2021/04/23 	90.0	90.5999984741211	89.19999694824219	90.0999984741211	425110	2021/04/23 
2021/04/26 	90.69999694824219	92.69999694824219	90.5	91.0999984741211	1061000	2021/04/26 
2021/04/27 	91.69999694824219	92.69999694824219	91.0999984741211	92.19999694824219	1049050	2021/04/27 
2021/04/28 	92.5	93.69999694824219	91.4000015258789	93.0999984741211	1342150	2021/04/28 
2021/04/29 	94.4000015258789	97.0	93.80000305175781	94.0	4160177	2021/04/29 
2021/05/03 	94.0999984741211	94.9000015258789	90.30000305175781	90.5999984741211	1959593	2021/05/03 
2021/05/04 	91.19999694824219	91.30000305175781	83.30000305175781	86.80000305175781	1593317	2021/05/04 
2021/05/05 	86.80000305175781	90.5999984741211	85.0999984741211	89.0	984934	2021/05/05 
2021/05/06 	91.0	94.80000305175781	91.0	92.5999984741211	2713279	2021/05/06 
2021/05/07 	93.9000015258789	96.0	93.0999984741211	95.0	1964026	2021/05/07 
2021/05/10 	104.5	104.5	95.19999694824219	96.0	9715710	2021/05/10 
2021/05/11 	94.0	96.0	91.4000015258789	93.0	3105127	2021/05/11 
2021/05/12 	94.5	96.30000305175781	87.5	91.19999694824219	3230220	2021/05/12 
2021/05/13 	89.19999694824219	91.5	88.0	88.30000305175781	1786237	2021/05/13 
2021/05/14 	90.5	91.0999984741211	86.80000305175781	87.5999984741211	1233640	2021/05/14 
2021/05/17 	81.0	85.0	79.19999694824219	79.80000305175781	2157326	2021/05/17 
2021/05/18 	82.5	87.69999694824219	81.5999984741211	87.69999694824219	1382000	2021/05/18 
2021/05/19 	87.30000305175781	89.30000305175781	86.0999984741211	88.5	871000	2021/05/19 
2021/05/20 	89.0	89.5999984741211	87.19999694824219	87.5	568001	2021/05/20 
2021/05/21 	89.0	90.30000305175781	88.5999984741211	89.0999984741211	932070	2021/05/21 
2021/05/24 	88.5	93.80000305175781	88.4000015258789	93.5	1588015	2021/05/24 
2021/05/25 	94.9000015258789	96.69999694824219	94.0	94.80000305175781	2065150	2021/05/25 
2021/05/26 	96.69999694824219	97.5	95.0999984741211	95.30000305175781	1717092	2021/05/26 
2021/05/27 	96.4000015258789	100.5	95.5	100.0	4253315	2021/05/27 
2021/05/28 	102.5	109.5	99.69999694824219	105.5	8418732	2021/05/28 
2021/05/31 	108.0	110.0	104.5	109.5	6902810	2021/05/31 
2021/06/01 	108.5	114.0	107.5	113.5	5999375	2021/06/01 
2021/06/02 	114.0	119.0	113.0	117.5	6232017	2021/06/02 
2021/06/03 	118.0	129.0	118.0	129.0	12129362	2021/06/03 
2021/06/04 	128.0	134.5	123.0	129.0	12080502	2021/06/04 
2021/06/07 	129.5	134.5	122.0	134.0	8658574	2021/06/07 
2021/06/08 	135.0	135.0	125.0	126.5	9359905	2021/06/08 
2021/06/09 	126.5	132.0	124.0	129.5	6469070	2021/06/09 
2021/06/10 	131.0	133.0	127.0	129.5	5333264	2021/06/10 
2021/06/11 	132.0	142.0	130.0	142.0	15808791	2021/06/11 
2021/06/15 	143.0	146.5	138.0	138.5	11814963	2021/06/15 
2021/06/16 	140.0	151.5	139.5	149.5	12071714	2021/06/16 
2021/06/17 	150.5	152.5	145.0	149.5	6288038	2021/06/17 
2021/06/18 	150.5	157.5	141.0	142.0	11017694	2021/06/18 
2021/06/21 	140.5	148.5	139.5	143.0	4876545	2021/06/21 
2021/06/22 	148.0	150.0	138.0	139.5	6137396	2021/06/22 
2021/06/23 	140.5	152.5	138.5	150.5	9466500	2021/06/23 
2021/06/24 	150.0	151.0	141.5	144.0	7867961	2021/06/24 
2021/06/25 	146.0	148.0	138.0	140.5	6178554	2021/06/25 
2021/06/28 	141.5	144.0	138.5	141.5	3316355	2021/06/28 
2021/06/29 	142.5	155.0	139.5	144.0	12140665	2021/06/29 
2021/06/30 	146.5	149.0	143.5	143.5	4259800	2021/06/30 
2021/07/01 	144.5	149.0	142.0	146.0	4519260	2021/07/01 
2021/07/02 	149.0	160.5	148.0	160.5	14832061	2021/07/02 
2021/07/05 	165.0	169.0	154.5	163.0	14623602	2021/07/05 
2021/07/06 	167.0	175.0	164.0	167.5	11013817	2021/07/06 
2021/07/07 	168.0	174.0	165.5	173.0	8921658	2021/07/07 
2021/07/08 	174.0	182.0	169.0	173.5	10926800	2021/07/08 
2021/07/09 	171.5	179.5	170.0	177.5	5903632	2021/07/09 
2021/07/12 	180.5	181.5	175.0	179.0	6168064	2021/07/12 
2021/07/13 	181.5	188.0	171.0	174.5	9298516	2021/07/13 
2021/07/14 	177.0	181.0	172.0	176.0	4949473	2021/07/14 
2021/07/15 	179.5	181.0	174.0	177.5	3858160	2021/07/15 
2021/07/16 	179.0	194.0	178.0	186.0	10121542	2021/07/16 
2021/07/19 	187.0	193.0	183.5	185.0	6486073	2021/07/19 
2021/07/20 	183.0	186.5	173.5	176.0	6417910	2021/07/20 
2021/07/21 	181.0	185.0	178.5	180.5	4373416	2021/07/21 
2021/07/22 	184.0	185.0	180.0	182.0	2623203	2021/07/22 
2021/07/23 	185.5	189.0	173.0	176.5	5910139	2021/07/23 
2021/07/26 	178.0	187.5	176.5	183.5	4300312	2021/07/26 
2021/07/27 	185.0	186.5	175.0	175.0	4006305	2021/07/27 
2021/07/28 	174.5	177.0	160.5	172.0	4449682	2021/07/28 
2021/07/29 	176.0	178.5	169.5	177.5	2762290	2021/07/29 
2021/07/30 	177.5	180.5	169.0	169.5	3467348	2021/07/30 
2021/08/02 	172.5	175.5	167.0	174.0	2727160	2021/08/02 
2021/08/03 	174.5	176.5	171.5	172.0	1284010	2021/08/03 
2021/08/04 	173.0	176.5	168.0	169.5	2258216	2021/08/04 
2021/08/05 	171.0	174.0	169.0	170.0	1713665	2021/08/05 
2021/08/06 	163.0	169.5	162.0	164.0	4495951	2021/08/06 
2021/08/09 	164.0	168.0	161.5	165.0	1995429	2021/08/09 
2021/08/10 	166.0	166.5	160.5	162.0	1635129	2021/08/10 
2021/08/11 	163.0	165.5	157.0	160.0	2199061	2021/08/11 
2021/08/12 	161.0	167.5	160.5	166.0	1802201	2021/08/12 
2021/08/13 	165.5	166.0	157.5	159.0	2187375	2021/08/13 
2021/08/16 	158.5	161.5	147.5	158.0	4202137	2021/08/16 
2021/08/17 	161.5	163.5	149.5	149.5	2659579	2021/08/17 
2021/08/18 	148.0	161.0	148.0	159.5	2704300	2021/08/18 
2021/08/19 	158.0	161.5	151.5	151.5	1762380	2021/08/19 
2021/08/20 	154.0	157.0	151.0	151.5	1473200	2021/08/20 
2021/08/23 	155.0	160.5	153.0	159.5	2232410	2021/08/23 
2021/08/24 	161.0	161.5	153.5	154.5	2186350	2021/08/24 
2021/08/25 	156.0	161.0	155.0	158.5	1466300	2021/08/25 
2021/08/26 	164.0	166.5	157.0	157.5	3604500	2021/08/26 
2021/08/27 	157.5	158.5	150.0	150.5	2498250	2021/08/27 
2021/08/30 	153.0	154.5	150.5	151.5	890000	2021/08/30 
2021/08/31 	152.5	153.0	149.0	151.0	883912	2021/08/31 
2021/09/01 	151.0	153.0	149.5	153.0	944060	2021/09/01 
2021/09/02 	152.0	155.0	148.0	148.5	1581100	2021/09/02 
2021/09/03 	150.0	151.0	144.5	146.0	1576123	2021/09/03 
2021/09/06 	150.0	153.5	146.0	146.5	2190500	2021/09/06 
2021/09/07 	147.0	148.0	140.5	142.0	1740072	2021/09/07 
2021/09/08 	143.5	145.0	139.0	139.0	1357001	2021/09/08 
2021/09/09 	140.0	144.5	139.0	144.0	941265	2021/09/09 
2021/09/10 	142.5	146.0	139.5	141.5	1386201	2021/09/10 
2021/09/13 	140.0	143.0	140.0	141.0	419000	2021/09/13 
2021/09/14 	142.0	142.0	139.5	139.5	383002	2021/09/14 
2021/09/15 	139.5	140.0	133.5	135.5	1371000	2021/09/15 
2021/09/16 	137.0	143.5	137.0	141.5	1448226	2021/09/16 
2021/09/17 	143.0	147.5	140.0	146.5	1803243	2021/09/17 
2021/09/22 	142.0	145.5	140.5	141.0	1337600	2021/09/22 
2021/09/23 	143.5	152.0	143.5	150.0	2811330	2021/09/23 
2021/09/24 	153.0	153.5	146.5	148.0	3837680	2021/09/24 
2021/09/27 	148.0	148.5	141.0	142.0	1959758	2021/09/27 
2021/09/28 	139.5	139.5	133.0	135.0	2718261	2021/09/28 
2021/09/29 	130.0	132.5	126.5	127.5	1937522	2021/09/29 
2021/09/30 	128.5	132.5	127.0	132.0	1295154	2021/09/30 
2021/10/01 	131.5	131.5	127.0	128.0	1436120	2021/10/01 
2021/10/04 	129.0	130.5	123.0	123.5	1336550	2021/10/04 
2021/10/05 	119.0	129.0	118.0	129.0	1828432	2021/10/05 
2021/10/06 	131.0	131.0	120.5	121.5	1397200	2021/10/06 
2021/10/07 	122.0	128.0	122.0	127.5	1160160	2021/10/07 
2021/10/08 	128.5	129.0	124.5	125.0	772163	2021/10/08 
2021/10/12 	123.0	126.0	121.0	122.5	812044	2021/10/12 
2021/10/13 	124.0	125.5	120.0	120.0	682010	2021/10/13 
2021/10/14 	121.5	125.5	121.5	124.5	876033	2021/10/14 
2021/10/15 	127.5	128.0	125.5	126.0	545200	2021/10/15 
2021/10/18 	127.0	127.0	121.0	122.0	465050	2021/10/18 
2021/10/19 	123.5	129.0	123.5	127.0	1323160	2021/10/19 
2021/10/20 	129.0	129.0	124.5	125.5	729075	2021/10/20 
2021/10/21 	125.5	129.5	125.5	125.5	698000	2021/10/21 
2021/10/22 	126.0	129.5	125.0	128.0	807100	2021/10/22 
2021/10/25 	128.0	128.0	124.5	125.0	972141	2021/10/25 
2021/10/26 	126.5	129.5	126.0	126.5	1131040	2021/10/26 
2021/10/27 	127.0	131.5	126.0	130.0	1591121	2021/10/27 
2021/10/28 	130.0	132.5	127.5	129.0	2040000	2021/10/28 
2021/10/29 	129.5	129.5	126.0	126.5	1136323	2021/10/29 
2021/11/01 	127.0	131.5	126.5	130.5	1372117	2021/11/01 
2021/11/02 	131.0	132.5	126.0	126.0	1566012	2021/11/02 
2021/11/03 	127.5	131.5	125.5	129.5	1084106	2021/11/03 
2021/11/04 	131.5	141.5	130.5	137.5	5164502	2021/11/04 
2021/11/05 	138.0	142.0	131.5	132.5	5006357	2021/11/05 
2021/11/08 	131.0	131.5	126.5	127.0	2752284	2021/11/08 
2021/11/09 	128.5	130.5	127.0	128.0	1370120	2021/11/09 
2021/11/10 	129.0	131.0	127.5	130.0	954100	2021/11/10 
2021/11/11 	130.0	132.5	128.5	129.0	1151150	2021/11/11 
2021/11/12 	131.0	132.0	129.0	129.5	785002	2021/11/12 
2021/11/15 	130.0	136.5	128.5	134.0	2279490	2021/11/15 
2021/11/16 	136.0	139.0	131.5	138.0	3583290	2021/11/16 
2021/11/17 	140.0	145.0	138.0	139.5	5732145	2021/11/17 
2021/11/18 	140.0	144.0	137.0	138.0	3627352	2021/11/18 
2021/11/19 	138.5	140.0	135.5	135.5	1850594	2021/11/19 
2021/11/22 	135.0	136.5	134.5	136.0	742200	2021/11/22 
2021/11/23 	134.5	135.0	131.0	131.0	1257460	2021/11/23 
2021/11/24 	132.0	136.5	131.5	136.0	1524197	2021/11/24 
2021/11/25 	136.0	142.0	136.0	138.5	3877410	2021/11/25 
2021/11/26 	140.0	140.0	133.0	133.5	2450621	2021/11/26 
2021/11/29 	130.0	133.0	127.5	131.5	1641450	2021/11/29 
2021/11/30 	133.0	135.0	133.0	134.5	913306	2021/11/30 
2021/12/01 	133.0	134.0	131.5	132.5	667210	2021/12/01 
2021/12/02 	132.5	134.0	129.5	129.5	1105500	2021/12/02 
2021/12/03 	130.0	131.5	129.5	130.5	796153	2021/12/03 
2021/12/06 	130.5	132.0	129.5	131.0	489250	2021/12/06 
2021/12/07 	132.0	134.0	130.0	131.0	993000	2021/12/07 
2021/12/08 	132.5	133.0	131.0	131.5	508280	2021/12/08 
2021/12/09 	132.0	133.0	130.0	130.0	541409	2021/12/09 
2021/12/10 	129.5	130.0	128.5	128.5	664400	2021/12/10 
2021/12/13 	129.0	130.0	127.0	127.0	650118	2021/12/13 
2021/12/14 	126.5	126.5	123.0	123.0	863884	2021/12/14 
2021/12/15 	123.5	125.0	123.0	124.5	336100	2021/12/15 
2021/12/16 	126.5	127.0	125.0	126.5	389500	2021/12/16 
2021/12/17 	125.5	126.0	123.5	124.5	401101	2021/12/17 
2021/12/20 	125.5	125.5	122.5	123.5	352100	2021/12/20 
2021/12/21 	123.5	131.0	123.5	131.0	1153194	2021/12/21 
2021/12/22 	131.5	138.5	131.0	135.5	5321357	2021/12/22 
2021/12/23 	135.5	137.5	134.5	134.5	2176180	2021/12/23 
2021/12/24 	136.5	136.5	132.5	132.5	1206468	2021/12/24 
2021/12/27 	134.5	138.0	134.0	135.0	1381864	2021/12/27 
2021/12/28 	136.0	136.5	132.5	133.0	784217	2021/12/28 
2021/12/29 	133.0	133.5	131.5	132.0	477190	2021/12/29 
2021/12/30 	133.5	134.0	132.5	133.5	493240	2021/12/30 
2022/01/03 	134.0	137.5	134.0	137.0	1646398	2022/01/03 
2022/01/04 	137.5	138.0	132.5	133.0	1227102	2022/01/04 
2022/01/05 	134.0	135.5	132.0	132.0	547507	2022/01/05 
2022/01/06 	131.0	132.5	128.0	129.0	857302	2022/01/06 
2022/01/07 	130.5	130.5	124.5	126.0	1050356	2022/01/07 
2022/01/10 	125.0	128.0	124.5	127.0	410320	2022/01/10 
2022/01/11 	128.0	128.0	125.0	125.5	466305	2022/01/11 
2022/01/12 	126.5	126.5	123.0	123.0	702080	2022/01/12 
2022/01/13 	123.5	124.5	122.0	122.5	493000	2022/01/13 
2022/01/14 	122.5	122.5	118.0	119.5	1158206	2022/01/14 
2022/01/17 	119.5	123.0	119.5	123.0	347000	2022/01/17 
2022/01/18 	123.0	125.0	122.0	122.0	309006	2022/01/18 
2022/01/19 	120.0	121.5	120.0	120.5	254127	2022/01/19 
2022/01/20 	121.5	124.0	120.5	123.0	402203	2022/01/20 
2022/01/21 	120.5	121.5	119.0	119.0	565138	2022/01/21 
2022/01/24 	117.5	118.0	115.0	116.0	647206	2022/01/24 
2022/01/25 	115.0	116.5	111.0	111.0	1038450	2022/01/25 
2022/01/26 	109.5	113.0	109.5	112.5	450206	2022/01/26 
2022/02/07 	114.5	116.5	113.0	116.0	388350	2022/02/07 
2022/02/08 	116.0	120.5	115.5	120.5	443360	2022/02/08 
2022/02/09 	121.0	123.5	120.5	123.5	509095	2022/02/09 
2022/02/10 	122.5	122.5	120.5	121.5	512363	2022/02/10 
2022/02/11 	120.0	122.5	119.5	122.0	249121	2022/02/11 
2022/02/14 	120.0	120.5	117.5	118.5	749100	2022/02/14 
2022/02/15 	119.0	122.5	119.0	120.0	426116	2022/02/15 
2022/02/16 	122.5	123.0	121.5	121.5	384419	2022/02/16 
2022/02/17 	122.0	122.5	120.5	121.0	277003	2022/02/17 
2022/02/18 	119.5	123.0	119.5	123.0	285306	2022/02/18 
2022/02/21 	122.0	122.5	121.5	122.0	212038	2022/02/21 
2022/02/22 	121.0	121.5	117.0	117.5	559400	2022/02/22 
2022/02/23 	118.5	121.5	118.0	121.0	364300	2022/02/23 
2022/02/24 	121.0	121.0	116.0	116.5	653690	2022/02/24 
2022/02/25 	119.0	119.0	117.0	117.5	278000	2022/02/25 
2022/03/01 	119.0	120.0	118.0	119.5	185015	2022/03/01 
2022/03/02 	119.5	119.5	117.5	118.5	208000	2022/03/02 
2022/03/03 	120.0	120.0	117.0	117.5	387120	2022/03/03 
2022/03/04 	117.5	118.0	117.0	117.0	238899	2022/03/04 
2022/03/07 	117.0	117.0	113.5	114.5	586303	2022/03/07 
2022/03/08 	113.0	115.0	110.5	111.0	537870	2022/03/08 
2022/03/09 	113.0	113.0	111.5	112.0	368053	2022/03/09 
2022/03/10 	114.5	117.0	114.5	115.5	354015	2022/03/10 
2022/03/11 	115.0	115.5	113.0	114.0	301148	2022/03/11 
2022/03/14 	114.0	114.0	112.0	112.5	265016	2022/03/14 
2022/03/15 	112.5	112.5	107.5	108.0	769262	2022/03/15 
2022/03/16 	110.0	110.0	106.0	106.5	427000	2022/03/16 
2022/03/17 	109.0	111.5	109.0	111.5	419000	2022/03/17 
2022/03/18 	111.0	112.5	110.0	112.5	283100	2022/03/18 
2022/03/21 	113.0	114.5	113.0	113.5	339156	2022/03/21 
2022/03/22 	113.5	113.5	111.0	112.0	427000	2022/03/22 
2022/03/23 	113.5	115.5	113.0	115.0	529018	2022/03/23 
2022/03/24 	115.0	115.5	114.0	114.5	322018	2022/03/24 
2022/03/25 	115.0	115.5	112.5	113.5	277000	2022/03/25 
2022/03/28 	113.0	113.0	110.5	111.5	235016	2022/03/28 
2022/03/29 	112.5	113.0	110.5	111.0	249049	2022/03/29 
2022/03/30 	113.0	115.0	113.0	114.0	439135	2022/03/30 
2022/03/31 	113.5	114.5	112.0	112.0	197017	2022/03/31 
2022/04/01 	112.0	112.0	110.5	111.0	234052	2022/04/01 
2022/04/06 	110.0	110.0	108.5	109.0	261100	2022/04/06 
2022/04/07 	109.0	110.0	107.0	107.0	468198	2022/04/07 
2022/04/08 	108.5	109.0	108.0	109.0	148100	2022/04/08 
2022/04/11 	108.0	108.0	103.5	103.5	602825	2022/04/11 
2022/04/12 	101.5	102.5	100.5	101.0	522100	2022/04/12 
2022/04/13 	102.5	103.5	101.5	103.5	260010	2022/04/13 
2022/04/14 	104.0	104.0	102.0	102.0	195070	2022/04/14 
2022/04/15 	101.0	101.0	99.30000305175781	99.5	461110	2022/04/15 
2022/04/18 	99.69999694824219	99.69999694824219	97.0999984741211	98.0	364385	2022/04/18 
2022/04/19 	98.80000305175781	101.0	98.80000305175781	100.0	346030	2022/04/19 
2022/04/20 	100.0	103.5	100.0	102.5	422200	2022/04/20 
2022/04/21 	102.5	103.0	101.5	101.5	175000	2022/04/21 
2022/04/22 	100.5	102.5	100.0	102.0	261002	2022/04/22 
2022/04/25 	100.5	100.5	96.9000015258789	97.0	605100	2022/04/25 
2022/04/26 	98.0	98.4000015258789	96.0999984741211	96.0999984741211	269028	2022/04/26 
2022/04/27 	92.5	94.0	87.9000015258789	93.0	970000	2022/04/27 
2022/04/28 	89.5	92.5	88.69999694824219	91.19999694824219	1500002	2022/04/28 
2022/04/29 	92.5	94.4000015258789	92.19999694824219	93.5	432100	2022/04/29 
2022/05/03 	93.9000015258789	95.0	93.0999984741211	94.30000305175781	254209	2022/05/03 
2022/05/04 	95.19999694824219	96.5	95.0	95.9000015258789	269031	2022/05/04 
2022/05/05 	97.0	98.19999694824219	96.80000305175781	97.30000305175781	295103	2022/05/05 
2022/05/06 	94.5	95.5	94.19999694824219	94.69999694824219	199255	2022/05/06 
2022/05/09 	93.0	94.0	90.0	90.0	441300	2022/05/09 
2022/05/10 	88.0	92.4000015258789	87.5	92.0	363148	2022/05/10 
2022/05/11 	91.69999694824219	91.80000305175781	90.19999694824219	90.5	159090	2022/05/11 
2022/05/12 	90.5	91.30000305175781	88.0999984741211	88.19999694824219	312219	2022/05/12 
2022/05/13 	89.0999984741211	89.80000305175781	88.5	89.0	207167	2022/05/13 
2022/05/16 	90.5999984741211	90.80000305175781	88.69999694824219	88.80000305175781	187080	2022/05/16 
2022/05/17 	89.19999694824219	90.5	89.19999694824219	90.5	200050	2022/05/17 
2022/05/18 	91.30000305175781	92.19999694824219	90.5	91.4000015258789	259071	2022/05/18 
2022/05/19 	89.9000015258789	90.5	89.0	90.5	208101	2022/05/19 
2022/05/20 	91.0999984741211	91.80000305175781	90.30000305175781	91.0999984741211	261000	2022/05/20 
2022/05/23 	91.5999984741211	92.0	91.19999694824219	91.4000015258789	132022	2022/05/23 
2022/05/24 	91.5999984741211	91.9000015258789	89.80000305175781	89.80000305175781	189139	2022/05/24 
2022/05/25 	90.19999694824219	90.80000305175781	90.0	90.30000305175781	115002	2022/05/25 
2022/05/26 	91.0	91.30000305175781	89.9000015258789	90.0	128051	2022/05/26 
2022/05/27 	91.30000305175781	94.19999694824219	91.0	93.19999694824219	725132	2022/05/27 
2022/05/30 	94.0	95.5	93.5999984741211	95.0999984741211	432030	2022/05/30 
2022/05/31 	94.19999694824219	95.5999984741211	94.19999694824219	94.5	180100	2022/05/31 
2022/06/01 	94.5999984741211	96.0	94.5	95.4000015258789	355001	2022/06/01 
2022/06/02 	95.5999984741211	95.5999984741211	94.30000305175781	94.5	197000	2022/06/02 
2022/06/06 	95.0	95.0	92.5999984741211	93.5	245004	2022/06/06 
2022/06/07 	93.30000305175781	94.9000015258789	93.30000305175781	94.9000015258789	176051	2022/06/07 
2022/06/08 	93.0	93.0999984741211	90.19999694824219	90.5999984741211	1083466	2022/06/08 
2022/06/09 	90.5999984741211	91.4000015258789	90.0999984741211	90.4000015258789	320300	2022/06/09 
2022/06/10 	90.0	90.4000015258789	89.4000015258789	90.4000015258789	182104	2022/06/10 
2022/06/13 	89.4000015258789	89.4000015258789	88.19999694824219	88.5999984741211	303184	2022/06/13 
2022/06/14 	88.0	89.0	87.5	88.80000305175781	266200	2022/06/14 
2022/06/15 	89.30000305175781	90.19999694824219	88.80000305175781	89.5999984741211	186792	2022/06/15 
2022/06/16 	90.4000015258789	91.0	86.5	86.5	411221	2022/06/16 
2022/06/17 	84.30000305175781	85.0	81.4000015258789	82.0	815100	2022/06/17 
2022/06/20 	83.0	83.5999984741211	81.4000015258789	81.4000015258789	694104	2022/06/20 
2022/06/21 	74.5999984741211	75.4000015258789	74.0999984741211	75.30000305175781	553030	2022/06/21 
2022/06/22 	75.5	75.5999984741211	70.0999984741211	70.4000015258789	641155	2022/06/22 
2022/06/23 	70.0999984741211	71.30000305175781	69.80000305175781	71.0	346057	2022/06/23 
2022/06/24 	72.5	74.30000305175781	71.69999694824219	72.5999984741211	291205	2022/06/24 
2022/06/27 	74.69999694824219	76.0999984741211	74.0	75.9000015258789	299082	2022/06/27 
2022/06/28 	76.0999984741211	76.0999984741211	73.4000015258789	73.9000015258789	177127	2022/06/28 
2022/06/29 	73.4000015258789	74.5	73.0999984741211	74.0	116002	2022/06/29 
2022/06/30 	74.30000305175781	74.30000305175781	70.19999694824219	70.4000015258789	329001	2022/06/30 
2022/07/01 	71.0	71.0	66.0999984741211	66.0999984741211	426100	2022/07/01 
2022/07/04 	66.0999984741211	68.80000305175781	66.0999984741211	67.69999694824219	244397	2022/07/04 
2022/07/05 	69.0	69.4000015258789	66.4000015258789	67.69999694824219	232072	2022/07/05 
2022/07/06 	67.0999984741211	67.19999694824219	64.0	64.30000305175781	286638	2022/07/06 
2022/07/07 	64.69999694824219	68.0999984741211	64.5999984741211	67.9000015258789	327058	2022/07/07 
2022/07/08 	67.5	67.5999984741211	65.30000305175781	66.30000305175781	727165	2022/07/08 
2022/07/11 	67.0	67.0	65.30000305175781	65.5	208109	2022/07/11 
2022/07/12 	64.4000015258789	64.4000015258789	62.29999923706055	62.5	355135	2022/07/12 
2022/07/13 	63.900001525878906	65.80000305175781	63.900001525878906	65.0	317050	2022/07/13 
2022/07/14 	65.0	67.80000305175781	64.9000015258789	67.5	256265	2022/07/14 
2022/07/15 	67.0	68.4000015258789	67.0	68.0	222201	2022/07/15 
2022/07/18 	68.5	69.0	68.0	68.0	160150	2022/07/18 
2022/07/19 	68.0	68.19999694824219	67.0999984741211	67.19999694824219	110201	2022/07/19 
2022/07/20 	68.80000305175781	69.19999694824219	68.19999694824219	68.4000015258789	253202	2022/07/20 
2022/07/21 	68.5	70.5999984741211	68.5	70.5	228045	2022/07/21 
2022/07/22 	70.4000015258789	70.80000305175781	69.0	69.30000305175781	193005	2022/07/22 
2022/07/25 	68.9000015258789	69.30000305175781	68.30000305175781	68.30000305175781	63291	2022/07/25 
2022/07/26 	68.30000305175781	68.30000305175781	65.19999694824219	65.5	257200	2022/07/26 
2022/07/27 	65.0	65.9000015258789	63.900001525878906	65.9000015258789	325060	2022/07/27 
2022/07/28 	66.5	66.69999694824219	64.69999694824219	65.19999694824219	220205	2022/07/28 
2022/07/29 	65.4000015258789	65.9000015258789	65.0999984741211	65.30000305175781	105101	2022/07/29 
2022/08/01 	66.0	66.0	65.0	65.0	114200	2022/08/01 
2022/08/02 	64.80000305175781	64.80000305175781	62.5	62.900001525878906	232201	2022/08/02 
2022/08/03 	62.79999923706055	63.400001525878906	62.29999923706055	62.5	133265	2022/08/03 
2022/08/04 	62.29999923706055	63.0	60.5	61.599998474121094	252022	2022/08/04 
2022/08/05 	62.79999923706055	63.20000076293945	62.20000076293945	62.400001525878906	119403	2022/08/05 
2022/08/08 	62.400001525878906	62.5	61.29999923706055	62.0	116248	2022/08/08 
2022/08/09 	62.0	63.400001525878906	61.70000076293945	62.79999923706055	84050	2022/08/09 
2022/08/10 	62.79999923706055	62.79999923706055	62.0	62.20000076293945	96207	2022/08/10 
2022/08/11 	63.20000076293945	67.69999694824219	63.20000076293945	67.5999984741211	808154	2022/08/11 
2022/08/12 	67.9000015258789	68.0	66.5	68.0	310017	2022/08/12 
2022/08/15 	68.5	69.4000015258789	68.30000305175781	69.0	263200	2022/08/15 
2022/08/16 	69.80000305175781	69.80000305175781	67.80000305175781	68.0	218441	2022/08/16 
2022/08/17 	68.5	68.5	67.0999984741211	67.4000015258789	144025	2022/08/17 
2022/08/18 	67.80000305175781	68.5	66.5999984741211	68.5	142001	2022/08/18 
2022/08/19 	68.9000015258789	71.30000305175781	68.80000305175781	70.0999984741211	514100	2022/08/19 
2022/08/22 	70.0	77.0	69.9000015258789	76.0	1069000	2022/08/22 
2022/08/23 	74.9000015258789	75.0999984741211	72.80000305175781	72.9000015258789	744350	2022/08/23 
2022/08/24 	73.0	73.80000305175781	71.0	71.0	470007	2022/08/24 
2022/08/25 	71.5	72.5	71.5	71.5999984741211	197000	2022/08/25 
2022/08/26 	72.30000305175781	72.69999694824219	71.5999984741211	71.69999694824219	209004	2022/08/26 
2022/08/29 	69.0999984741211	70.5	68.69999694824219	69.4000015258789	266065	2022/08/29 
2022/08/30 	69.80000305175781	70.9000015258789	69.5	70.9000015258789	77201	2022/08/30 
2022/08/31 	71.5	75.4000015258789	71.0	74.30000305175781	711170	2022/08/31 
2022/09/01 	73.30000305175781	74.19999694824219	71.19999694824219	71.5	584232	2022/09/01 
2022/09/02 	72.69999694824219	73.30000305175781	71.80000305175781	72.69999694824219	220038	2022/09/02 
2022/09/05 	72.9000015258789	74.0	70.5	70.80000305175781	286099	2022/09/05 
2022/09/06 	71.5	71.69999694824219	69.0	69.0	241104	2022/09/06 
2022/09/07 	68.0999984741211	68.0999984741211	65.80000305175781	66.5999984741211	373015	2022/09/07 
2022/09/08 	68.19999694824219	68.5999984741211	67.5	68.30000305175781	161002	2022/09/08 
2022/09/12 	69.0	70.5999984741211	69.0	69.9000015258789	160300	2022/09/12 
2022/09/13 	70.4000015258789	70.4000015258789	69.0999984741211	69.30000305175781	148001	2022/09/13 
2022/09/14 	66.9000015258789	68.80000305175781	66.9000015258789	68.69999694824219	108077	2022/09/14 
2022/09/15 	68.5	70.0999984741211	68.5	69.4000015258789	129000	2022/09/15 
2022/09/16 	68.69999694824219	69.69999694824219	68.19999694824219	68.19999694824219	168127	2022/09/16 
2022/09/19 	68.19999694824219	68.19999694824219	66.5999984741211	66.80000305175781	195081	2022/09/19 
2022/09/20 	67.30000305175781	67.69999694824219	66.5	66.80000305175781	100000	2022/09/20 
2022/09/21 	67.0	67.0	66.0	66.19999694824219	114096	2022/09/21 
2022/09/22 	65.30000305175781	66.0	65.0	65.80000305175781	143162	2022/09/22 
2022/09/23 	65.5999984741211	67.0	65.19999694824219	65.19999694824219	159039	2022/09/23 
2022/09/26 	65.0999984741211	65.0999984741211	61.5	61.5	414186	2022/09/26 
2022/09/27 	60.79999923706055	62.29999923706055	60.70000076293945	62.29999923706055	210001	2022/09/27 
2022/09/28 	62.29999923706055	62.29999923706055	58.0	58.099998474121094	613024	2022/09/28 
2022/09/29 	60.0	61.29999923706055	59.099998474121094	60.79999923706055	262165	2022/09/29 
2022/09/30 	60.0	61.099998474121094	59.099998474121094	61.0	150150	2022/09/30 
2022/10/03 	60.400001525878906	61.70000076293945	60.29999923706055	60.5	110010	2022/10/03 
2022/10/04 	61.5	62.099998474121094	61.099998474121094	62.0	127000	2022/10/04 
2022/10/05 	62.900001525878906	63.0	61.099998474121094	61.099998474121094	156002	2022/10/05 
2022/10/06 	61.099998474121094	61.20000076293945	60.29999923706055	60.79999923706055	92033	2022/10/06 
2022/10/07 	61.599998474121094	62.900001525878906	61.099998474121094	62.099998474121094	187000	2022/10/07 
2022/10/11 	60.400001525878906	61.0	59.29999923706055	59.79999923706055	180016	2022/10/11 
2022/10/12 	60.0	60.70000076293945	58.5	60.29999923706055	133058	2022/10/12 
2022/10/13 	60.0	60.0	56.70000076293945	56.79999923706055	328001	2022/10/13 
2022/10/14 	58.20000076293945	59.900001525878906	58.099998474121094	59.599998474121094	204100	2022/10/14 
2022/10/17 	58.20000076293945	59.599998474121094	57.900001525878906	59.599998474121094	136400	2022/10/17 
2022/10/18 	60.5	61.0	59.599998474121094	60.70000076293945	136043	2022/10/18 
2022/10/19 	60.599998474121094	61.400001525878906	60.20000076293945	60.400001525878906	88073	2022/10/19 
2022/10/20 	60.400001525878906	61.20000076293945	59.400001525878906	61.0	140019	2022/10/20 
2022/10/21 	60.20000076293945	61.29999923706055	60.0	60.0	124001	2022/10/21 
2022/10/24 	60.79999923706055	61.0	59.29999923706055	59.29999923706055	128000	2022/10/24 
2022/10/25 	59.70000076293945	59.70000076293945	58.099998474121094	58.5	150000	2022/10/25 
2022/10/26 	58.70000076293945	59.5	58.29999923706055	58.599998474121094	53000	2022/10/26 
2022/10/27 	59.400001525878906	60.29999923706055	58.900001525878906	60.20000076293945	182004	2022/10/27 
2022/10/28 	59.5	59.5	58.400001525878906	58.400001525878906	109001	2022/10/28 
2022/10/31 	58.70000076293945	59.70000076293945	58.70000076293945	59.400001525878906	51000	2022/10/31 
2022/11/01 	59.79999923706055	61.099998474121094	59.79999923706055	61.0	154000	2022/11/01 
2022/11/02 	61.400001525878906	64.69999694824219	61.099998474121094	63.29999923706055	571057	2022/11/02 
2022/11/03 	62.20000076293945	64.0	61.599998474121094	63.79999923706055	145001	2022/11/03 
2022/11/04 	63.70000076293945	64.69999694824219	62.79999923706055	64.69999694824219	135050	2022/11/04 
2022/11/07 	65.4000015258789	65.5999984741211	64.0	65.0	200027	2022/11/07 
2022/11/08 	65.30000305175781	66.5999984741211	64.80000305175781	65.0	304025	2022/11/08 
2022/11/09 	65.9000015258789	66.80000305175781	65.69999694824219	66.0	163850	2022/11/09 
2022/11/10 	65.5	65.69999694824219	65.0	65.19999694824219	158000	2022/11/10 
2022/11/11 	67.80000305175781	67.80000305175781	65.0	65.0	313000	2022/11/11 
2022/11/14 	65.4000015258789	66.5	65.19999694824219	66.30000305175781	209185	2022/11/14 
2022/11/15 	66.30000305175781	67.0	65.80000305175781	66.80000305175781	193103	2022/11/15 
2022/11/16 	67.30000305175781	68.19999694824219	66.0999984741211	67.5	358524	2022/11/16 
2022/11/17 	68.0	68.0999984741211	67.0999984741211	68.0	151014	2022/11/17 
2022/11/18 	68.5	69.0999984741211	67.80000305175781	68.30000305175781	169009	2022/11/18 
2022/11/21 	69.30000305175781	69.30000305175781	67.69999694824219	67.80000305175781	143022	2022/11/21 
2022/11/22 	68.4000015258789	68.4000015258789	66.69999694824219	66.80000305175781	126000	2022/11/22 
2022/11/23 	67.0	69.69999694824219	66.80000305175781	68.80000305175781	353000	2022/11/23 
2022/11/24 	69.19999694824219	72.19999694824219	69.19999694824219	72.0999984741211	775250	2022/11/24 
2022/11/25 	72.0	73.19999694824219	70.19999694824219	70.19999694824219	1394100	2022/11/25 
2022/11/28 	69.19999694824219	71.80000305175781	69.0999984741211	70.30000305175781	463801	2022/11/28 
2022/11/29 	70.0999984741211	73.5999984741211	69.80000305175781	72.4000015258789	991231	2022/11/29 
2022/11/30 	72.4000015258789	73.80000305175781	72.19999694824219	72.9000015258789	765020	2022/11/30 
2022/12/01 	73.5999984741211	74.5999984741211	73.19999694824219	73.4000015258789	795020	2022/12/01 
2022/12/02 	73.69999694824219	75.19999694824219	73.69999694824219	74.4000015258789	564120	2022/12/02 
2022/12/05 	75.0999984741211	75.30000305175781	73.80000305175781	74.0	425006	2022/12/05 
2022/12/06 	74.0	74.4000015258789	72.0	72.0	393154	2022/12/06 
2022/12/07 	72.69999694824219	78.69999694824219	72.69999694824219	76.9000015258789	3252165	2022/12/07 
2022/12/08 	76.5	79.80000305175781	75.19999694824219	79.80000305175781	1518397	2022/12/08 
2022/12/09 	79.80000305175781	80.4000015258789	78.0	78.0999984741211	1657033	2022/12/09 
2022/12/12 	78.0	78.69999694824219	77.0	77.5	713430	2022/12/12 
2022/12/13 	78.0	78.0	76.0999984741211	76.0999984741211	496001	2022/12/13 
2022/12/14 	77.0	77.69999694824219	76.4000015258789	76.4000015258789	461000	2022/12/14 
2022/12/15 	76.5	78.30000305175781	76.30000305175781	78.0	468050	2022/12/15 
2022/12/16 	76.9000015258789	77.80000305175781	76.5	77.0	399100	2022/12/16 
2022/12/19 	77.19999694824219	77.5	76.19999694824219	76.19999694824219	293003	2022/12/19 
2022/12/20 	76.0	76.4000015258789	73.0	73.0	425007	2022/12/20 
2022/12/21 	73.5	74.0	72.5999984741211	72.5999984741211	209005	2022/12/21 
2022/12/22 	73.5	75.19999694824219	73.19999694824219	75.0999984741211	515114	2022/12/22 
2022/12/23 	74.30000305175781	76.0	73.5999984741211	75.19999694824219	254137	2022/12/23 
2022/12/26 	75.19999694824219	75.5999984741211	74.5	74.5999984741211	97000	2022/12/26 
2022/12/27 	74.5999984741211	78.0	74.5999984741211	77.0999984741211	429160	2022/12/27 
2022/12/28 	76.5	76.69999694824219	74.0999984741211	75.19999694824219	310450	2022/12/28 
2022/12/29 	74.69999694824219	75.5	74.19999694824219	75.0999984741211	299001	2022/12/29 
2022/12/30 	75.69999694824219	76.19999694824219	75.30000305175781	75.30000305175781	303081	2022/12/30 
2023/01/03 	75.19999694824219	75.5	74.19999694824219	74.80000305175781	361060	2023/01/03 
2023/01/04 	74.5999984741211	76.5	74.5999984741211	76.19999694824219	267023	2023/01/04 
2023/01/05 	76.80000305175781	76.9000015258789	75.19999694824219	75.5	169026	2023/01/05 
2023/01/06 	76.0	77.30000305175781	75.5	77.0	376200	2023/01/06 
2023/01/09 	76.80000305175781	79.4000015258789	76.19999694824219	77.19999694824219	596080	2023/01/09 
2023/01/10 	77.80000305175781	78.69999694824219	77.19999694824219	77.30000305175781	271100	2023/01/10 
2023/01/11 	77.4000015258789	78.19999694824219	77.0	77.5	195017	2023/01/11 
2023/01/12 	77.5999984741211	78.0	76.19999694824219	76.4000015258789	166000	2023/01/12 
2023/01/13 	76.5999984741211	77.30000305175781	75.5999984741211	75.5999984741211	232039	2023/01/13 
2023/01/16 	75.80000305175781	76.0	74.69999694824219	74.69999694824219	172098	2023/01/16 
2023/01/17 	74.69999694824219	75.5	74.5999984741211	75.5	224023	2023/01/17 
2023/01/30 	76.0999984741211	78.5999984741211	76.0	78.19999694824219	625002	2023/01/30 
2023/01/31 	78.30000305175781	80.80000305175781	78.30000305175781	80.19999694824219	873055	2023/01/31 
2023/02/01 	81.0999984741211	81.9000015258789	80.19999694824219	81.9000015258789	799801	2023/02/01 
2023/02/02 	82.5	83.5	82.30000305175781	83.0	718101	2023/02/02 
2023/02/03 	83.4000015258789	83.4000015258789	81.69999694824219	81.80000305175781	388288	2023/02/03 
