Date	Open	High	Low	Close	Volume	Date
2018/07/17 	78.39815521240234	81.41346740722656	63.32158660888672	78.39815521240234	328087	2018/07/17 
2018/07/18 	69.85476684570312	77.89057922363281	69.23160552978516	69.85476684570312	185371	2018/07/18 
2018/07/19 	66.83442687988281	70.3573226928711	62.819034576416016	66.83442687988281	261127	2018/07/19 
2018/07/20 	66.33187866210938	66.76909637451172	64.02516174316406	66.33187866210938	54342	2018/07/20 
2018/07/23 	71.3624267578125	71.85994720458984	66.58818054199219	71.3624267578125	345148	2018/07/23 
2018/07/24 	71.61370086669922	74.88028717041016	71.3624267578125	71.61370086669922	245689	2018/07/24 
2018/07/25 	70.85987091064453	71.86497497558594	70.3573226928711	70.85987091064453	98600	2018/07/25 
2018/07/26 	71.3573989868164	71.3573989868164	69.85979461669922	71.3573989868164	43199	2018/07/26 
2018/07/27 	71.60867309570312	71.86497497558594	70.36234283447266	71.60867309570312	90040	2018/07/27 
2018/07/30 	69.85476684570312	71.10612487792969	69.6034927368164	69.85476684570312	18240	2018/07/30 
2018/07/31 	69.10093688964844	69.85476684570312	68.35213470458984	69.10093688964844	30884	2018/07/31 
2018/08/01 	66.34192657470703	68.84966278076172	65.25641632080078	66.34192657470703	51759	2018/08/01 
2018/08/02 	66.33689880371094	67.84455871582031	65.33179473876953	66.33689880371094	30205	2018/08/02 
2018/08/03 	65.58307647705078	66.33689880371094	63.829166412353516	65.58307647705078	71833	2018/08/03 
2018/08/06 	64.57796478271484	65.38204956054688	64.33171844482422	64.57796478271484	16316	2018/08/06 
2018/08/07 	65.33179473876953	66.33187866210938	64.33171844482422	65.33179473876953	36424	2018/08/07 
2018/08/08 	64.83426666259766	66.33187866210938	64.8292465209961	64.83426666259766	62323	2018/08/08 
2018/08/09 	64.8292465209961	65.1760025024414	64.31161499023438	64.8292465209961	39068	2018/08/09 
2018/08/10 	66.33689880371094	67.70886993408203	64.8292465209961	66.33689880371094	43776	2018/08/10 
2018/08/13 	64.57796478271484	65.33179473876953	63.32158660888672	64.57796478271484	99133	2018/08/13 
2018/08/14 	64.57796478271484	64.77899169921875	62.31648254394531	64.57796478271484	38115	2018/08/14 
2018/08/15 	61.763675689697266	64.77899169921875	60.8088264465332	61.763675689697266	74871	2018/08/15 
2018/08/16 	60.3062744140625	61.81393051147461	59.301170349121094	60.3062744140625	40990	2018/08/16 
2018/08/17 	61.411888122558594	63.477378845214844	60.49724578857422	61.411888122558594	93522	2018/08/17 
2018/08/20 	62.819034576416016	62.819034576416016	60.3062744140625	62.819034576416016	51954	2018/08/20 
2018/08/21 	61.81895446777344	62.065208435058594	61.81895446777344	61.81895446777344	10645	2018/08/21 
2018/08/22 	62.71852493286133	62.81401062011719	62.0601806640625	62.71852493286133	51739	2018/08/22 
2018/08/23 	64.36186981201172	64.36186981201172	62.31648254394531	64.36186981201172	24096	2018/08/23 
2018/08/24 	63.31656265258789	63.31656265258789	62.31648254394531	63.31656265258789	65744	2018/08/24 
2018/08/27 	62.31648254394531	62.67329406738281	62.31648254394531	62.31648254394531	28454	2018/08/27 
2018/08/28 	62.572784423828125	62.819034576416016	62.572784423828125	62.572784423828125	4576	2018/08/28 
2018/08/29 	63.32158660888672	63.56783676147461	61.81895446777344	63.32158660888672	25891	2018/08/29 
2018/08/30 	66.38213348388672	66.64848327636719	63.32158660888672	66.38213348388672	64500	2018/08/30 
2018/08/31 	68.34208679199219	68.76925659179688	66.8394546508789	68.34208679199219	48144	2018/08/31 
2018/09/03 	68.54813385009766	70.75383758544922	67.1661148071289	68.54813385009766	89942	2018/09/03 
2018/09/04 	68.54813385009766	68.54813385009766	68.54813385009766	68.54813385009766	0	2018/09/04 
2018/09/05 	71.306640625	71.306640625	70.20655059814453	71.306640625	10857	2018/09/05 
2018/09/06 	70.88650512695312	70.88650512695312	70.88650512695312	70.88650512695312	1814	2018/09/06 
2018/09/07 	69.10093688964844	71.306640625	69.10093688964844	69.10093688964844	1816	2018/09/07 
2018/09/10 	69.10093688964844	69.6482162475586	68.56471252441406	69.10093688964844	12716	2018/09/10 
2018/09/11 	66.3424301147461	69.09541320800781	66.3424301147461	66.3424301147461	101577	2018/09/11 
2018/09/12 	68.10588836669922	69.6482162475586	66.33689880371094	68.10588836669922	25506	2018/09/12 
2018/09/13 	68.10588836669922	68.10588836669922	68.10588836669922	68.10588836669922	0	2018/09/13 
2018/09/14 	69.37181854248047	69.37181854248047	65.92782592773438	69.37181854248047	3256	2018/09/14 
2018/09/17 	67.49227142333984	69.65374755859375	67.49227142333984	67.49227142333984	92	2018/09/17 
2018/09/18 	67.71891784667969	67.71891784667969	67.49779510498047	67.71891784667969	16370	2018/09/18 
2018/09/19 	67.57518768310547	67.884765625	67.57518768310547	67.57518768310547	1817	2018/09/19 
2018/09/20 	67.87923431396484	67.87923431396484	66.6133041381836	67.87923431396484	4703	2018/09/20 
2018/09/21 	67.44252014160156	67.87923431396484	66.88970947265625	67.44252014160156	21893	2018/09/21 
2018/09/25 	69.09541320800781	69.09541320800781	66.6133041381836	69.09541320800781	14489	2018/09/25 
2018/09/26 	68.0008544921875	69.09541320800781	68.0008544921875	68.0008544921875	30819	2018/09/26 
2018/09/27 	69.09541320800781	69.09541320800781	69.08988189697266	69.09541320800781	3806	2018/09/27 
2018/09/28 	70.20655059814453	70.20655059814453	68.66974639892578	70.20655059814453	37987	2018/09/28 
2018/10/01 	72.43989562988281	72.43989562988281	70.75936126708984	72.43989562988281	10491	2018/10/01 
2018/10/02 	71.86497497558594	72.68865966796875	70.75936126708984	71.86497497558594	30028	2018/10/02 
2018/10/03 	70.764892578125	72.4122543334961	70.764892578125	70.764892578125	15377	2018/10/03 
2018/10/04 	70.26183319091797	72.7715835571289	70.20655059814453	70.26183319091797	11577	2018/10/04 
2018/10/05 	70.75936126708984	72.20771789550781	69.66480255126953	70.75936126708984	9406	2018/10/05 
2018/10/08 	68.54813385009766	71.85945129394531	68.271728515625	68.54813385009766	15538	2018/10/08 
2018/10/09 	68.16116333007812	69.3773422241211	67.22692108154297	68.16116333007812	18478	2018/10/09 
2018/10/11 	63.578392028808594	67.22692108154297	61.969722747802734	63.578392028808594	86424	2018/10/11 
2018/10/12 	66.06050109863281	66.06050109863281	63.92666244506836	66.06050109863281	12716	2018/10/12 
2018/10/15 	64.79457092285156	66.12130737304688	64.79457092285156	64.79457092285156	1304	2018/10/15 
2018/10/16 	66.32584381103516	66.32584381103516	66.08261108398438	66.32584381103516	385	2018/10/16 
2018/10/17 	66.33689880371094	66.33689880371094	66.33689880371094	66.33689880371094	3621	2018/10/17 
2018/10/18 	65.23128509521484	67.4369888305664	65.23128509521484	65.23128509521484	13928	2018/10/18 
2018/10/19 	64.67848205566406	65.23128509521484	63.578392028808594	64.67848205566406	25334	2018/10/19 
2018/10/22 	64.67848205566406	65.78409576416016	64.40760040283203	64.67848205566406	11034	2018/10/22 
2018/10/23 	64.67848205566406	64.67848205566406	64.67848205566406	64.67848205566406	0	2018/10/23 
2018/10/24 	64.1975326538086	65.22576141357422	63.6889533996582	64.1975326538086	40800	2018/10/24 
2018/10/25 	62.46725082397461	63.84926986694336	60.394222259521484	62.46725082397461	68559	2018/10/25 
2018/10/26 	60.256019592285156	62.46725082397461	59.15593338012695	60.256019592285156	31692	2018/10/26 
2018/10/29 	60.53242111206055	60.53242111206055	59.70321273803711	60.53242111206055	2387	2018/10/29 
2018/10/30 	59.70321273803711	59.80824661254883	59.70321273803711	59.70321273803711	186	2018/10/30 
2018/10/31 	61.0797004699707	61.0797004699707	59.70321273803711	61.0797004699707	18216	2018/10/31 
2018/11/01 	63.5728645324707	64.70059204101562	60.256019592285156	63.5728645324707	41605	2018/11/01 
2018/11/02 	69.65374755859375	70.40003967285156	65.23128509521484	69.65374755859375	53183	2018/11/02 
2018/11/05 	69.9301528930664	71.30110931396484	69.10093688964844	69.9301528930664	35572	2018/11/05 
2018/11/06 	71.58304595947266	71.58856964111328	68.56471252441406	71.58304595947266	17148	2018/11/06 
2018/11/07 	72.6941909790039	72.97058868408203	71.20160675048828	72.6941909790039	71887	2018/11/07 
2018/11/08 	71.8705062866211	75.64065551757812	71.8705062866211	71.8705062866211	19136	2018/11/08 
2018/11/09 	71.31769561767578	74.89988708496094	71.31769561767578	71.31769561767578	38038	2018/11/09 
2018/11/12 	73.24147033691406	73.51786804199219	71.32322692871094	73.24147033691406	20057	2018/11/12 
2018/11/13 	76.84024047851562	77.39305114746094	71.32322692871094	76.84024047851562	137704	2018/11/13 
2018/11/14 	75.4582290649414	77.39305114746094	72.05293273925781	75.4582290649414	183843	2018/11/14 
2018/11/15 	74.07621002197266	75.18182373046875	74.07621002197266	74.07621002197266	11224	2018/11/15 
2018/11/16 	73.52339935302734	74.07621002197266	73.52339935302734	73.52339935302734	3283	2018/11/16 
2018/11/19 	73.52339935302734	74.07621002197266	73.08667755126953	73.52339935302734	4030	2018/11/19 
2018/11/20 	73.52339935302734	73.52339935302734	73.52339935302734	73.52339935302734	0	2018/11/20 
2018/11/21 	68.54813385009766	73.52339935302734	68.271728515625	68.54813385009766	66768	2018/11/21 
2018/11/22 	72.67760467529297	72.67760467529297	70.64327239990234	72.67760467529297	12662	2018/11/22 
2018/11/23 	71.5775146484375	71.5775146484375	68.80242156982422	71.5775146484375	27224	2018/11/23 
2018/11/26 	73.52339935302734	73.75557708740234	72.4122543334961	73.52339935302734	36178	2018/11/26 
2018/11/27 	71.86497497558594	71.86497497558594	71.31769561767578	71.86497497558594	16280	2018/11/27 
2018/11/28 	72.97058868408203	75.05467224121094	71.32322692871094	72.97058868408203	15321	2018/11/28 
2018/11/29 	74.35260772705078	74.35260772705078	74.07621002197266	74.35260772705078	379	2018/11/29 
2018/11/30 	74.9054183959961	75.05467224121094	71.75994110107422	74.9054183959961	45603	2018/11/30 
2018/12/03 	74.9054183959961	75.18182373046875	74.62901306152344	74.9054183959961	26229	2018/12/03 
2018/12/04 	73.25252532958984	75.1762924194336	73.14196014404297	73.25252532958984	104739	2018/12/04 
2018/12/05 	73.74452209472656	73.74452209472656	72.31275177001953	73.74452209472656	18270	2018/12/05 
2018/12/06 	73.50128936767578	73.50128936767578	72.97058868408203	73.50128936767578	7778	2018/12/06 
2018/12/07 	77.39305114746094	79.53241729736328	74.62901306152344	77.39305114746094	78526	2018/12/07 
2018/12/10 	78.21673583984375	78.77507019042969	75.83966064453125	78.21673583984375	179538	2018/12/10 
2018/12/11 	79.05147552490234	79.05147552490234	77.83529663085938	79.05147552490234	20151	2018/12/11 
2018/12/12 	79.327880859375	80.14603424072266	77.95138549804688	79.327880859375	61956	2018/12/12 
2018/12/13 	81.22953796386719	81.22953796386719	78.50971984863281	81.22953796386719	5902	2018/12/13 
2018/12/14 	80.0465316772461	80.70989990234375	79.05147552490234	80.0465316772461	14471	2018/12/14 
2018/12/17 	80.4334945678711	81.2571792602539	80.03546905517578	80.4334945678711	30757	2018/12/17 
2018/12/18 	80.62144470214844	80.62144470214844	80.62144470214844	80.62144470214844	27	2018/12/18 
2018/12/19 	78.55394744873047	81.26823425292969	78.26648712158203	78.55394744873047	38000	2018/12/19 
2018/12/20 	78.22225952148438	78.49866485595703	77.3985824584961	78.22225952148438	19717	2018/12/20 
2018/12/21 	78.49866485595703	78.77507019042969	77.6694564819336	78.49866485595703	58826	2018/12/21 
2018/12/24 	80.98077392578125	81.80998229980469	79.88068389892578	80.98077392578125	76898	2018/12/24 
2018/12/25 	83.75033569335938	83.75033569335938	78.34387969970703	83.75033569335938	179869	2018/12/25 
2018/12/26 	82.92112731933594	84.01568603515625	81.26270294189453	82.92112731933594	16325	2018/12/26 
2018/12/27 	83.1975326538086	83.4684066772461	81.82103729248047	83.1975326538086	69664	2018/12/27 
2018/12/28 	83.19200134277344	83.19200134277344	82.61155700683594	83.19200134277344	1825	2018/12/28 
2019/01/02 	82.92112731933594	83.1975326538086	82.92112731933594	82.92112731933594	25732	2019/01/02 
2019/01/03 	83.059326171875	83.059326171875	83.059326171875	83.059326171875	1817	2019/01/03 
2019/01/04 	82.25775909423828	82.25775909423828	81.2461166381836	82.25775909423828	23896	2019/01/04 
2019/01/07 	81.55016326904297	82.36831665039062	81.55016326904297	81.55016326904297	12671	2019/01/07 
2019/01/08 	84.02674102783203	84.30314636230469	80.71542358398438	84.02674102783203	65664	2019/01/08 
2019/01/09 	83.47393798828125	84.9499282836914	82.93218231201172	83.47393798828125	43686	2019/01/09 
2019/01/10 	82.9266586303711	84.9499282836914	82.9266586303711	82.9266586303711	23697	2019/01/10 
2019/01/11 	83.4684066772461	84.29761505126953	82.37384796142578	83.4684066772461	87621	2019/01/11 
2019/01/14 	84.29761505126953	84.57402038574219	84.29761505126953	84.29761505126953	488	2019/01/14 
2019/01/15 	83.1975326538086	84.28656005859375	82.92112731933594	83.1975326538086	12713	2019/01/15 
2019/01/16 	83.1975326538086	83.4684066772461	81.82103729248047	83.1975326538086	18279	2019/01/16 
2019/01/17 	83.1975326538086	84.57402038574219	82.91559600830078	83.1975326538086	77974	2019/01/17 
2019/01/18 	83.75033569335938	83.75033569335938	82.9266586303711	83.75033569335938	30752	2019/01/18 
2019/01/21 	83.47393798828125	83.74481201171875	82.92112731933594	83.47393798828125	28961	2019/01/21 
2019/01/22 	81.82103729248047	83.2362289428711	81.82103729248047	81.82103729248047	20086	2019/01/22 
2019/01/23 	82.1084976196289	82.1084976196289	81.54463958740234	82.1084976196289	41253	2019/01/23 
2019/01/24 	82.64472198486328	82.64472198486328	82.36831665039062	82.64472198486328	14478	2019/01/24 
2019/01/25 	82.89901733398438	82.92112731933594	82.38490295410156	82.89901733398438	65512	2019/01/25 
2019/01/28 	83.1975326538086	84.61824798583984	82.65025329589844	83.1975326538086	94825	2019/01/28 
2019/01/29 	82.92112731933594	83.11460876464844	82.65025329589844	82.92112731933594	25357	2019/01/29 
2019/01/30 	82.92112731933594	84.57402038574219	82.65025329589844	82.92112731933594	100628	2019/01/30 
2019/02/11 	83.1975326538086	84.57402038574219	82.92112731933594	83.1975326538086	27713	2019/02/11 
2019/02/12 	83.3136215209961	83.91618347167969	82.9266586303711	83.3136215209961	25524	2019/02/12 
2019/02/13 	84.24786376953125	84.24786376953125	83.75033569335938	84.24786376953125	2221	2019/02/13 
2019/02/14 	83.1975326538086	84.02674102783203	83.03721618652344	83.1975326538086	125396	2019/02/14 
2019/02/15 	83.75033569335938	83.96040344238281	83.03721618652344	83.75033569335938	31314	2019/02/15 
2019/02/18 	83.47393798828125	83.75033569335938	82.97640991210938	83.47393798828125	115953	2019/02/18 
2019/02/19 	84.28656005859375	84.28656005859375	82.93771362304688	84.28656005859375	87739	2019/02/19 
2019/02/20 	85.68516540527344	87.06165313720703	83.47393798828125	85.68516540527344	33883	2019/02/20 
2019/02/21 	84.30314636230469	85.1268310546875	84.04332733154297	84.30314636230469	29379	2019/02/21 
2019/02/22 	85.51932525634766	85.67411041259766	85.51932525634766	85.51932525634766	5426	2019/02/22 
2019/02/25 	85.13235473632812	85.68516540527344	84.86148071289062	85.13235473632812	103303	2019/02/25 
2019/02/26 	84.58507537841797	84.63482666015625	84.03779602050781	84.58507537841797	20983	2019/02/26 
2019/02/27 	84.57955169677734	84.63482666015625	84.03779602050781	84.57955169677734	25325	2019/02/27 
2019/03/04 	84.57955169677734	85.1268310546875	84.30314636230469	84.57955169677734	143051	2019/03/04 
2019/03/05 	83.25833892822266	84.57402038574219	82.9266586303711	83.25833892822266	20802	2019/03/05 
2019/03/06 	83.47393798828125	84.02674102783203	82.9266586303711	83.47393798828125	46290	2019/03/06 
2019/03/07 	83.47393798828125	83.52921295166016	82.9266586303711	83.47393798828125	23887	2019/03/07 
2019/03/08 	82.50652313232422	83.18094635009766	82.49546813964844	82.50652313232422	54105	2019/03/08 
2019/03/11 	82.8105697631836	83.14225006103516	81.98688507080078	82.8105697631836	142725	2019/03/11 
2019/03/12 	81.82103729248047	82.92112731933594	81.82103729248047	81.82103729248047	29532	2019/03/12 
2019/03/13 	82.23011779785156	82.23011779785156	81.82103729248047	82.23011779785156	5426	2019/03/13 
2019/03/14 	82.23011779785156	82.23011779785156	82.23011779785156	82.23011779785156	0	2019/03/14 
2019/03/15 	82.97640991210938	82.97640991210938	82.15272521972656	82.97640991210938	15086	2019/03/15 
2019/03/18 	83.47393798828125	83.47393798828125	82.9266586303711	83.47393798828125	18089	2019/03/18 
2019/03/19 	83.75586700439453	84.02674102783203	83.47393798828125	83.75586700439453	42691	2019/03/19 
2019/03/20 	84.02674102783203	84.02674102783203	83.47946166992188	84.02674102783203	43414	2019/03/20 
2019/03/21 	83.53474426269531	85.11577606201172	83.47393798828125	83.53474426269531	134947	2019/03/21 
2019/03/22 	84.30314636230469	84.56849670410156	83.87195587158203	84.30314636230469	36180	2019/03/22 
2019/03/25 	85.71280670166016	86.23796844482422	84.30314636230469	85.71280670166016	78508	2019/03/25 
2019/03/26 	91.21324157714844	91.21324157714844	85.69622039794922	91.21324157714844	242995	2019/03/26 
2019/03/27 	96.8795166015625	97.84140014648438	89.72618865966797	96.8795166015625	167707	2019/03/27 
2019/03/28 	100.61649322509766	104.74044036865234	96.8795166015625	100.61649322509766	180921	2019/03/28 
2019/03/29 	103.37500762939453	107.36074829101562	101.72211456298828	103.37500762939453	175377	2019/03/29 
2019/04/01 	102.54579162597656	103.37500762939453	101.72211456298828	102.54579162597656	124319	2019/04/01 
2019/04/02 	103.65140533447266	105.02790069580078	102.82219696044922	103.65140533447266	78146	2019/04/02 
2019/04/03 	105.02790069580078	106.13351440429688	103.1041259765625	105.02790069580078	157830	2019/04/03 
2019/04/08 	101.72211456298828	106.13351440429688	101.16930389404297	101.72211456298828	126662	2019/04/08 
2019/04/09 	103.7066879272461	103.92781066894531	101.16930389404297	103.7066879272461	80986	2019/04/09 
2019/04/10 	104.48062133789062	105.0334243774414	102.27491760253906	104.48062133789062	74365	2019/04/10 
2019/04/11 	103.91675567626953	105.58070373535156	103.37500762939453	103.91675567626953	39290	2019/04/11 
2019/04/12 	102.27491760253906	105.02790069580078	101.72211456298828	102.27491760253906	49733	2019/04/12 
2019/04/15 	103.81725311279297	106.13351440429688	102.82219696044922	103.81725311279297	26591	2019/04/15 
2019/04/16 	103.37500762939453	103.92781066894531	103.37500762939453	103.37500762939453	8158	2019/04/16 
2019/04/17 	106.13351440429688	106.68632507324219	103.92781066894531	106.13351440429688	58110	2019/04/17 
2019/04/18 	106.05059051513672	106.13904571533203	102.82772827148438	106.05059051513672	18496	2019/04/18 
2019/04/19 	106.13351440429688	106.13351440429688	102.27491760253906	106.13351440429688	27134	2019/04/19 
2019/04/22 	101.72211456298828	103.37500762939453	101.30750274658203	101.72211456298828	19355	2019/04/22 
2019/04/23 	101.72211456298828	101.72211456298828	101.72211456298828	101.72211456298828	0	2019/04/23 
2019/04/24 	103.92228698730469	103.92228698730469	101.16377258300781	103.92228698730469	47665	2019/04/24 
2019/04/25 	101.16377258300781	102.27491760253906	99.51087951660156	101.16377258300781	11034	2019/04/25 
2019/04/26 	101.16377258300781	103.23127746582031	101.16377258300781	101.16377258300781	8270	2019/04/26 
2019/04/29 	100.31245422363281	105.31536102294922	99.68778228759766	100.31245422363281	85563	2019/04/29 
2019/04/30 	101.16377258300781	102.58448791503906	100.06369018554688	101.16377258300781	32741	2019/04/30 
2019/05/02 	99.84256744384766	103.37500762939453	99.84256744384766	99.84256744384766	23805	2019/05/02 
2019/05/03 	112.30284881591797	112.30284881591797	101.72211456298828	112.30284881591797	292336	2019/05/03 
2019/05/06 	110.5615005493164	112.76720428466797	107.24465942382812	110.5615005493164	60518	2019/05/06 
2019/05/07 	109.89813232421875	111.66159057617188	106.14456939697266	109.89813232421875	49027	2019/05/07 
2019/05/08 	108.90308380126953	110.5615005493164	106.14456939697266	108.90308380126953	16855	2019/05/08 
2019/05/09 	107.24465942382812	111.66159057617188	106.13904571533203	107.24465942382812	101219	2019/05/09 
2019/05/10 	110.00869750976562	111.66159057617188	106.14456939697266	110.00869750976562	76254	2019/05/10 
2019/05/13 	110.5615005493164	111.10877990722656	107.80299377441406	110.5615005493164	147176	2019/05/13 
2019/05/14 	107.24465942382812	110.55597686767578	105.03895568847656	107.24465942382812	36810	2019/05/14 
2019/05/15 	107.24465942382812	108.35027313232422	105.03895568847656	107.24465942382812	21177	2019/05/15 
2019/05/16 	107.7974624633789	108.34474182128906	107.24465942382812	107.7974624633789	27136	2019/05/16 
2019/05/17 	107.7974624633789	107.7974624633789	105.03895568847656	107.7974624633789	11399	2019/05/17 
2019/05/20 	105.58070373535156	107.24465942382812	105.0334243774414	105.58070373535156	21895	2019/05/20 
2019/05/21 	103.92781066894531	104.48062133789062	101.72211456298828	103.92781066894531	39994	2019/05/21 
2019/05/22 	103.92781066894531	103.92781066894531	103.92781066894531	103.92781066894531	0	2019/05/22 
2019/05/23 	101.16377258300781	103.23680114746094	99.51087951660156	101.16377258300781	18728	2019/05/23 
2019/05/24 	102.9327621459961	106.69184875488281	101.43465423583984	102.9327621459961	48118	2019/05/24 
2019/05/27 	102.8166732788086	102.8166732788086	99.50535583496094	102.8166732788086	12212	2019/05/27 
2019/05/28 	101.71658325195312	101.98745727539062	99.51087951660156	101.71658325195312	7418	2019/05/28 
2019/05/29 	104.48062133789062	106.13904571533203	101.43465423583984	104.48062133789062	59695	2019/05/29 
2019/05/30 	105.0334243774414	106.13351440429688	101.72211456298828	105.0334243774414	30755	2019/05/30 
2019/05/31 	104.48062133789062	106.13351440429688	101.72211456298828	104.48062133789062	18096	2019/05/31 
2019/06/03 	101.71658325195312	102.2693862915039	101.16377258300781	101.71658325195312	18704	2019/06/03 
2019/06/04 	101.71658325195312	103.92228698730469	100.2239990234375	101.71658325195312	18091	2019/06/04 
2019/06/05 	102.2693862915039	103.92228698730469	99.51087951660156	102.2693862915039	22072	2019/06/05 
2019/06/06 	102.2693862915039	102.2693862915039	102.2693862915039	102.2693862915039	0	2019/06/06 
2019/06/10 	103.92228698730469	103.92228698730469	103.92228698730469	103.92228698730469	1808	2019/06/10 
2019/06/11 	103.92228698730469	104.48062133789062	101.72211456298828	103.92228698730469	32296	2019/06/11 
2019/06/12 	100.61096954345703	104.47509002685547	98.59874725341797	100.61096954345703	37899	2019/06/12 
2019/06/13 	100.9426498413086	103.36947631835938	100.9426498413086	100.9426498413086	21707	2019/06/13 
2019/06/14 	103.45792388916016	109.3895492553711	102.2693862915039	103.45792388916016	90827	2019/06/14 
2019/06/17 	100.83761596679688	106.13351440429688	100.83761596679688	100.83761596679688	30046	2019/06/17 
2019/06/18 	102.59001922607422	102.59001922607422	99.78728485107422	102.59001922607422	10039	2019/06/18 
2019/06/19 	100.61096954345703	100.61096954345703	99.51087951660156	100.61096954345703	20712	2019/06/19 
2019/06/20 	103.37500762939453	104.47509002685547	102.2693862915039	103.37500762939453	76156	2019/06/20 
2019/06/21 	102.2693862915039	102.8166732788086	99.51087951660156	102.2693862915039	107655	2019/06/21 
2019/06/24 	100.61649322509766	100.61649322509766	98.95807647705078	100.61649322509766	1989	2019/06/24 
2019/06/25 	98.40526580810547	99.51087951660156	97.24436950683594	98.40526580810547	40525	2019/06/25 
2019/06/26 	97.85245513916016	102.26386260986328	97.85245513916016	102.26386260986328	10853	2019/06/26 
2019/06/27 	97.85245513916016	99.51087951660156	97.85245513916016	99.50535583496094	17365	2019/06/27 
2019/06/28 	98.90279388427734	99.51087951660156	98.90279388427734	99.51087951660156	18089	2019/06/28 
2019/07/01 	99.50535583496094	100.05815887451172	98.95807647705078	100.05815887451172	153416	2019/07/01 
2019/07/02 	99.50535583496094	101.16377258300781	98.95807647705078	100.61096954345703	63497	2019/07/02 
2019/07/03 	99.50535583496094	101.15824890136719	98.95807647705078	99.50535583496094	33664	2019/07/03 
2019/07/04 	99.83151245117188	100.60543823242188	99.50535583496094	99.50535583496094	38349	2019/07/04 
2019/07/05 	99.50535583496094	99.50535583496094	99.50535583496094	99.50535583496094	0	2019/07/05 
2019/07/08 	100.60543823242188	100.60543823242188	97.85245513916016	99.54957580566406	25972	2019/07/08 
2019/07/09 	99.50535583496094	100.05815887451172	97.85245513916016	100.0526351928711	36036	2019/07/09 
2019/07/10 	98.39973449707031	100.0526351928711	97.85245513916016	98.39973449707031	19844	2019/07/10 
2019/07/11 	96.74684143066406	98.39973449707031	95.63569641113281	96.74131774902344	84116	2019/07/11 
2019/07/12 	96.74131774902344	96.85187530517578	93.97727966308594	95.63017272949219	111807	2019/07/12 
2019/07/15 	97.98615264892578	99.98013305664062	97.73339080810547	99.41844940185547	70145	2019/07/15 
2019/07/16 	100.53620147705078	103.34463500976562	100.53620147705078	102.22688293457031	45488	2019/07/16 
2019/07/17 	102.23249816894531	106.72036743164062	102.23249816894531	105.45657348632812	74774	2019/07/17 
2019/07/18 	103.52437591552734	109.52880096435547	103.52437591552734	107.73140716552734	94777	2019/07/18 
2019/07/19 	110.08486938476562	111.20824432373047	106.72598266601562	109.52880096435547	98524	2019/07/19 
2019/07/22 	109.52880096435547	110.08486938476562	107.28205871582031	108.96711730957031	129869	2019/07/22 
2019/07/23 	106.72598266601562	110.08486938476562	106.72598266601562	107.56851959228516	24203	2019/07/23 
2019/07/24 	110.08486938476562	110.08486938476562	106.16429901123047	106.72036743164062	80605	2019/07/24 
2019/07/25 	106.16429901123047	108.96149444580078	106.15868377685547	107.84374237060547	41678	2019/07/25 
2019/07/26 	107.28205871582031	108.39981079101562	106.16429901123047	106.16429901123047	53588	2019/07/26 
2019/07/29 	107.28205871582031	107.83812713623047	106.16429901123047	106.72036743164062	57772	2019/07/29 
2019/07/30 	106.72036743164062	107.27643585205078	104.47924041748047	106.15868377685547	45746	2019/07/30 
2019/07/31 	104.47924041748047	106.72036743164062	104.47924041748047	106.72036743164062	7121	2019/07/31 
2019/08/01 	107.27643585205078	107.84374237060547	106.15868377685547	106.72036743164062	61297	2019/08/01 
2019/08/02 	105.04093170166016	106.72036743164062	105.03530883789062	105.59700012207031	43508	2019/08/02 
2019/08/05 	106.71475219726562	107.05738067626953	104.47924041748047	107.05738067626953	39942	2019/08/05 
2019/08/06 	107.27643585205078	107.27643585205078	103.91755676269531	105.59700012207031	39790	2019/08/06 
2019/08/07 	106.15868377685547	107.28205871582031	104.5859603881836	106.66419982910156	47001	2019/08/07 
2019/08/08 	107.83812713623047	107.83812713623047	105.03530883789062	105.03530883789062	55114	2019/08/08 
2019/08/12 	106.72036743164062	108.96149444580078	106.72036743164062	107.28205871582031	46086	2019/08/12 
2019/08/13 	106.16429901123047	107.27643585205078	105.04093170166016	105.59700012207031	49849	2019/08/13 
2019/08/14 	106.71475219726562	107.00121307373047	106.71475219726562	106.83271026611328	11305	2019/08/14 
2019/08/15 	103.91755676269531	106.72036743164062	103.91755676269531	105.59700012207031	18248	2019/08/15 
2019/08/16 	105.66439819335938	107.27643585205078	105.04093170166016	105.04093170166016	25761	2019/08/16 
2019/08/19 	106.72036743164062	108.39981079101562	106.72036743164062	107.55728149414062	69718	2019/08/19 
2019/08/20 	108.39981079101562	109.52318572998047	107.08546447753906	109.52318572998047	98540	2019/08/20 
2019/08/21 	109.52318572998047	111.20824432373047	107.28767395019531	107.84374237060547	136617	2019/08/21 
2019/08/22 	109.52318572998047	109.52318572998047	109.52318572998047	109.52318572998047	222	2019/08/22 
2019/08/23 	109.52318572998047	109.52318572998047	106.16429901123047	107.28205871582031	17338	2019/08/23 
2019/08/26 	106.16429901123047	107.83812713623047	106.15868377685547	107.83812713623047	25886	2019/08/26 
2019/08/27 	107.83812713623047	107.83812713623047	106.72036743164062	106.72598266601562	37394	2019/08/27 
2019/08/28 	107.28205871582031	108.39981079101562	105.59700012207031	108.39981079101562	74919	2019/08/28 
2019/08/29 	106.15868377685547	108.39981079101562	106.15868377685547	106.16429901123047	27141	2019/08/29 
2019/08/30 	107.28205871582031	107.63030242919922	107.28205871582031	107.63030242919922	8723	2019/08/30 
2019/09/02 	107.64715576171875	108.39981079101562	105.60261535644531	108.39981079101562	49511	2019/09/02 
2019/09/03 	105.60261535644531	106.72036743164062	105.60261535644531	105.60261535644531	37889	2019/09/03 
2019/09/04 	107.61906433105469	108.39981079101562	105.60261535644531	107.83812713623047	16592	2019/09/04 
2019/09/05 	107.83812713623047	107.83812713623047	106.15868377685547	106.16429901123047	53576	2019/09/05 
2019/09/06 	106.72036743164062	107.84374237060547	106.72036743164062	107.61906433105469	21542	2019/09/06 
2019/09/10 	113.45498657226562	115.70172882080078	111.21385955810547	115.14004516601562	167371	2019/09/10 
2019/09/11 	113.46621704101562	118.23493957519531	113.46621704101562	117.95409393310547	148257	2019/09/11 
2019/09/12 	117.95409393310547	123.00365447998047	114.49410247802734	122.84075927734375	322178	2019/09/12 
2019/09/16 	124.12702178955078	130.8672637939453	123.57095336914062	126.94107055664062	588670	2019/09/16 
2019/09/17 	127.3398666381836	128.06443786621094	123.00926971435547	123.01488494873047	279939	2019/09/17 
2019/09/18 	122.45320129394531	125.25039672851562	121.89151000976562	125.25039672851562	80808	2019/09/18 
2019/09/19 	124.13263702392578	126.37938690185547	123.00926971435547	123.40245056152344	126159	2019/09/19 
2019/09/20 	122.45320129394531	124.12702178955078	121.89151000976562	124.12702178955078	173130	2019/09/20 
2019/09/23 	121.89151000976562	125.25039672851562	121.89151000976562	124.12702178955078	71901	2019/09/23 
2019/09/24 	125.25039672851562	125.25039672851562	121.32982635498047	121.7735595703125	137747	2019/09/24 
2019/09/25 	121.32421112060547	122.16674041748047	120.76252746582031	121.60505676269531	13105	2019/09/25 
2019/09/26 	121.88589477539062	121.88589477539062	119.64476776123047	119.64476776123047	27711	2019/09/26 
2019/09/27 	119.08308410644531	119.91999053955078	119.08308410644531	119.91999053955078	28279	2019/09/27 
2019/10/01 	119.07746124267578	121.31859588623047	115.70735168457031	117.94847869873047	33812	2019/10/01 
2019/10/02 	117.94847869873047	117.94847869873047	113.46621704101562	115.70172882080078	37672	2019/10/02 
2019/10/03 	114.47164154052734	114.58397674560547	114.07846069335938	114.47164154052734	15765	2019/10/03 
2019/10/04 	113.46060180664062	115.70172882080078	112.06200408935547	112.89891815185547	71655	2019/10/04 
2019/10/07 	112.5113525390625	116.82510375976562	112.5113525390625	116.35328674316406	12729	2019/10/07 
2019/10/08 	112.34284973144531	115.20744323730469	111.78115844726562	115.20744323730469	49260	2019/10/08 
2019/10/09 	113.17976379394531	113.46060180664062	112.61807250976562	112.61807250976562	6587	2019/10/09 
2019/10/14 	111.78115844726562	114.1964111328125	111.78115844726562	113.46060180664062	59178	2019/10/14 
2019/10/15 	113.46060180664062	114.02229309082031	112.89891815185547	113.46060180664062	24008	2019/10/15 
2019/10/16 	112.34284973144531	113.46060180664062	111.94966888427734	112.33723449707031	42726	2019/10/16 
2019/10/17 	111.21947479248047	112.89891815185547	111.21947479248047	112.33723449707031	6649	2019/10/17 
2019/10/18 	111.21947479248047	112.55067443847656	111.21385955810547	111.21385955810547	15738	2019/10/18 
2019/10/21 	110.65779113769531	112.33723449707031	110.65779113769531	110.93863677978516	31494	2019/10/21 
2019/10/22 	111.39360046386719	112.28105926513672	111.21947479248047	112.05638885498047	3651	2019/10/22 
2019/10/23 	112.05638885498047	113.45498657226562	111.77554321289062	112.05638885498047	51124	2019/10/23 
2019/10/24 	112.78658294677734	114.01667022705078	112.33723449707031	112.33723449707031	16646	2019/10/24 
2019/10/25 	112.83151245117188	114.01667022705078	111.21947479248047	111.21947479248047	13005	2019/10/25 
2019/10/28 	111.21947479248047	114.01667022705078	110.65779113769531	110.65779113769531	37743	2019/10/28 
2019/10/29 	112.33723449707031	112.89891815185547	111.77554321289062	112.89891815185547	111898	2019/10/29 
2019/10/30 	106.72036743164062	107.27643585205078	103.08064270019531	104.47362518310547	237077	2019/10/30 
2019/10/31 	106.71475219726562	106.71475219726562	89.86978149414062	90.71231079101562	487735	2019/10/31 
2019/11/01 	102.22126007080078	102.22126007080078	97.17732238769531	102.22126007080078	229720	2019/11/01 
2019/11/04 	102.78295135498047	102.78856658935547	99.98013305664062	99.98013305664062	118760	2019/11/04 
2019/11/05 	102.78295135498047	102.78295135498047	98.30069732666016	100.53620147705078	130909	2019/11/05 
2019/11/06 	101.65957641601562	101.65957641601562	97.73339080810547	98.44673156738281	153608	2019/11/06 
2019/11/07 	98.56468963623047	99.98013305664062	98.39056396484375	98.85676574707031	51213	2019/11/07 
2019/11/08 	98.56468963623047	100.283447265625	98.39056396484375	100.283447265625	67236	2019/11/08 
2019/11/11 	98.35124969482422	99.41283416748047	98.35124969482422	99.12637329101562	41304	2019/11/11 
2019/11/12 	99.41844940185547	99.59257507324219	99.0252685546875	99.0252685546875	28653	2019/11/12 
2019/11/13 	99.41844940185547	99.59257507324219	99.0252685546875	99.0252685546875	28653	2019/11/13 
2019/11/14 	98.85676574707031	99.40159606933594	95.48664855957031	99.40159606933594	84184	2019/11/14 
2019/11/15 	98.85676574707031	101.10350799560547	98.1883544921875	98.1883544921875	81931	2019/11/15 
2019/11/18 	98.29507446289062	98.5927734375	96.27301025390625	96.39096069335938	138155	2019/11/18 
2019/11/19 	97.3402099609375	97.3402099609375	95.49226379394531	96.04833221435547	177965	2019/11/19 
2019/11/20 	98.83991241455078	98.83991241455078	96.04833221435547	96.61001586914062	18182	2019/11/20 
2019/11/21 	98.83991241455078	98.83991241455078	96.04833221435547	96.61001586914062	18182	2019/11/21 
2019/11/22 	97.05374908447266	98.28945922851562	95.48664855957031	98.28945922851562	48256	2019/11/22 
2019/11/25 	96.16629028320312	96.60440063476562	96.04271697998047	96.04271697998047	30622	2019/11/25 
2019/11/26 	96.16629028320312	96.60440063476562	96.04271697998047	96.04271697998047	30622	2019/11/26 
2019/11/27 	96.54823303222656	96.54823303222656	95.48664855957031	95.87420654296875	23144	2019/11/27 
2019/11/28 	96.03710174560547	96.03710174560547	95.48664855957031	95.87420654296875	7124	2019/11/28 
2019/11/29 	95.85174560546875	95.85174560546875	94.93619537353516	95.84612274169922	5519	2019/11/29 
2019/12/02 	97.16608428955078	97.16608428955078	95.19457244873047	95.86297607421875	26883	2019/12/02 
2019/12/03 	95.83489227294922	95.83489227294922	95.3181381225586	95.62145233154297	21364	2019/12/03 
2019/12/04 	95.43609619140625	95.82366180419922	95.43609619140625	95.48664855957031	7299	2019/12/04 
2019/12/05 	95.43609619140625	95.82366180419922	95.43609619140625	95.48664855957031	7299	2019/12/05 
2019/12/06 	96.60440063476562	97.72777557373047	96.04833221435547	97.17170715332031	32286	2019/12/06 
2019/12/09 	96.90771484375	97.24472045898438	96.90771484375	97.24472045898438	3560	2019/12/09 
2019/12/10 	97.07621765136719	99.72737884521484	97.07621765136719	97.74462127685547	80561	2019/12/10 
2019/12/11 	98.85114288330078	101.42366790771484	98.29507446289062	101.17091369628906	133800	2019/12/11 
2019/12/12 	102.78295135498047	103.07502746582031	101.66519165039062	103.07502746582031	80151	2019/12/12 
2019/12/13 	104.23210144042969	104.79378509521484	102.4740219116211	103.36148834228516	95070	2019/12/13 
2019/12/16 	102.22688293457031	102.22688293457031	101.67081451416016	102.22688293457031	17803	2019/12/16 
2019/12/17 	101.66519165039062	102.22688293457031	101.66519165039062	101.66519165039062	30266	2019/12/17 
2019/12/18 	101.66519165039062	102.22688293457031	101.66519165039062	101.66519165039062	30266	2019/12/18 
2019/12/19 	101.15967559814453	101.15967559814453	99.98575592041016	99.98575592041016	18118	2019/12/19 
2019/12/20 	101.15967559814453	101.15967559814453	99.98575592041016	99.98575592041016	18118	2019/12/20 
2019/12/23 	101.10350799560547	101.10350799560547	100.22727966308594	100.7945785522461	14420	2019/12/23 
2019/12/24 	98.86238098144531	100.26097869873047	98.86238098144531	100.26097869873047	20616	2019/12/24 
2019/12/25 	100.76087951660156	100.76087951660156	100.14864349365234	100.14864349365234	5341	2019/12/25 
2019/12/26 	101.09789276123047	101.09789276123047	100.54182434082031	101.09789276123047	7477	2019/12/26 
2019/12/27 	101.09789276123047	101.09789276123047	100.54182434082031	101.09789276123047	7477	2019/12/27 
2019/12/30 	96.61563873291016	99.98013305664062	96.61563873291016	99.41283416748047	3717	2019/12/30 
2019/12/31 	96.61563873291016	99.98013305664062	96.61563873291016	99.41283416748047	3717	2019/12/31 
2020/01/02 	96.05394744873047	96.90771484375	96.05394744873047	96.90771484375	26206	2020/01/02 
2020/01/03 	96.05394744873047	96.35726165771484	95.48664855957031	96.04271697998047	31323	2020/01/03 
2020/01/06 	96.38534545898438	96.88524627685547	94.07119750976562	95.37430572509766	80836	2020/01/06 
2020/01/07 	95.43048095703125	95.43048095703125	92.68383026123047	94.93619537353516	9257	2020/01/07 
2020/01/08 	94.92495727539062	94.92495727539062	94.62726593017578	94.92495727539062	14420	2020/01/08 
2020/01/09 	94.92495727539062	94.93058013916016	94.391357421875	94.92495727539062	14420	2020/01/09 
2020/01/10 	94.92495727539062	94.93058013916016	94.391357421875	94.92495727539062	14420	2020/01/10 
2020/01/13 	95.20580291748047	97.16608428955078	95.20580291748047	96.04833221435547	26602	2020/01/13 
2020/01/14 	95.3181381225586	96.60440063476562	95.3125228881836	96.04833221435547	6053	2020/01/14 
2020/01/15 	95.78995513916016	95.78995513916016	94.92495727539062	95.48103332519531	16557	2020/01/15 
2020/01/16 	95.78995513916016	95.78995513916016	94.92495727539062	95.48103332519531	16557	2020/01/16 
2020/01/17 	94.70028686523438	95.47541046142578	94.64411926269531	95.47541046142578	13254	2020/01/17 
2020/01/20 	95.48103332519531	95.48103332519531	94.36888885498047	94.37451171875	10682	2020/01/20 
2020/01/30 	103.91194152832031	98.71633911132812	98.00861358642578	98.00861358642578	42639	2020/01/30 
2020/01/31 	98.29507446289062	98.29507446289062	97.17170715332031	97.17170715332031	21933	2020/01/31 
2020/02/03 	95.93599700927734	95.93599700927734	94.92495727539062	94.92495727539062	21364	2020/02/03 
2020/02/04 	95.93599700927734	95.93599700927734	94.92495727539062	94.92495727539062	21364	2020/02/04 
2020/02/05 	94.63288116455078	95.20580291748047	94.63288116455078	95.20580291748047	14420	2020/02/05 
2020/02/06 	94.93058013916016	94.93058013916016	94.93058013916016	94.93058013916016	5341	2020/02/06 
2020/02/07 	94.93058013916016	94.93058013916016	94.93058013916016	94.93058013916016	5341	2020/02/07 
2020/02/10 	94.93058013916016	94.93058013916016	94.93058013916016	94.93058013916016	1780	2020/02/10 
2020/02/11 	95.48664855957031	95.77310943603516	95.18894958496094	95.18894958496094	22254	2020/02/11 
2020/02/12 	95.48664855957031	95.82366180419922	95.21141815185547	95.6551513671875	36675	2020/02/12 
2020/02/13 	95.77872467041016	95.77872467041016	94.92495727539062	95.20580291748047	49493	2020/02/13 
2020/02/14 	93.50951385498047	95.20580291748047	93.50951385498047	95.03730010986328	14420	2020/02/14 
2020/02/17 	95.48664855957031	95.48664855957031	93.85775756835938	94.36327362060547	19585	2020/02/17 
2020/02/18 	94.07681274414062	94.67781829833984	94.07119750976562	94.380126953125	15667	2020/02/18 
2020/02/19 	94.08242797851562	94.08242797851562	94.08242797851562	94.08242797851562	3560	2020/02/19 
2020/02/20 	94.08242797851562	94.08242797851562	94.08242797851562	94.08242797851562	3560	2020/02/20 
2020/02/21 	94.08242797851562	94.36327362060547	93.80158996582031	93.80158996582031	15489	2020/02/21 
2020/02/24 	95.48103332519531	95.48103332519531	95.48103332519531	95.48103332519531	1424	2020/02/24 
2020/02/25 	93.52074432373047	94.13298034667969	93.23989868164062	94.13298034667969	22788	2020/02/25 
2020/02/26 	92.67821502685547	93.52074432373047	90.99315643310547	91.55484008789062	42105	2020/02/26 
2020/02/27 	89.87540435791016	90.99315643310547	89.86978149414062	90.15062713623047	107328	2020/02/27 
2020/03/02 	89.58332824707031	89.58894348144531	88.19034576416016	88.74641418457031	64778	2020/03/02 
2020/03/03 	89.30809783935547	89.30809783935547	87.62303924560547	87.96005249023438	165679	2020/03/03 
2020/03/04 	88.18472290039062	88.18472290039062	85.37629699707031	88.0723876953125	34058	2020/03/04 
2020/03/05 	88.19034576416016	88.74079895019531	88.18472290039062	88.52735137939453	85456	2020/03/05 
2020/03/06 	88.19034576416016	88.47118377685547	88.19034576416016	88.47118377685547	7121	2020/03/06 
2020/03/09 	88.74641418457031	89.30809783935547	88.19034576416016	88.19034576416016	96302	2020/03/09 
2020/03/10 	88.18472290039062	88.18472290039062	86.98271942138672	87.06135559082031	14242	2020/03/10 
2020/03/11 	88.74641418457031	88.9149169921875	88.50489044189453	88.74641418457031	23144	2020/03/11 
2020/03/12 	87.62303924560547	87.62303924560547	85.90989685058594	85.93798065185547	56971	2020/03/12 
2020/03/13 	81.64669799804688	83.0172119140625	80.63566589355469	83.0172119140625	108063	2020/03/13 
2020/03/16 	82.62403106689453	84.81460571289062	82.62403106689453	83.12955474853516	56170	2020/03/16 
2020/03/17 	83.41039276123047	83.41039276123047	81.45011138916016	81.72533416748047	21364	2020/03/17 
2020/03/18 	80.60195922851562	81.69725036621094	78.96745300292969	79.214599609375	75362	2020/03/18 
2020/03/19 	79.20336151123047	79.20336151123047	70.77245330810547	71.53634643554688	248626	2020/03/19 
2020/03/20 	74.49081420898438	78.07437133789062	74.47396850585938	75.59172058105469	81006	2020/03/20 
2020/03/23 	76.10847473144531	76.10847473144531	73.86173248291016	73.86173248291016	3738	2020/03/23 
2020/03/24 	74.70426177978516	77.23184967041016	74.42341613769531	74.98509979248047	124838	2020/03/24 
2020/03/25 	75.26594543457031	76.10847473144531	75.26594543457031	75.82762908935547	75665	2020/03/25 
2020/03/26 	75.82762908935547	76.10847473144531	75.54679107666016	75.82762908935547	39345	2020/03/26 
2020/03/27 	75.82762908935547	75.82762908935547	75.82762908935547	75.82762908935547	3560	2020/03/27 
2020/03/30 	75.82762908935547	75.82762908935547	75.82762908935547	75.82762908935547	0	2020/03/30 
2020/03/31 	75.82762908935547	75.82762908935547	75.82762908935547	75.82762908935547	0	2020/03/31 
2020/04/01 	75.82762908935547	75.82762908935547	75.82762908935547	75.82762908935547	0	2020/04/01 
2020/04/06 	83.12955474853516	83.12955474853516	81.72533416748047	82.84870910644531	10860	2020/04/06 
2020/04/07 	84.25292205810547	84.25292205810547	84.25292205810547	84.25292205810547	3560	2020/04/07 
2020/04/08 	84.81460571289062	84.81460571289062	82.28702545166016	84.25292205810547	36230	2020/04/08 
2020/04/09 	83.69123840332031	83.69123840332031	83.41039276123047	83.41039276123047	5341	2020/04/09 
2020/04/10 	86.49966430664062	88.18472290039062	83.97207641601562	87.62303924560547	49930	2020/04/10 
2020/04/13 	86.21882629394531	86.49966430664062	85.93798065185547	85.93798065185547	7495	2020/04/13 
2020/04/14 	87.06135559082031	88.74641418457031	87.06135559082031	87.06135559082031	19583	2020/04/14 
2020/04/15 	87.34219360351562	92.11653137207031	87.34219360351562	90.71231079101562	71703	2020/04/15 
2020/04/16 	89.86978149414062	91.83568572998047	89.86978149414062	90.99315643310547	36034	2020/04/16 
2020/04/17 	91.27400207519531	92.67821502685547	90.99315643310547	92.39736938476562	82608	2020/04/17 
2020/04/20 	92.39736938476562	92.39736938476562	92.39736938476562	92.39736938476562	0	2020/04/20 
2020/04/21 	90.71231079101562	92.11653137207031	90.71231079101562	91.55484008789062	14242	2020/04/21 
2020/04/22 	91.27400207519531	91.27400207519531	90.99315643310547	90.99315643310547	8901	2020/04/22 
2020/04/23 	90.99315643310547	90.99315643310547	90.99315643310547	90.99315643310547	0	2020/04/23 
2020/04/24 	90.99315643310547	90.99315643310547	90.99315643310547	90.99315643310547	0	2020/04/24 
2020/04/27 	90.99315643310547	90.99315643310547	90.99315643310547	90.99315643310547	0	2020/04/27 
2020/04/28 	90.99315643310547	90.99315643310547	90.99315643310547	90.99315643310547	0	2020/04/28 
2020/04/29 	90.99315643310547	90.99315643310547	90.99315643310547	90.99315643310547	0	2020/04/29 
2020/04/30 	90.99315643310547	90.99315643310547	90.99315643310547	90.99315643310547	0	2020/04/30 
2020/05/04 	90.99315643310547	90.99315643310547	90.99315643310547	90.99315643310547	0	2020/05/04 
2020/05/05 	90.99315643310547	90.99315643310547	90.99315643310547	90.99315643310547	0	2020/05/05 
2020/05/06 	90.99315643310547	90.99315643310547	90.99315643310547	90.99315643310547	0	2020/05/06 
2020/05/07 	90.99315643310547	90.99315643310547	90.99315643310547	90.99315643310547	0	2020/05/07 
2020/05/08 	90.99315643310547	90.99315643310547	90.99315643310547	90.99315643310547	0	2020/05/08 
2020/05/11 	90.99315643310547	90.99315643310547	90.99315643310547	90.99315643310547	0	2020/05/11 
2020/05/12 	90.99315643310547	90.99315643310547	90.99315643310547	90.99315643310547	0	2020/05/12 
2020/05/13 	90.99315643310547	90.99315643310547	90.99315643310547	90.99315643310547	0	2020/05/13 
2020/05/14 	90.99315643310547	90.99315643310547	90.99315643310547	90.99315643310547	0	2020/05/14 
2020/05/15 	90.99315643310547	90.99315643310547	90.99315643310547	90.99315643310547	0	2020/05/15 
2020/05/18 	90.99315643310547	90.99315643310547	90.99315643310547	90.99315643310547	0	2020/05/18 
2020/05/19 	90.99315643310547	90.99315643310547	90.99315643310547	90.99315643310547	0	2020/05/19 
2020/05/20 	90.99315643310547	90.99315643310547	90.99315643310547	90.99315643310547	0	2020/05/20 
2020/05/21 	90.99315643310547	90.99315643310547	90.99315643310547	90.99315643310547	0	2020/05/21 
2020/05/22 	90.99315643310547	90.99315643310547	90.99315643310547	90.99315643310547	0	2020/05/22 
2020/05/25 	90.99315643310547	90.99315643310547	90.99315643310547	90.99315643310547	0	2020/05/25 
2020/05/26 	90.99315643310547	90.99315643310547	90.99315643310547	90.99315643310547	0	2020/05/26 
2020/05/27 	90.99315643310547	90.99315643310547	90.99315643310547	90.99315643310547	0	2020/05/27 
2020/05/28 	90.99315643310547	90.99315643310547	90.99315643310547	90.99315643310547	0	2020/05/28 
2020/05/29 	90.99315643310547	90.99315643310547	90.99315643310547	90.99315643310547	0	2020/05/29 
2020/06/01 	90.99315643310547	90.99315643310547	90.99315643310547	90.99315643310547	0	2020/06/01 
2020/06/02 	90.99315643310547	90.99315643310547	90.99315643310547	90.99315643310547	0	2020/06/02 
2020/06/03 	90.99315643310547	90.99315643310547	90.99315643310547	90.99315643310547	0	2020/06/03 
2020/06/04 	90.99315643310547	90.99315643310547	90.99315643310547	90.99315643310547	0	2020/06/04 
2020/06/05 	90.99315643310547	90.99315643310547	90.99315643310547	90.99315643310547	0	2020/06/05 
2020/06/08 	90.99315643310547	90.99315643310547	90.99315643310547	90.99315643310547	0	2020/06/08 
2020/06/09 	90.99315643310547	90.99315643310547	90.99315643310547	90.99315643310547	0	2020/06/09 
2020/06/10 	90.99315643310547	90.99315643310547	90.99315643310547	90.99315643310547	0	2020/06/10 
2020/06/11 	90.99315643310547	90.99315643310547	90.99315643310547	90.99315643310547	0	2020/06/11 
2020/06/12 	90.99315643310547	90.99315643310547	90.99315643310547	90.99315643310547	0	2020/06/12 
2020/06/15 	90.99315643310547	90.99315643310547	90.99315643310547	90.99315643310547	0	2020/06/15 
2020/06/16 	90.99315643310547	90.99315643310547	90.99315643310547	90.99315643310547	0	2020/06/16 
2020/06/17 	90.99315643310547	90.99315643310547	90.99315643310547	90.99315643310547	0	2020/06/17 
2020/06/18 	90.99315643310547	90.99315643310547	90.99315643310547	90.99315643310547	0	2020/06/18 
2020/06/19 	90.99315643310547	90.99315643310547	90.99315643310547	90.99315643310547	0	2020/06/19 
2020/06/22 	90.99315643310547	90.99315643310547	90.99315643310547	90.99315643310547	0	2020/06/22 
2020/06/23 	90.99315643310547	90.99315643310547	90.99315643310547	90.99315643310547	0	2020/06/23 
2020/06/24 	90.99315643310547	90.99315643310547	90.99315643310547	90.99315643310547	0	2020/06/24 
2020/06/29 	90.99315643310547	90.99315643310547	90.99315643310547	90.99315643310547	0	2020/06/29 
2020/06/30 	90.99315643310547	90.99315643310547	90.99315643310547	90.99315643310547	0	2020/06/30 
2020/07/01 	90.99315643310547	90.99315643310547	90.99315643310547	90.99315643310547	0	2020/07/01 
2020/07/02 	90.99315643310547	90.99315643310547	90.99315643310547	90.99315643310547	0	2020/07/02 
2020/07/03 	90.99315643310547	90.99315643310547	90.99315643310547	90.99315643310547	0	2020/07/03 
2020/07/06 	90.99315643310547	90.99315643310547	90.99315643310547	90.99315643310547	0	2020/07/06 
2020/07/07 	90.99315643310547	90.99315643310547	90.99315643310547	90.99315643310547	0	2020/07/07 
2020/07/08 	90.99315643310547	90.99315643310547	90.99315643310547	90.99315643310547	0	2020/07/08 
2020/07/09 	90.99315643310547	90.99315643310547	90.99315643310547	90.99315643310547	0	2020/07/09 
2020/07/10 	90.99315643310547	90.99315643310547	90.99315643310547	90.99315643310547	0	2020/07/10 
2020/07/13 	90.99315643310547	90.99315643310547	90.99315643310547	90.99315643310547	0	2020/07/13 
2020/07/14 	90.99315643310547	90.99315643310547	90.99315643310547	90.99315643310547	0	2020/07/14 
2020/07/15 	90.99315643310547	90.99315643310547	90.99315643310547	90.99315643310547	0	2020/07/15 
2020/07/16 	90.99315643310547	90.99315643310547	90.99315643310547	90.99315643310547	0	2020/07/16 
2020/07/17 	90.99315643310547	90.99315643310547	90.99315643310547	90.99315643310547	0	2020/07/17 
2020/07/20 	90.99315643310547	90.99315643310547	90.99315643310547	90.99315643310547	0	2020/07/20 
2020/07/21 	90.99315643310547	90.99315643310547	90.99315643310547	90.99315643310547	0	2020/07/21 
2020/07/22 	90.99315643310547	90.99315643310547	90.99315643310547	90.99315643310547	0	2020/07/22 
2020/07/23 	90.99315643310547	90.99315643310547	90.99315643310547	90.99315643310547	0	2020/07/23 
2020/07/24 	90.99315643310547	90.99315643310547	90.99315643310547	90.99315643310547	0	2020/07/24 
2020/07/27 	107.28205871582031	107.28205871582031	106.15868377685547	106.72036743164062	169365	2020/07/27 
2020/07/28 	106.43952941894531	107.00121307373047	102.22688293457031	106.72036743164062	70313	2020/07/28 
2020/07/29 	106.15868377685547	106.72036743164062	104.75447082519531	106.15868377685547	129967	2020/07/29 
2020/07/30 	106.15868377685547	106.15868377685547	104.47362518310547	105.59700012207031	85047	2020/07/30 
2020/07/31 	103.35025024414062	105.03530883789062	103.35025024414062	105.03530883789062	138515	2020/07/31 
2020/08/03 	105.03530883789062	105.87783813476562	104.19277954101562	105.31615447998047	94894	2020/08/03 
2020/08/04 	105.87783813476562	107.28205871582031	105.59700012207031	106.15868377685547	80703	2020/08/04 
2020/08/05 	106.43952941894531	107.00121307373047	106.15868377685547	106.43952941894531	13708	2020/08/05 
2020/08/06 	106.15868377685547	106.72036743164062	105.87783813476562	106.15868377685547	92774	2020/08/06 
2020/08/07 	106.15868377685547	107.00121307373047	106.15868377685547	106.72036743164062	73528	2020/08/07 
2020/08/10 	106.15868377685547	107.28205871582031	105.59700012207031	106.43952941894531	550378	2020/08/10 
2020/08/11 	105.59700012207031	106.43952941894531	105.59700012207031	105.87783813476562	5697	2020/08/11 
2020/08/12 	105.87783813476562	106.72036743164062	105.59700012207031	106.43952941894531	41957	2020/08/12 
2020/08/13 	106.72036743164062	107.00121307373047	106.15868377685547	106.43952941894531	14242	2020/08/13 
2020/08/14 	108.12458801269531	108.40542602539062	106.72036743164062	107.84374237060547	93529	2020/08/14 
2020/08/17 	107.28205871582031	108.40542602539062	107.28205871582031	108.12458801269531	94513	2020/08/17 
2020/08/18 	108.12458801269531	108.40542602539062	107.28205871582031	108.40542602539062	18528	2020/08/18 
2020/08/19 	109.24795532226562	116.83071899414062	108.96711730957031	116.26903533935547	288410	2020/08/19 
2020/08/20 	116.26903533935547	116.26903533935547	110.65217590332031	113.17976379394531	262308	2020/08/20 
2020/08/21 	117.95409393310547	126.66022491455078	116.26903533935547	124.13263702392578	426690	2020/08/21 
2020/08/24 	124.13263702392578	130.8728790283203	123.00926971435547	128.06443786621094	273254	2020/08/24 
2020/08/25 	128.62612915039062	128.62612915039062	122.44757843017578	123.00926971435547	141335	2020/08/25 
2020/08/26 	122.44757843017578	122.44757843017578	116.54987335205078	117.95409393310547	124560	2020/08/26 
2020/08/27 	120.20083618164062	125.25601196289062	117.39241027832031	124.69432830810547	286619	2020/08/27 
2020/08/28 	122.44757843017578	127.78359985351562	122.44757843017578	123.85179901123047	206962	2020/08/28 
2020/08/31 	124.13263702392578	125.81769561767578	122.16674041748047	125.81769561767578	270670	2020/08/31 
2020/09/01 	129.99664306640625	150.71485900878906	129.99664306640625	144.6212615966797	387880	2020/09/01 
2020/09/02 	142.59007263183594	146.24623107910156	133.24656677246094	136.49647521972656	256880	2020/09/02 
2020/09/03 	139.34014892578125	146.24623107910156	138.9339141845703	145.43374633789062	112539	2020/09/03 
2020/09/04 	142.99630737304688	146.24623107910156	140.1526336669922	146.24623107910156	217857	2020/09/04 
2020/09/07 	147.46495056152344	155.9959716796875	145.43374633789062	151.93357849121094	199015	2020/09/07 
2020/09/08 	152.74606323242188	154.77725219726562	149.4961395263672	149.4961395263672	129184	2020/09/08 
2020/09/09 	148.68365478515625	149.08990478515625	146.24623107910156	146.6524658203125	39582	2020/09/09 
2020/09/10 	152.33981323242188	152.33981323242188	146.24623107910156	147.05870056152344	26929	2020/09/10 
2020/09/11 	146.24623107910156	148.2774200439453	145.83998107910156	147.05870056152344	9146	2020/09/11 
2020/09/14 	145.43374633789062	147.05870056152344	143.4025421142578	144.21502685546875	74041	2020/09/14 
2020/09/15 	144.21502685546875	146.24623107910156	142.18382263183594	142.18382263183594	172102	2020/09/15 
2020/09/16 	143.8087921142578	143.8087921142578	140.55886840820312	142.59007263183594	16794	2020/09/16 
2020/09/17 	142.59007263183594	144.6212615966797	141.777587890625	141.777587890625	13538	2020/09/17 
2020/09/18 	143.8087921142578	143.8087921142578	141.37135314941406	142.99630737304688	16555	2020/09/18 
2020/09/21 	143.4025421142578	143.4025421142578	139.34014892578125	142.59007263183594	8091	2020/09/21 
2020/09/22 	138.9339141845703	139.74639892578125	137.71519470214844	137.71519470214844	12714	2020/09/22 
2020/09/23 	137.71519470214844	138.9339141845703	137.71519470214844	138.12142944335938	23896	2020/09/23 
2020/09/24 	138.12142944335938	138.12142944335938	134.0590362548828	138.12142944335938	92473	2020/09/24 
2020/09/25 	137.71519470214844	139.34014892578125	136.9027099609375	138.12142944335938	15261	2020/09/25 
2020/09/28 	138.12142944335938	141.37135314941406	138.12142944335938	141.37135314941406	6326	2020/09/28 
2020/09/29 	142.99630737304688	145.83998107910156	140.55886840820312	145.43374633789062	131197	2020/09/29 
2020/09/30 	142.99630737304688	142.99630737304688	137.3089599609375	140.1526336669922	156930	2020/09/30 
2020/10/05 	140.1526336669922	140.1526336669922	135.68399047851562	138.12142944335938	38718	2020/10/05 
2020/10/06 	138.9339141845703	138.9339141845703	136.9027099609375	138.12142944335938	12061	2020/10/06 
2020/10/07 	138.12142944335938	138.52767944335938	136.09024047851562	137.71519470214844	111915	2020/10/07 
2020/10/08 	138.12142944335938	138.12142944335938	135.2777557373047	137.3089599609375	47804	2020/10/08 
2020/10/12 	136.09024047851562	136.9027099609375	134.87152099609375	136.49647521972656	60685	2020/10/12 
2020/10/13 	136.49647521972656	138.12142944335938	135.68399047851562	137.3089599609375	65659	2020/10/13 
2020/10/14 	138.12142944335938	144.6212615966797	138.12142944335938	140.1526336669922	126272	2020/10/14 
2020/10/15 	138.9339141845703	140.55886840820312	138.9339141845703	139.74639892578125	10869	2020/10/15 
2020/10/16 	140.55886840820312	140.55886840820312	139.74639892578125	139.74639892578125	7770	2020/10/16 
2020/10/19 	139.74639892578125	140.55886840820312	138.12142944335938	139.74639892578125	36908	2020/10/19 
2020/10/20 	139.74639892578125	139.74639892578125	137.3089599609375	138.9339141845703	5397	2020/10/20 
2020/10/21 	139.74639892578125	139.74639892578125	137.3089599609375	137.71519470214844	21993	2020/10/21 
2020/10/22 	137.3089599609375	138.12142944335938	136.9027099609375	138.12142944335938	24174	2020/10/22 
2020/10/23 	138.9339141845703	138.9339141845703	137.3089599609375	137.3089599609375	9114	2020/10/23 
2020/10/26 	137.3089599609375	138.52767944335938	137.3089599609375	137.3089599609375	27711	2020/10/26 
2020/10/27 	136.49647521972656	138.12142944335938	136.49647521972656	136.9027099609375	32147	2020/10/27 
2020/10/28 	137.3089599609375	137.71519470214844	136.49647521972656	137.71519470214844	24489	2020/10/28 
2020/10/29 	136.49647521972656	137.71519470214844	134.87152099609375	137.71519470214844	43208	2020/10/29 
2020/10/30 	136.49647521972656	136.9027099609375	136.09024047851562	136.09024047851562	7717	2020/10/30 
2020/11/02 	136.09024047851562	136.49647521972656	135.68399047851562	135.68399047851562	23339	2020/11/02 
2020/11/03 	137.3089599609375	137.3089599609375	136.09024047851562	136.9027099609375	10486	2020/11/03 
2020/11/04 	136.9027099609375	137.3089599609375	135.68399047851562	136.9027099609375	8614	2020/11/04 
2020/11/05 	137.3089599609375	137.3089599609375	136.09024047851562	136.9027099609375	7518	2020/11/05 
2020/11/06 	138.12142944335938	146.24623107910156	138.12142944335938	139.34014892578125	47929	2020/11/06 
2020/11/09 	140.1526336669922	140.1526336669922	136.49647521972656	138.12142944335938	41455	2020/11/09 
2020/11/10 	138.9339141845703	138.9339141845703	135.68399047851562	136.9027099609375	78085	2020/11/10 
2020/11/11 	136.9027099609375	136.9027099609375	135.68399047851562	136.49647521972656	40887	2020/11/11 
2020/11/12 	135.68399047851562	143.4025421142578	135.68399047851562	141.37135314941406	15020	2020/11/12 
2020/11/13 	138.12142944335938	139.74639892578125	138.12142944335938	138.52767944335938	121482	2020/11/13 
2020/11/16 	136.9027099609375	141.777587890625	136.9027099609375	138.52767944335938	23353	2020/11/16 
2020/11/17 	138.52767944335938	138.9339141845703	136.49647521972656	138.12142944335938	25203	2020/11/17 
2020/11/18 	136.9027099609375	137.71519470214844	136.09024047851562	136.9027099609375	32820	2020/11/18 
2020/11/19 	136.09024047851562	138.9339141845703	136.09024047851562	138.52767944335938	29913	2020/11/19 
2020/11/20 	136.49647521972656	138.52767944335938	136.49647521972656	137.3089599609375	33112	2020/11/20 
2020/11/23 	136.9027099609375	138.12142944335938	136.9027099609375	138.12142944335938	18486	2020/11/23 
2020/11/24 	138.12142944335938	138.12142944335938	136.09024047851562	136.09024047851562	27034	2020/11/24 
2020/11/25 	137.3089599609375	137.3089599609375	136.09024047851562	136.49647521972656	41812	2020/11/25 
2020/11/26 	136.49647521972656	137.3089599609375	136.09024047851562	136.49647521972656	87121	2020/11/26 
2020/11/27 	137.3089599609375	137.3089599609375	136.09024047851562	136.09024047851562	83603	2020/11/27 
2020/11/30 	136.49647521972656	137.3089599609375	135.68399047851562	136.49647521972656	55824	2020/11/30 
2020/12/01 	136.49647521972656	138.12142944335938	136.49647521972656	138.12142944335938	25307	2020/12/01 
2020/12/02 	136.49647521972656	137.3089599609375	135.68399047851562	137.3089599609375	46993	2020/12/02 
2020/12/03 	136.49647521972656	136.9027099609375	135.68399047851562	136.49647521972656	51584	2020/12/03 
2020/12/04 	136.49647521972656	137.3089599609375	135.68399047851562	136.9027099609375	56642	2020/12/04 
2020/12/07 	136.09024047851562	137.3089599609375	135.68399047851562	136.9027099609375	78360	2020/12/07 
2020/12/08 	136.9027099609375	136.9027099609375	135.2777557373047	136.09024047851562	48358	2020/12/08 
2020/12/09 	135.68399047851562	136.49647521972656	134.87152099609375	135.2777557373047	64181	2020/12/09 
2020/12/10 	135.68399047851562	136.49647521972656	135.2777557373047	135.2777557373047	36640	2020/12/10 
2020/12/11 	136.49647521972656	137.3089599609375	135.2777557373047	135.68399047851562	117413	2020/12/11 
2020/12/14 	136.9027099609375	136.9027099609375	135.68399047851562	135.68399047851562	51784	2020/12/14 
2020/12/15 	136.9027099609375	136.9027099609375	135.68399047851562	136.09024047851562	52649	2020/12/15 
2020/12/16 	136.49647521972656	136.9027099609375	135.68399047851562	135.68399047851562	50376	2020/12/16 
2020/12/17 	136.49647521972656	136.49647521972656	135.2777557373047	135.68399047851562	45143	2020/12/17 
2020/12/18 	135.68399047851562	136.49647521972656	135.2777557373047	135.68399047851562	48498	2020/12/18 
2020/12/21 	136.49647521972656	136.49647521972656	135.2777557373047	135.68399047851562	44899	2020/12/21 
2020/12/22 	136.49647521972656	136.49647521972656	134.87152099609375	134.87152099609375	62957	2020/12/22 
2020/12/23 	135.68399047851562	136.49647521972656	135.2777557373047	135.68399047851562	39241	2020/12/23 
2020/12/24 	136.49647521972656	140.1526336669922	136.09024047851562	138.52767944335938	64738	2020/12/24 
2020/12/25 	138.52767944335938	140.1526336669922	137.3089599609375	138.12142944335938	24683	2020/12/25 
2020/12/28 	137.3089599609375	138.12142944335938	136.09024047851562	137.71519470214844	51477	2020/12/28 
2020/12/29 	138.12142944335938	138.12142944335938	136.9027099609375	137.3089599609375	57981	2020/12/29 
2020/12/30 	138.12142944335938	138.52767944335938	136.49647521972656	137.3089599609375	52065	2020/12/30 
2020/12/31 	137.3089599609375	138.12142944335938	136.9027099609375	138.12142944335938	28419	2020/12/31 
2021/01/04 	137.3089599609375	138.9339141845703	136.9027099609375	136.9027099609375	73073	2021/01/04 
2021/01/05 	136.49647521972656	138.52767944335938	136.49647521972656	138.12142944335938	48080	2021/01/05 
2021/01/06 	137.3089599609375	138.9339141845703	137.3089599609375	137.3089599609375	58860	2021/01/06 
2021/01/07 	136.49647521972656	138.12142944335938	136.49647521972656	138.12142944335938	57091	2021/01/07 
2021/01/08 	137.3089599609375	138.52767944335938	137.3089599609375	138.12142944335938	98768	2021/01/08 
2021/01/11 	138.9339141845703	144.6212615966797	138.52767944335938	143.8087921142578	127334	2021/01/11 
2021/01/12 	144.6212615966797	151.12109375	142.18382263183594	145.43374633789062	169901	2021/01/12 
2021/01/13 	143.8087921142578	147.46495056152344	142.99630737304688	145.43374633789062	57185	2021/01/13 
2021/01/14 	146.24623107910156	146.24623107910156	143.8087921142578	145.0275115966797	105099	2021/01/14 
2021/01/15 	144.6212615966797	153.55853271484375	144.6212615966797	151.93357849121094	261695	2021/01/15 
2021/01/18 	151.93357849121094	157.6209259033203	151.12109375	152.74606323242188	245175	2021/01/18 
2021/01/19 	153.9647674560547	157.6209259033203	151.93357849121094	154.3710174560547	105820	2021/01/19 
2021/01/20 	157.6209259033203	160.05836486816406	154.3710174560547	155.9959716796875	260529	2021/01/20 
2021/01/21 	156.40220642089844	157.6209259033203	151.52734375	153.1522979736328	120131	2021/01/21 
2021/01/22 	155.9959716796875	155.9959716796875	152.74606323242188	154.3710174560547	31839	2021/01/22 
2021/01/25 	152.74606323242188	155.18348693847656	150.71485900878906	151.93357849121094	83804	2021/01/25 
2021/01/26 	151.12109375	153.55853271484375	150.71485900878906	151.93357849121094	168416	2021/01/26 
2021/01/27 	152.74606323242188	156.80845642089844	151.93357849121094	155.9959716796875	87706	2021/01/27 
2021/01/28 	156.80845642089844	158.43341064453125	155.18348693847656	157.6209259033203	126751	2021/01/28 
2021/01/29 	158.43341064453125	165.7457275390625	158.43341064453125	160.05836486816406	254220	2021/01/29 
2021/02/01 	160.870849609375	166.55819702148438	158.0271759033203	164.12075805664062	120884	2021/02/01 
2021/02/02 	164.93324279785156	168.99563598632812	164.12075805664062	165.3394775390625	89741	2021/02/02 
2021/02/03 	164.93324279785156	164.93324279785156	160.05836486816406	160.870849609375	81451	2021/02/03 
2021/02/04 	162.4958038330078	171.43307495117188	162.4958038330078	170.62059020996094	162418	2021/02/04 
2021/02/05 	171.43307495117188	175.49546813964844	168.99563598632812	174.6829833984375	198414	2021/02/05 
2021/02/17 	172.65179443359375	173.0580291748047	165.3394775390625	170.62059020996094	108920	2021/02/17 
2021/02/18 	172.65179443359375	172.65179443359375	167.77691650390625	171.02684020996094	59831	2021/02/18 
2021/02/19 	168.1831512451172	173.87051391601562	166.96444702148438	171.43307495117188	84978	2021/02/19 
2021/02/22 	172.65179443359375	179.15162658691406	166.15196228027344	167.3706817626953	90914	2021/02/22 
2021/02/23 	167.77691650390625	169.80812072753906	166.96444702148438	166.96444702148438	68771	2021/02/23 
2021/02/24 	168.1831512451172	168.5894012451172	166.55819702148438	167.3706817626953	123259	2021/02/24 
2021/02/25 	167.77691650390625	170.62059020996094	166.96444702148438	169.80812072753906	108740	2021/02/25 
2021/02/26 	166.55819702148438	168.99563598632812	165.7457275390625	168.99563598632812	37416	2021/02/26 
2021/03/02 	172.2455596923828	172.2455596923828	168.1831512451172	168.99563598632812	77355	2021/03/02 
2021/03/03 	169.80812072753906	169.80812072753906	168.1831512451172	168.5894012451172	47863	2021/03/03 
2021/03/04 	169.80812072753906	170.21435546875	168.5894012451172	169.40187072753906	13661	2021/03/04 
2021/03/05 	168.99563598632812	171.02684020996094	168.99563598632812	169.80812072753906	76555	2021/03/05 
2021/03/08 	171.43307495117188	196.21368408203125	171.43307495117188	193.37001037597656	252511	2021/03/08 
2021/03/09 	190.9325714111328	194.99496459960938	189.71385192871094	191.74505615234375	87820	2021/03/09 
2021/03/10 	197.43240356445312	200.2760772705078	195.4011993408203	196.6199188232422	124815	2021/03/10 
2021/03/11 	194.58872985839844	197.0261688232422	192.96377563476562	196.21368408203125	98076	2021/03/11 
2021/03/12 	197.0261688232422	205.1509552001953	197.0261688232422	200.68231201171875	100081	2021/03/12 
2021/03/15 	198.651123046875	203.93223571777344	198.651123046875	203.5260009765625	97272	2021/03/15 
2021/03/16 	203.93223571777344	204.74472045898438	201.4947967529297	203.1197509765625	86061	2021/03/16 
2021/03/17 	201.90103149414062	203.93223571777344	200.68231201171875	200.68231201171875	55029	2021/03/17 
2021/03/18 	203.93223571777344	205.1509552001953	202.71351623535156	203.93223571777344	59893	2021/03/18 
2021/03/19 	203.1197509765625	203.1197509765625	199.05735778808594	200.68231201171875	67067	2021/03/19 
2021/03/22 	200.2760772705078	203.93223571777344	200.2760772705078	202.30728149414062	44804	2021/03/22 
2021/03/23 	200.2760772705078	201.4947967529297	199.86984252929688	201.08856201171875	22129	2021/03/23 
2021/03/24 	203.1197509765625	203.5260009765625	200.68231201171875	202.71351623535156	16333	2021/03/24 
2021/03/25 	201.4947967529297	202.30728149414062	199.46360778808594	201.08856201171875	46985	2021/03/25 
2021/03/26 	200.68231201171875	201.90103149414062	200.68231201171875	200.68231201171875	36558	2021/03/26 
2021/03/29 	201.90103149414062	203.1197509765625	201.08856201171875	201.4947967529297	33192	2021/03/29 
2021/03/30 	203.1197509765625	221.80677795410156	203.1197509765625	217.338134765625	138124	2021/03/30 
2021/03/31 	220.5880584716797	220.5880584716797	214.4944610595703	215.7131805419922	57213	2021/03/31 
2021/04/01 	217.744384765625	217.744384765625	213.27574157714844	215.30694580078125	38340	2021/04/01 
2021/04/07 	219.3693389892578	220.99429321289062	216.52566528320312	220.99429321289062	87343	2021/04/07 
2021/04/08 	223.43173217773438	233.5877227783203	219.77557373046875	228.30661010742188	128324	2021/04/08 
2021/04/09 	231.5565185546875	231.5565185546875	219.77557373046875	226.27540588378906	68943	2021/04/09 
2021/04/12 	225.0566864013672	225.86917114257812	219.77557373046875	220.1818084716797	79624	2021/04/12 
2021/04/13 	226.27540588378906	227.087890625	207.18215942382812	209.6195831298828	220292	2021/04/13 
2021/04/14 	202.71351623535156	207.18215942382812	193.7762451171875	203.1197509765625	318238	2021/04/14 
2021/04/15 	202.30728149414062	204.74472045898438	201.90103149414062	203.1197509765625	34063	2021/04/15 
2021/04/16 	205.55718994140625	220.1818084716797	205.55718994140625	220.1818084716797	70730	2021/04/16 
2021/04/19 	218.55685424804688	220.1818084716797	216.11941528320312	216.93190002441406	57217	2021/04/19 
2021/04/20 	219.77557373046875	219.77557373046875	214.90069580078125	217.338134765625	22932	2021/04/20 
2021/04/21 	214.4944610595703	214.4944610595703	211.2445526123047	211.65078735351562	28922	2021/04/21 
2021/04/22 	211.65078735351562	212.8695068359375	199.86984252929688	203.93223571777344	22458	2021/04/22 
2021/04/23 	197.83863830566406	207.99462890625	197.83863830566406	204.74472045898438	35754	2021/04/23 
2021/04/26 	212.8695068359375	212.8695068359375	204.74472045898438	205.55718994140625	24825	2021/04/26 
2021/04/27 	203.93223571777344	210.0258331298828	203.1197509765625	203.93223571777344	15643	2021/04/27 
2021/04/28 	203.5260009765625	203.93223571777344	202.30728149414062	202.71351623535156	29184	2021/04/28 
2021/04/29 	203.93223571777344	204.74472045898438	202.30728149414062	203.93223571777344	20714	2021/04/29 
2021/05/03 	204.74472045898438	204.74472045898438	194.18247985839844	194.99496459960938	78363	2021/05/03 
2021/05/04 	193.7762451171875	194.99496459960938	185.24522399902344	192.55752563476562	89347	2021/05/04 
2021/05/05 	188.49513244628906	190.9325714111328	186.0576934814453	189.3076171875	30357	2021/05/05 
2021/05/06 	188.08889770507812	190.12008666992188	188.08889770507812	189.3076171875	23692	2021/05/06 
2021/05/07 	193.37001037597656	198.24488830566406	193.37001037597656	197.43240356445312	20069	2021/05/07 
2021/05/10 	199.05735778808594	207.58839416503906	199.05735778808594	205.55718994140625	39999	2021/05/10 
2021/05/11 	212.05702209472656	212.46327209472656	201.4947967529297	205.96343994140625	153653	2021/05/11 
2021/05/12 	206.3696746826172	206.3696746826172	199.86984252929688	201.90103149414062	154767	2021/05/12 
2021/05/13 	199.05735778808594	205.55718994140625	199.05735778808594	203.93223571777344	71361	2021/05/13 
2021/05/14 	203.1197509765625	204.74472045898438	201.90103149414062	201.90103149414062	35922	2021/05/14 
2021/05/17 	201.08856201171875	203.93223571777344	200.68231201171875	201.4947967529297	73208	2021/05/17 
2021/05/18 	202.30728149414062	216.11941528320312	202.30728149414062	207.18215942382812	34638	2021/05/18 
2021/05/19 	209.6195831298828	210.43206787109375	205.96343994140625	209.6195831298828	34994	2021/05/19 
2021/05/20 	208.80711364746094	214.90069580078125	207.99462890625	209.6195831298828	59350	2021/05/20 
2021/05/21 	212.8695068359375	212.8695068359375	209.6195831298828	211.65078735351562	7223	2021/05/21 
2021/05/24 	211.65078735351562	211.65078735351562	211.65078735351562	211.65078735351562	0	2021/05/24 
2021/05/25 	211.65078735351562	211.65078735351562	211.65078735351562	211.65078735351562	0	2021/05/25 
2021/05/26 	211.65078735351562	211.65078735351562	211.65078735351562	211.65078735351562	0	2021/05/26 
2021/05/27 	211.65078735351562	211.65078735351562	211.65078735351562	211.65078735351562	0	2021/05/27 
2021/05/28 	211.65078735351562	211.65078735351562	211.65078735351562	211.65078735351562	0	2021/05/28 
2021/05/31 	211.65078735351562	211.65078735351562	211.65078735351562	211.65078735351562	0	2021/05/31 
2021/06/01 	211.65078735351562	211.65078735351562	211.65078735351562	211.65078735351562	0	2021/06/01 
2021/06/02 	211.65078735351562	211.65078735351562	211.65078735351562	211.65078735351562	0	2021/06/02 
2021/06/03 	211.65078735351562	211.65078735351562	211.65078735351562	211.65078735351562	0	2021/06/03 
2021/06/04 	211.65078735351562	211.65078735351562	211.65078735351562	211.65078735351562	0	2021/06/04 
2021/06/07 	211.65078735351562	211.65078735351562	211.65078735351562	211.65078735351562	0	2021/06/07 
2021/06/08 	279.4927978515625	281.52398681640625	268.5243225097656	277.8678283691406	69487	2021/06/08 
2021/06/09 	284.3676452636719	288.4300537109375	268.5243225097656	285.99261474609375	127600	2021/06/09 
2021/06/10 	288.4300537109375	311.585693359375	285.99261474609375	311.585693359375	250433	2021/06/10 
2021/06/11 	312.398193359375	338.8037414550781	309.55450439453125	312.8044128417969	289144	2021/06/11 
2021/06/15 	318.0855407714844	333.11639404296875	310.7732238769531	328.24151611328125	245246	2021/06/15 
2021/06/16 	328.64776611328125	335.9600830078125	324.5853576660156	324.5853576660156	221538	2021/06/16 
2021/06/17 	329.8664855957031	330.2727355957031	324.5853576660156	329.4602355957031	60903	2021/06/17 
2021/06/18 	327.8352966308594	329.4602355957031	326.2103271484375	328.64776611328125	112754	2021/06/18 
2021/06/21 	328.24151611328125	332.7101745605469	317.2730712890625	332.7101745605469	68963	2021/06/21 
2021/06/22 	332.7101745605469	337.99127197265625	327.0227966308594	331.491455078125	345333	2021/06/22 
2021/06/23 	331.491455078125	382.6776123046875	330.678955078125	350.5846862792969	376908	2021/06/23 
2021/06/24 	347.33477783203125	378.615234375	343.6786193847656	363.9906005859375	140585	2021/06/24 
2021/06/25 	363.9906005859375	390.8023986816406	362.7718811035156	370.89666748046875	233978	2021/06/25 
2021/06/28 	366.02178955078125	389.98992919921875	366.02178955078125	377.3965148925781	129156	2021/06/28 
2021/06/29 	380.64642333984375	381.05267333984375	365.6155700683594	370.4904479980469	97534	2021/06/29 
2021/06/30 	369.6779479980469	370.89666748046875	352.20965576171875	357.8970031738281	115018	2021/06/30 
2021/07/01 	358.3032531738281	366.42803955078125	343.6786193847656	345.7098388671875	119130	2021/07/01 
2021/07/02 	336.7725524902344	350.178466796875	324.9916076660156	341.2411804199219	138407	2021/07/02 
2021/07/05 	350.5846862792969	350.5846862792969	333.52264404296875	342.45989990234375	90409	2021/07/05 
2021/07/06 	348.9597473144531	348.9597473144531	332.3039245605469	335.9600830078125	56749	2021/07/06 
2021/07/07 	340.8349609375	342.45989990234375	330.678955078125	333.11639404296875	89636	2021/07/07 
2021/07/08 	338.39752197265625	345.3035888671875	333.11639404296875	342.86614990234375	84461	2021/07/08 
2021/07/09 	342.86614990234375	353.4283752441406	336.3663024902344	337.58502197265625	29699	2021/07/09 
2021/07/12 	341.2411804199219	341.2411804199219	327.8352966308594	330.678955078125	57509	2021/07/12 
2021/07/13 	337.1788024902344	346.9285583496094	330.678955078125	330.678955078125	58328	2021/07/13 
2021/07/14 	337.1788024902344	337.1788024902344	325.3978576660156	333.11639404296875	47233	2021/07/14 
2021/07/15 	340.8349609375	340.8349609375	324.9916076660156	327.8352966308594	37463	2021/07/15 
2021/07/16 	324.9916076660156	334.3351135253906	324.17913818359375	328.64776611328125	109024	2021/07/16 
2021/07/19 	332.3039245605469	332.3039245605469	317.2730712890625	329.4602355957031	158891	2021/07/19 
2021/07/20 	330.678955078125	332.7101745605469	324.9916076660156	327.0227966308594	130461	2021/07/20 
2021/07/21 	337.1788024902344	337.1788024902344	316.0543518066406	323.36663818359375	129522	2021/07/21 
2021/07/22 	326.2103271484375	327.8352966308594	309.1482849121094	316.8668212890625	177479	2021/07/22 
2021/07/23 	315.2418518066406	315.2418518066406	299.3985290527344	305.8983459472656	177906	2021/07/23 
2021/07/26 	323.36663818359375	340.4287109375	311.991943359375	324.17913818359375	62048	2021/07/26 
2021/07/27 	333.11639404296875	346.1160583496094	320.9292297363281	322.5541687011719	68133	2021/07/27 
2021/07/28 	320.9292297363281	324.5853576660156	315.6481018066406	318.4917907714844	62378	2021/07/28 
2021/07/29 	318.89801025390625	343.27239990234375	318.89801025390625	327.0227966308594	207157	2021/07/29 
2021/07/30 	329.05401611328125	340.8349609375	329.05401611328125	330.678955078125	67530	2021/07/30 
2021/08/02 	327.8352966308594	335.1476135253906	327.8352966308594	331.085205078125	28766	2021/08/02 
2021/08/03 	339.2099914550781	340.0224609375	334.3351135253906	336.3663024902344	46225	2021/08/03 
2021/08/04 	346.5223083496094	366.42803955078125	335.9600830078125	348.5534973144531	282730	2021/08/04 
2021/08/05 	358.7095031738281	361.1469421386719	349.772216796875	353.4283752441406	93213	2021/08/05 
2021/08/06 	362.7718811035156	362.7718811035156	336.3663024902344	348.5534973144531	70011	2021/08/06 
2021/08/09 	348.9597473144531	350.5846862792969	341.2411804199219	342.86614990234375	47840	2021/08/09 
2021/08/10 	337.1788024902344	348.9597473144531	331.8976745605469	339.2099914550781	108193	2021/08/10 
2021/08/11 	340.0224609375	353.4283752441406	334.7413635253906	338.8037414550781	210698	2021/08/11 
2021/08/12 	350.0	365.0	347.0	356.0	277595	2021/08/12 
2021/08/13 	348.0	357.5	323.0	323.0	145107	2021/08/13 
2021/08/16 	331.5	331.5	291.0	302.0	140901	2021/08/16 
2021/08/17 	305.0	305.0	289.0	301.0	93563	2021/08/17 
2021/08/18 	281.5	290.5	265.5	280.0	166825	2021/08/18 
2021/08/19 	281.5	285.0	271.0	285.0	13936	2021/08/19 
2021/08/20 	281.0	287.0	272.5	276.5	17015	2021/08/20 
2021/08/23 	291.5	304.5	285.0	304.5	33251	2021/08/23 
2021/08/24 	306.5	314.5	299.0	306.0	31061	2021/08/24 
2021/08/25 	311.0	311.0	300.0	310.0	12422	2021/08/25 
2021/08/26 	310.5	310.5	295.5	307.5	65235	2021/08/26 
2021/08/27 	299.0	305.0	295.0	302.5	12522	2021/08/27 
2021/08/30 	294.0	307.5	294.0	303.0	27813	2021/08/30 
2021/08/31 	303.0	315.5	299.5	314.0	31880	2021/08/31 
2021/09/01 	314.5	330.0	310.0	330.0	69710	2021/09/01 
2021/09/02 	342.5	357.0	333.5	351.0	71342	2021/09/02 
2021/09/03 	354.5	354.5	340.5	354.5	27222	2021/09/03 
2021/09/06 	349.5	350.0	322.0	334.0	49527	2021/09/06 
2021/09/07 	323.0	328.0	319.0	325.0	37574	2021/09/07 
2021/09/08 	329.0	329.0	309.0	315.5	14945	2021/09/08 
2021/09/09 	320.0	320.0	310.5	320.0	550	2021/09/09 
2021/09/10 	324.5	329.0	315.0	323.0	22338	2021/09/10 
2021/09/13 	325.0	340.0	325.0	330.5	25790	2021/09/13 
2021/09/14 	331.5	341.5	331.5	335.0	46803	2021/09/14 
2021/09/15 	339.0	349.5	331.5	349.5	75500	2021/09/15 
2021/09/16 	351.0	355.0	338.5	342.0	30698	2021/09/16 
2021/09/17 	338.0	344.5	336.5	340.5	25336	2021/09/17 
2021/09/22 	339.5	341.5	334.5	340.0	30419	2021/09/22 
2021/09/23 	345.0	351.0	337.5	349.0	71991	2021/09/23 
2021/09/24 	357.5	358.0	349.0	351.5	41229	2021/09/24 
2021/09/27 	360.0	377.0	352.5	357.5	42306	2021/09/27 
2021/09/28 	353.0	359.5	350.0	354.5	63453	2021/09/28 
2021/09/29 	352.0	354.5	346.5	354.5	73714	2021/09/29 
2021/09/30 	347.0	355.0	331.5	345.5	160694	2021/09/30 
2021/10/01 	341.0	346.5	338.0	340.5	49228	2021/10/01 
2021/10/04 	346.5	365.0	342.0	349.5	120593	2021/10/04 
2021/10/05 	353.5	354.0	346.5	350.0	102717	2021/10/05 
2021/10/06 	354.0	354.0	348.5	349.5	90969	2021/10/06 
2021/10/07 	354.5	354.5	349.0	351.5	20266	2021/10/07 
2021/10/08 	355.0	371.5	350.5	353.0	107939	2021/10/08 
2021/10/12 	357.5	361.5	348.5	361.5	67936	2021/10/12 
2021/10/13 	361.5	361.5	344.5	349.5	28761	2021/10/13 
2021/10/14 	360.0	360.0	343.0	347.0	42350	2021/10/14 
2021/10/15 	348.5	354.5	348.0	352.0	54312	2021/10/15 
2021/10/18 	352.5	354.5	349.0	354.5	63656	2021/10/18 
2021/10/19 	351.0	354.5	350.0	354.5	39235	2021/10/19 
2021/10/20 	356.5	356.5	351.0	354.0	59768	2021/10/20 
2021/10/21 	352.0	355.5	352.0	355.0	43384	2021/10/21 
2021/10/22 	355.0	356.0	352.0	356.0	21662	2021/10/22 
2021/10/25 	356.5	363.5	355.0	361.0	85614	2021/10/25 
2021/10/26 	370.0	403.0	366.0	399.0	195782	2021/10/26 
2021/10/27 	405.0	405.0	376.5	380.5	79352	2021/10/27 
2021/10/28 	389.5	401.5	388.0	397.0	55177	2021/10/28 
2021/10/29 	394.0	401.5	389.0	393.0	43861	2021/10/29 
2021/11/01 	397.0	411.5	395.5	405.0	118327	2021/11/01 
2021/11/02 	411.5	420.5	410.0	419.0	138746	2021/11/02 
2021/11/03 	418.0	425.0	399.0	407.5	106033	2021/11/03 
2021/11/04 	410.0	415.0	398.0	400.0	81887	2021/11/04 
2021/11/05 	405.0	405.0	394.5	400.5	47132	2021/11/05 
2021/11/08 	401.5	402.5	394.0	399.5	59051	2021/11/08 
2021/11/09 	402.0	412.5	401.0	401.5	84350	2021/11/09 
2021/11/10 	400.5	409.5	395.0	405.5	64899	2021/11/10 
2021/11/11 	406.0	407.5	390.5	400.0	82142	2021/11/11 
2021/11/12 	401.5	411.0	395.5	397.5	149981	2021/11/12 
2021/11/15 	410.0	421.0	397.0	403.5	211314	2021/11/15 
2021/11/16 	404.0	409.5	393.5	401.0	153432	2021/11/16 
2021/11/17 	402.0	407.0	397.5	406.0	114828	2021/11/17 
2021/11/18 	406.5	406.5	390.0	398.5	159733	2021/11/18 
2021/11/19 	397.0	404.0	396.0	398.0	120695	2021/11/19 
2021/11/22 	398.5	404.5	397.5	400.0	96453	2021/11/22 
2021/11/23 	397.0	403.0	394.5	397.0	137011	2021/11/23 
2021/11/24 	400.5	400.5	333.0	378.0	535538	2021/11/24 
2021/11/25 	379.5	386.5	338.5	344.0	413923	2021/11/25 
2021/11/26 	335.0	336.5	270.0	319.5	1126195	2021/11/26 
2021/11/29 	320.0	345.0	299.0	341.0	314545	2021/11/29 
2021/11/30 	333.0	339.5	320.5	322.0	127924	2021/11/30 
2021/12/01 	320.0	356.5	320.0	344.0	105516	2021/12/01 
2021/12/02 	344.0	350.0	334.5	339.5	134844	2021/12/02 
2021/12/03 	352.0	352.0	340.0	342.5	51856	2021/12/03 
2021/12/06 	342.5	355.0	342.5	348.0	88404	2021/12/06 
2021/12/07 	349.5	355.0	345.0	349.0	35633	2021/12/07 
2021/12/08 	348.0	355.0	344.0	352.5	165629	2021/12/08 
2021/12/09 	346.0	352.5	333.5	351.5	146527	2021/12/09 
2021/12/10 	346.5	348.0	311.0	322.0	398706	2021/12/10 
2021/12/13 	318.0	324.5	278.0	290.0	499261	2021/12/13 
2021/12/14 	282.0	289.5	240.0	267.5	577699	2021/12/14 
2021/12/15 	277.0	282.0	264.5	270.0	134917	2021/12/15 
2021/12/16 	270.0	280.0	270.0	273.0	60113	2021/12/16 
2021/12/17 	270.0	274.0	265.0	270.0	57138	2021/12/17 
2021/12/20 	270.0	270.5	263.0	268.0	41442	2021/12/20 
2021/12/21 	263.0	270.0	263.0	265.0	7421	2021/12/21 
2021/12/22 	270.0	270.5	262.0	265.0	45156	2021/12/22 
2021/12/23 	263.5	269.5	260.0	261.0	42692	2021/12/23 
2021/12/24 	269.0	270.0	265.0	270.0	29970	2021/12/24 
2021/12/27 	270.0	270.0	258.0	261.0	39655	2021/12/27 
2021/12/28 	265.5	265.5	260.5	261.5	16014	2021/12/28 
2021/12/29 	260.5	264.0	259.0	260.0	35681	2021/12/29 
2021/12/30 	267.0	270.5	260.5	270.5	31604	2021/12/30 
2022/01/03 	270.5	281.5	269.5	277.0	52101	2022/01/03 
2022/01/04 	277.0	293.5	277.0	281.0	68759	2022/01/04 
2022/01/05 	284.5	288.5	275.0	281.0	77819	2022/01/05 
2022/01/06 	281.0	281.0	272.5	281.0	19327	2022/01/06 
2022/01/07 	280.0	280.0	271.5	273.0	48894	2022/01/07 
2022/01/10 	272.5	273.0	268.0	268.0	32051	2022/01/10 
2022/01/11 	271.0	274.5	268.0	271.5	11823	2022/01/11 
2022/01/12 	272.5	280.0	270.0	270.5	19999	2022/01/12 
2022/01/13 	274.5	274.5	270.0	270.5	29009	2022/01/13 
2022/01/14 	269.5	286.0	269.5	286.0	66757	2022/01/14 
2022/01/17 	285.5	285.5	279.5	283.0	49691	2022/01/17 
2022/01/18 	283.0	284.0	280.0	280.0	22963	2022/01/18 
2022/01/19 	279.5	280.0	269.5	271.0	21214	2022/01/19 
2022/01/20 	273.0	274.5	270.0	272.0	32243	2022/01/20 
2022/01/21 	273.0	273.0	265.0	269.5	18276	2022/01/21 
2022/01/24 	272.5	281.0	268.0	281.0	60809	2022/01/24 
2022/01/25 	280.0	282.0	264.5	275.0	30834	2022/01/25 
2022/01/26 	275.0	275.0	268.0	270.0	31987	2022/01/26 
2022/02/07 	270.0	279.5	268.0	275.0	85537	2022/02/07 
2022/02/08 	270.0	278.5	268.5	274.0	94368	2022/02/08 
2022/02/09 	273.0	279.5	273.0	279.5	29488	2022/02/09 
2022/02/10 	275.0	279.5	274.0	276.0	53454	2022/02/10 
2022/02/11 	276.5	280.0	275.0	276.5	94414	2022/02/11 
2022/02/14 	276.0	276.0	268.0	272.5	53606	2022/02/14 
2022/02/15 	276.0	285.5	273.0	278.0	82269	2022/02/15 
2022/02/16 	285.0	286.0	282.0	286.0	42208	2022/02/16 
2022/02/17 	287.0	320.0	282.5	317.0	118016	2022/02/17 
2022/02/18 	318.0	340.0	317.0	329.5	186692	2022/02/18 
2022/02/21 	333.0	333.5	324.0	331.5	30651	2022/02/21 
2022/02/22 	324.0	334.0	322.5	324.0	52204	2022/02/22 
2022/02/23 	327.5	328.5	318.0	319.5	104014	2022/02/23 
2022/02/24 	320.0	321.0	309.5	311.0	90746	2022/02/24 
2022/02/25 	315.0	321.0	308.0	313.5	35403	2022/02/25 
2022/03/01 	318.0	326.5	314.5	315.0	91351	2022/03/01 
2022/03/02 	315.0	315.0	308.0	309.5	48766	2022/03/02 
2022/03/03 	314.5	314.5	306.0	311.0	71807	2022/03/03 
2022/03/04 	313.0	314.0	306.5	308.5	104553	2022/03/04 
2022/03/07 	305.0	313.0	305.0	307.0	179501	2022/03/07 
2022/03/08 	302.5	325.0	302.0	309.0	126195	2022/03/08 
2022/03/09 	315.0	315.0	306.5	310.5	43643	2022/03/09 
2022/03/10 	312.0	332.5	308.5	321.0	95834	2022/03/10 
2022/03/11 	320.0	320.0	314.0	317.0	15170	2022/03/11 
2022/03/14 	318.0	318.0	309.0	316.0	17662	2022/03/14 
2022/03/15 	319.0	319.0	296.0	299.5	81306	2022/03/15 
2022/03/16 	303.0	305.0	295.0	299.5	53915	2022/03/16 
2022/03/17 	305.0	305.0	293.0	299.5	35310	2022/03/17 
2022/03/18 	304.0	304.0	294.0	294.0	6807	2022/03/18 
2022/03/21 	302.0	305.0	299.0	302.5	9571	2022/03/21 
2022/03/22 	304.5	305.0	304.5	305.0	2270	2022/03/22 
2022/03/23 	304.5	304.5	295.5	300.0	2699	2022/03/23 
2022/03/24 	300.5	300.5	294.0	296.0	64849	2022/03/24 
2022/03/25 	300.0	301.0	298.0	300.0	23747	2022/03/25 
2022/03/28 	300.0	304.5	291.5	296.5	20580	2022/03/28 
2022/03/29 	297.0	303.5	295.0	300.5	14101	2022/03/29 
2022/03/30 	304.0	304.5	298.0	299.5	23096	2022/03/30 
2022/03/31 	295.5	303.0	295.5	298.0	20260	2022/03/31 
2022/04/01 	295.5	300.0	295.5	297.0	15760	2022/04/01 
2022/04/06 	300.0	300.0	295.5	297.0	18641	2022/04/06 
2022/04/07 	295.0	299.5	295.0	298.0	37624	2022/04/07 
2022/04/08 	297.5	299.5	297.5	299.0	16620	2022/04/08 
2022/04/11 	293.5	299.5	293.5	295.0	19750	2022/04/11 
2022/04/12 	293.5	300.0	293.5	295.0	15498	2022/04/12 
2022/04/13 	299.0	299.0	297.0	297.5	32798	2022/04/13 
2022/04/14 	294.5	299.0	294.0	294.5	21362	2022/04/14 
2022/04/15 	293.0	293.0	289.0	292.0	28160	2022/04/15 
2022/04/18 	290.0	300.0	290.0	292.5	72513	2022/04/18 
2022/04/19 	295.0	296.0	293.0	293.0	31095	2022/04/19 
2022/04/20 	296.0	296.0	290.0	291.0	21542	2022/04/20 
2022/04/21 	291.0	293.0	289.0	292.0	27152	2022/04/21 
2022/04/22 	285.0	290.0	280.0	282.0	64060	2022/04/22 
2022/04/25 	283.0	283.0	220.0	230.5	427850	2022/04/25 
2022/04/26 	228.0	263.0	220.5	250.0	125327	2022/04/26 
2022/04/27 	244.0	260.0	232.5	241.0	46013	2022/04/27 
2022/04/28 	258.5	261.0	244.5	250.0	67918	2022/04/28 
2022/04/29 	257.0	261.5	248.5	251.0	76769	2022/04/29 
2022/05/03 	262.0	262.0	236.0	237.0	71252	2022/05/03 
2022/05/04 	251.0	251.0	241.0	244.5	78514	2022/05/04 
2022/05/05 	251.0	256.0	246.0	252.5	51796	2022/05/05 
2022/05/06 	250.5	250.5	249.5	250.0	3558	2022/05/06 
2022/05/09 	249.5	249.5	230.0	239.5	27570	2022/05/09 
2022/05/10 	228.0	240.0	228.0	230.0	18356	2022/05/10 
2022/05/11 	238.5	238.5	234.0	234.5	15336	2022/05/11 
2022/05/12 	234.5	239.5	228.0	231.0	11150	2022/05/12 
2022/05/13 	230.5	251.0	230.5	242.0	38761	2022/05/13 
2022/05/16 	250.0	250.0	235.0	235.0	13474	2022/05/16 
2022/05/17 	241.0	241.5	232.0	240.0	5001	2022/05/17 
2022/05/18 	241.0	241.0	229.0	239.5	9680	2022/05/18 
2022/05/19 	239.5	239.5	236.5	236.5	216	2022/05/19 
2022/05/20 	236.5	236.5	226.5	226.5	345	2022/05/20 
2022/05/23 	236.0	238.0	234.0	238.0	4300	2022/05/23 
2022/05/24 	238.0	238.0	223.5	225.0	17774	2022/05/24 
2022/05/25 	231.0	240.0	221.0	235.0	31391	2022/05/25 
2022/05/26 	226.0	234.5	224.0	230.5	19648	2022/05/26 
2022/05/27 	231.0	235.5	224.0	234.5	23487	2022/05/27 
2022/05/30 	244.5	248.0	233.0	243.0	49264	2022/05/30 
2022/05/31 	248.0	272.0	246.0	271.0	64992	2022/05/31 
2022/06/01 	269.5	283.0	267.0	279.0	110474	2022/06/01 
2022/06/02 	280.0	295.0	279.0	286.0	62398	2022/06/02 
2022/06/06 	292.0	292.0	282.0	285.5	50638	2022/06/06 
2022/06/07 	287.5	291.0	280.5	287.5	66140	2022/06/07 
2022/06/08 	294.0	294.5	280.5	290.5	18766	2022/06/08 
2022/06/09 	290.0	290.0	278.0	281.0	19293	2022/06/09 
2022/06/10 	285.0	285.0	279.5	285.0	32398	2022/06/10 
2022/06/13 	280.5	309.0	280.0	304.5	141553	2022/06/13 
2022/06/14 	301.0	301.0	287.0	289.5	42309	2022/06/14 
2022/06/15 	282.0	286.0	269.0	271.5	66788	2022/06/15 
2022/06/16 	270.0	271.5	263.0	264.0	65353	2022/06/16 
2022/06/17 	264.5	265.0	259.0	265.0	2140	2022/06/17 
2022/06/20 	265.0	265.0	242.0	242.0	27774	2022/06/20 
2022/06/21 	235.5	256.5	230.5	251.5	63279	2022/06/21 
2022/06/22 	256.5	256.5	244.0	248.0	5218	2022/06/22 
2022/06/23 	240.0	248.5	239.0	246.0	11690	2022/06/23 
2022/06/24 	248.5	248.5	240.0	246.5	1199	2022/06/24 
2022/06/27 	247.0	247.0	238.0	246.0	6632	2022/06/27 
2022/06/28 	247.0	247.0	237.0	238.5	3943	2022/06/28 
2022/06/29 	239.0	245.0	239.0	241.0	6652	2022/06/29 
2022/06/30 	235.5	242.5	235.5	235.5	41101	2022/06/30 
2022/07/01 	241.5	241.5	228.0	235.0	18040	2022/07/01 
2022/07/04 	235.0	236.0	231.0	231.0	18150	2022/07/04 
2022/07/05 	233.0	233.0	228.0	229.5	23562	2022/07/05 
2022/07/06 	228.5	229.0	220.0	222.0	16652	2022/07/06 
2022/07/07 	220.5	225.5	215.0	220.0	39319	2022/07/07 
2022/07/08 	218.0	224.5	218.0	219.5	6291	2022/07/08 
2022/07/11 	217.5	221.0	210.0	214.5	37543	2022/07/11 
2022/07/12 	209.5	210.0	188.0	188.0	61501	2022/07/12 
2022/07/13 	196.5	198.5	195.0	198.5	18061	2022/07/13 
2022/07/14 	200.0	200.0	191.5	192.0	6361	2022/07/14 
2022/07/15 	197.5	197.5	190.0	197.5	13570	2022/07/15 
2022/07/18 	190.0	197.0	190.0	192.5	33337	2022/07/18 
2022/07/19 	190.0	190.0	184.0	185.0	40141	2022/07/19 
2022/07/20 	191.5	191.5	184.5	187.5	6986	2022/07/20 
2022/07/21 	189.0	190.0	185.0	190.0	11917	2022/07/21 
2022/07/22 	190.0	190.0	190.0	190.0	101	2022/07/22 
2022/07/25 	190.5	191.5	185.0	191.5	30211	2022/07/25 
2022/07/26 	192.5	192.5	189.0	191.0	17220	2022/07/26 
2022/07/27 	192.5	192.5	188.5	191.0	35665	2022/07/27 
2022/07/28 	189.0	191.5	189.0	190.5	9929	2022/07/28 
2022/07/29 	193.0	220.5	193.0	214.0	164276	2022/07/29 
2022/08/01 	220.0	220.0	207.5	210.5	30166	2022/08/01 
2022/08/02 	211.0	211.0	200.5	207.5	77218	2022/08/02 
2022/08/03 	208.0	208.0	202.0	202.0	26891	2022/08/03 
2022/08/04 	206.0	210.0	205.0	208.0	24035	2022/08/04 
2022/08/05 	206.0	209.0	205.0	206.0	117515	2022/08/05 
2022/08/08 	206.0	212.0	206.0	208.0	167707	2022/08/08 
2022/08/09 	209.5	210.5	205.0	207.5	188021	2022/08/09 
2022/08/10 	209.0	209.5	206.0	206.0	47747	2022/08/10 
2022/08/11 	206.0	210.0	205.5	206.5	164710	2022/08/11 
2022/08/12 	208.0	210.5	205.5	206.5	47355	2022/08/12 
2022/08/15 	206.0	206.0	201.5	205.0	61409	2022/08/15 
2022/08/16 	203.5	204.5	200.5	203.5	124235	2022/08/16 
2022/08/17 	203.5	203.5	197.0	198.0	44763	2022/08/17 
2022/08/18 	192.5	195.0	178.0	180.0	308594	2022/08/18 
2022/08/19 	182.5	186.0	175.0	180.0	132687	2022/08/19 
2022/08/22 	178.5	178.5	170.0	172.0	38362	2022/08/22 
2022/08/23 	170.0	175.0	169.0	172.0	86912	2022/08/23 
2022/08/24 	175.0	176.0	168.0	171.0	273494	2022/08/24 
2022/08/25 	170.0	174.0	169.5	169.5	133957	2022/08/25 
2022/08/26 	170.0	174.5	170.0	172.0	28392	2022/08/26 
2022/08/29 	173.0	173.5	150.0	158.0	193560	2022/08/29 
2022/08/30 	163.0	172.0	162.0	171.0	59454	2022/08/30 
2022/08/31 	171.0	171.0	167.5	168.5	51350	2022/08/31 
2022/09/01 	170.5	170.5	167.0	168.0	64092	2022/09/01 
2022/09/02 	168.0	169.5	166.0	166.0	20132	2022/09/02 
2022/09/05 	169.0	170.0	168.0	168.0	59120	2022/09/05 
2022/09/06 	171.0	171.0	166.0	168.0	63975	2022/09/06 
2022/09/07 	165.0	168.0	159.0	160.0	47190	2022/09/07 
2022/09/08 	165.0	165.0	161.0	161.0	10521	2022/09/08 
2022/09/12 	162.0	163.0	154.0	161.0	91898	2022/09/12 
2022/09/13 	136.5	146.5	134.0	142.5	1639191	2022/09/13 
2022/09/14 	139.0	143.5	135.0	143.0	436045	2022/09/14 
2022/09/15 	141.5	175.0	141.0	170.0	1305761	2022/09/15 
2022/09/16 	165.0	181.5	163.5	177.0	812301	2022/09/16 
2022/09/19 	175.0	177.0	158.0	169.5	658015	2022/09/19 
2022/09/20 	165.0	167.0	154.0	157.0	479439	2022/09/20 
2022/09/21 	155.0	155.0	141.5	142.5	680471	2022/09/21 
2022/09/22 	140.0	149.0	131.0	143.5	491102	2022/09/22 
2022/09/23 	140.0	141.0	136.0	136.0	377017	2022/09/23 
2022/09/26 	131.0	139.5	127.5	136.0	276219	2022/09/26 
2022/09/27 	136.5	139.0	132.5	136.0	121213	2022/09/27 
2022/09/28 	136.0	136.0	127.0	127.0	161152	2022/09/28 
2022/09/29 	129.0	135.0	127.5	129.5	91004	2022/09/29 
2022/09/30 	123.0	129.0	122.0	124.5	134334	2022/09/30 
2022/10/03 	124.5	126.0	119.0	120.0	120084	2022/10/03 
2022/10/04 	125.0	132.0	121.5	132.0	192000	2022/10/04 
2022/10/05 	133.0	145.0	133.0	141.5	532219	2022/10/05 
2022/10/06 	137.0	139.0	133.5	136.0	213363	2022/10/06 
2022/10/07 	135.0	135.0	129.0	130.0	127003	2022/10/07 
2022/10/11 	128.0	128.0	119.5	124.5	131326	2022/10/11 
2022/10/12 	124.0	127.0	123.0	124.5	63203	2022/10/12 
2022/10/13 	124.5	124.5	117.0	117.0	117003	2022/10/13 
2022/10/14 	121.0	122.5	117.0	118.0	143040	2022/10/14 
2022/10/17 	116.5	116.5	106.5	109.5	279046	2022/10/17 
2022/10/18 	111.0	116.0	107.5	108.5	130600	2022/10/18 
2022/10/19 	106.5	110.5	106.5	108.5	47000	2022/10/19 
2022/10/20 	105.5	106.0	97.69999694824219	98.5	446120	2022/10/20 
2022/10/21 	97.69999694824219	97.69999694824219	88.69999694824219	91.5	620200	2022/10/21 
2022/10/24 	93.0999984741211	93.9000015258789	87.30000305175781	88.0	169015	2022/10/24 
2022/10/25 	88.69999694824219	88.69999694824219	80.4000015258789	80.80000305175781	335476	2022/10/25 
2022/10/26 	82.5999984741211	85.5	78.19999694824219	85.0	561300	2022/10/26 
2022/10/27 	83.0	89.80000305175781	83.0	87.0	339000	2022/10/27 
2022/10/28 	87.0	87.0	80.30000305175781	82.0	189050	2022/10/28 
2022/10/31 	82.69999694824219	85.0	82.0999984741211	83.5	128004	2022/10/31 
2022/11/01 	83.5	83.5999984741211	81.0	82.19999694824219	185003	2022/11/01 
2022/11/02 	82.19999694824219	90.4000015258789	82.0	90.19999694824219	576030	2022/11/02 
2022/11/03 	88.5	90.80000305175781	86.0	89.0999984741211	385171	2022/11/03 
2022/11/04 	88.9000015258789	90.19999694824219	87.0999984741211	90.0	282563	2022/11/04 
2022/11/07 	90.0	95.0	90.0	91.19999694824219	300250	2022/11/07 
2022/11/08 	91.5999984741211	92.5	87.30000305175781	87.30000305175781	288001	2022/11/08 
2022/11/09 	87.30000305175781	90.0	87.30000305175781	88.80000305175781	148119	2022/11/09 
2022/11/10 	88.4000015258789	89.80000305175781	85.5999984741211	86.5999984741211	125000	2022/11/10 
2022/11/11 	88.0999984741211	89.19999694824219	87.30000305175781	87.4000015258789	414280	2022/11/11 
2022/11/14 	87.5	87.69999694824219	84.4000015258789	85.19999694824219	210000	2022/11/14 
2022/11/15 	84.5999984741211	86.4000015258789	84.5999984741211	85.5999984741211	160200	2022/11/15 
2022/11/16 	84.0999984741211	84.5	83.0	83.0	165091	2022/11/16 
2022/11/17 	83.0	88.19999694824219	83.0	86.80000305175781	626106	2022/11/17 
2022/11/18 	87.5999984741211	89.4000015258789	86.30000305175781	87.19999694824219	490017	2022/11/18 
2022/11/21 	89.0	92.4000015258789	87.30000305175781	88.0	492048	2022/11/21 
2022/11/22 	89.0	89.19999694824219	86.69999694824219	87.4000015258789	203990	2022/11/22 
2022/11/23 	88.0999984741211	88.5999984741211	83.5999984741211	84.5	278100	2022/11/23 
2022/11/24 	85.0	85.19999694824219	84.0	84.5	127020	2022/11/24 
2022/11/25 	84.5	85.0	81.4000015258789	81.69999694824219	354200	2022/11/25 
2022/11/28 	81.69999694824219	82.0999984741211	80.19999694824219	81.19999694824219	99000	2022/11/28 
2022/11/29 	82.5	82.5	80.9000015258789	81.30000305175781	106036	2022/11/29 
2022/11/30 	81.5999984741211	83.19999694824219	81.0999984741211	82.0999984741211	213000	2022/11/30 
2022/12/01 	83.0	84.5	82.5	83.9000015258789	226200	2022/12/01 
2022/12/02 	83.69999694824219	85.5	83.30000305175781	84.80000305175781	498000	2022/12/02 
2022/12/05 	84.80000305175781	89.80000305175781	84.80000305175781	88.0	748000	2022/12/05 
2022/12/06 	88.5	88.5	83.80000305175781	84.5	571001	2022/12/06 
2022/12/07 	83.0	83.5999984741211	81.0	81.19999694824219	347200	2022/12/07 
2022/12/08 	81.0	82.4000015258789	78.30000305175781	80.0	461001	2022/12/08 
2022/12/09 	80.4000015258789	85.80000305175781	79.5	83.80000305175781	444006	2022/12/09 
2022/12/12 	83.5	88.4000015258789	82.5999984741211	85.4000015258789	471020	2022/12/12 
2022/12/13 	87.5	88.5	83.19999694824219	83.4000015258789	313000	2022/12/13 
2022/12/14 	83.4000015258789	86.4000015258789	83.4000015258789	85.80000305175781	224000	2022/12/14 
2022/12/15 	85.69999694824219	87.5	85.5	87.19999694824219	279008	2022/12/15 
2022/12/16 	86.0	86.0999984741211	84.69999694824219	85.19999694824219	133000	2022/12/16 
2022/12/19 	84.19999694824219	85.69999694824219	83.5	84.0	175060	2022/12/19 
2022/12/20 	84.4000015258789	85.0	80.0999984741211	80.0999984741211	265050	2022/12/20 
2022/12/21 	80.4000015258789	83.19999694824219	80.4000015258789	82.9000015258789	133000	2022/12/21 
2022/12/22 	83.69999694824219	88.4000015258789	83.30000305175781	88.0	714060	2022/12/22 
2022/12/23 	86.5999984741211	89.0	85.80000305175781	87.19999694824219	295056	2022/12/23 
2022/12/26 	87.19999694824219	87.4000015258789	84.5	85.0	198022	2022/12/26 
2022/12/27 	85.9000015258789	88.0	85.30000305175781	85.9000015258789	170075	2022/12/27 
2022/12/28 	85.9000015258789	85.9000015258789	83.80000305175781	84.4000015258789	151238	2022/12/28 
2022/12/29 	84.0	85.9000015258789	81.5	82.4000015258789	214000	2022/12/29 
2022/12/30 	83.9000015258789	83.9000015258789	82.30000305175781	82.5	97014	2022/12/30 
2023/01/03 	84.0	90.69999694824219	82.19999694824219	90.69999694824219	593921	2023/01/03 
2023/01/04 	91.5	99.69999694824219	91.0	99.69999694824219	1433463	2023/01/04 
2023/01/05 	99.9000015258789	107.0	98.0	106.0	1291330	2023/01/05 
2023/01/06 	103.5	103.5	97.69999694824219	100.0	847050	2023/01/06 
2023/01/09 	100.5	102.5	98.4000015258789	101.0	498023	2023/01/09 
2023/01/10 	101.5	101.5	98.5	98.80000305175781	381068	2023/01/10 
2023/01/11 	99.0999984741211	108.5	96.5	108.5	1086043	2023/01/11 
2023/01/12 	112.0	117.0	109.0	112.5	1415058	2023/01/12 
2023/01/13 	113.5	123.5	113.5	121.0	1830461	2023/01/13 
2023/01/16 	119.0	119.0	113.5	116.0	1146300	2023/01/16 
2023/01/17 	116.0	127.0	113.0	127.0	1313062	2023/01/17 
2023/01/30 	129.0	134.5	123.5	134.5	1385364	2023/01/30 
2023/01/31 	130.5	134.0	128.0	129.0	850600	2023/01/31 
2023/02/01 	131.0	132.0	123.0	124.0	947952	2023/02/01 
2023/02/02 	122.0	132.5	121.5	132.5	1285860	2023/02/02 
2023/02/03 	131.0	132.5	127.0	127.0	791423	2023/02/03 
2023/02/06 	125.0	129.0	123.5	124.5	467105	2023/02/06 
2023/02/07 	125.0	127.0	123.5	125.0	288116	2023/02/07 
2023/02/08 	126.5	128.0	124.5	125.0	437008	2023/02/08 
2023/02/09 	124.5	137.5	124.5	137.0	1760839	2023/02/09 
2023/02/10 	131.5	135.5	128.5	130.5	1069076	2023/02/10 
2023/02/13 	129.5	133.0	129.0	129.5	520012	2023/02/13 
2023/02/14 	130.5	132.0	126.5	127.0	517110	2023/02/14 
2023/02/15 	127.0	128.5	125.0	126.0	265425	2023/02/15 
