Date	Open	High	Low	Close	Volume	Date
2018/08/08 	85.0291519165039	86.00582885742188	77.7453842163086	85.0291519165039	243257	2018/08/08 
2018/08/09 	80.66083526611328	85.03401184082031	80.66083526611328	80.66083526611328	60280	2018/08/09 
2018/08/10 	81.2001953125	82.11370086669922	79.98542022705078	81.2001953125	35809	2018/08/10 
2018/08/13 	77.7453842163086	81.15160369873047	77.7453842163086	77.7453842163086	27688	2018/08/13 
2018/08/14 	78.4693832397461	78.71234130859375	78.23129272460938	78.4693832397461	4527	2018/08/14 
2018/08/15 	73.1243896484375	77.21574401855469	70.46161651611328	73.1243896484375	56813	2018/08/15 
2018/08/16 	73.1243896484375	73.17298126220703	72.88629913330078	73.1243896484375	6688	2018/08/16 
2018/08/17 	72.20602416992188	73.17298126220703	72.15743255615234	72.20602416992188	17248	2018/08/17 
2018/08/20 	68.02720642089844	69.24684143066406	67.78425598144531	68.02720642089844	20580	2018/08/20 
2018/08/21 	66.08357238769531	67.68707275390625	65.59766387939453	66.08357238769531	58241	2018/08/21 
2018/08/22 	66.48687744140625	66.48687744140625	65.84062194824219	66.48687744140625	22638	2018/08/22 
2018/08/23 	66.11273193359375	66.3702621459961	66.11273193359375	66.11273193359375	8232	2018/08/23 
2018/08/24 	68.02720642089844	68.02720642089844	68.02720642089844	68.02720642089844	2055	2018/08/24 
2018/08/27 	70.45675659179688	70.45675659179688	69.01360321044922	70.45675659179688	16669	2018/08/27 
2018/08/28 	70.69970703125	70.69970703125	70.21865844726562	70.69970703125	29841	2018/08/28 
2018/08/29 	70.88921356201172	70.88921356201172	70.45675659179688	70.88921356201172	14408	2018/08/29 
2018/08/30 	70.60252380371094	70.82604217529297	70.45675659179688	70.60252380371094	14406	2018/08/30 
2018/08/31 	72.11856079101562	72.11856079101562	70.69970703125	72.11856079101562	18727	2018/08/31 
2018/09/03 	73.36734771728516	73.36734771728516	73.36734771728516	73.36734771728516	102	2018/09/03 
2018/09/04 	72.400390625	72.400390625	70.95237731933594	72.400390625	6174	2018/09/04 
2018/09/05 	71.42371368408203	71.42371368408203	70.94751739501953	71.42371368408203	6276	2018/09/05 
2018/09/06 	72.88143920898438	72.88143920898438	71.42857360839844	72.88143920898438	39102	2018/09/06 
2018/09/07 	72.88629913330078	73.36248779296875	72.400390625	72.88629913330078	24730	2018/09/07 
2018/09/10 	71.42857360839844	73.1243896484375	70.41302490234375	71.42857360839844	16669	2018/09/10 
2018/09/11 	72.3955307006836	72.3955307006836	72.3955307006836	72.3955307006836	411	2018/09/11 
2018/09/12 	71.5743408203125	72.3955307006836	69.97570037841797	71.5743408203125	51655	2018/09/12 
2018/09/13 	72.39067077636719	72.39067077636719	72.39067077636719	72.39067077636719	205	2018/09/13 
2018/09/14 	72.15257263183594	72.15257263183594	70.21865844726562	72.15257263183594	59908	2018/09/14 
2018/09/17 	71.43343353271484	72.15743255615234	71.43343353271484	71.43343353271484	4424	2018/09/17 
2018/09/18 	70.46161651611328	72.3955307006836	70.46161651611328	70.46161651611328	18789	2018/09/18 
2018/09/19 	71.67152404785156	71.67152404785156	70.94266510009766	71.67152404785156	26754	2018/09/19 
2018/09/20 	71.13702392578125	71.42371368408203	70.94266510009766	71.13702392578125	20580	2018/09/20 
2018/09/21 	71.42371368408203	71.42371368408203	71.42371368408203	71.42371368408203	205	2018/09/21 
2018/09/25 	70.21865844726562	70.21865844726562	70.21865844726562	70.21865844726562	2366	2018/09/25 
2018/09/26 	71.90962219238281	71.90962219238281	70.21865844726562	71.90962219238281	4321	2018/09/26 
2018/09/27 	70.45675659179688	70.69970703125	70.45675659179688	70.45675659179688	10333	2018/09/27 
2018/09/28 	70.6948471069336	70.6948471069336	70.6948471069336	70.6948471069336	205	2018/09/28 
2018/10/01 	70.45675659179688	70.69970703125	70.45675659179688	70.45675659179688	10290	2018/10/01 
2018/10/02 	69.9708480834961	70.40816497802734	69.73274993896484	69.9708480834961	9055	2018/10/02 
2018/10/03 	70.06802368164062	70.06802368164062	69.78134155273438	70.06802368164062	6174	2018/10/03 
2018/10/04 	70.45675659179688	70.64625549316406	69.78134155273438	70.45675659179688	18727	2018/10/04 
2018/10/05 	69.48493957519531	70.45675659179688	69.48493957519531	69.48493957519531	4321	2018/10/05 
2018/10/08 	70.69970703125	70.69970703125	68.80952453613281	70.69970703125	41160	2018/10/08 
2018/10/09 	70.69970703125	70.69970703125	70.69970703125	70.69970703125	0	2018/10/09 
2018/10/11 	68.51312255859375	68.99903106689453	67.86199951171875	68.51312255859375	28812	2018/10/11 
2018/10/12 	68.51312255859375	68.51312255859375	68.51312255859375	68.51312255859375	0	2018/10/12 
2018/10/15 	68.51312255859375	68.51312255859375	68.51312255859375	68.51312255859375	0	2018/10/15 
2018/10/16 	68.51312255859375	68.51312255859375	68.51312255859375	68.51312255859375	0	2018/10/16 
2018/10/17 	68.51312255859375	68.51312255859375	68.51312255859375	68.51312255859375	0	2018/10/17 
2018/10/18 	68.54713439941406	68.54713439941406	68.54713439941406	68.54713439941406	41	2018/10/18 
2018/10/19 	68.54713439941406	68.54713439941406	68.54713439941406	68.54713439941406	2058	2018/10/19 
2018/10/22 	68.54713439941406	68.54713439941406	68.54713439941406	68.54713439941406	0	2018/10/22 
2018/10/23 	68.54713439941406	68.54713439941406	68.54713439941406	68.54713439941406	0	2018/10/23 
2018/10/24 	68.54713439941406	68.54713439941406	68.54713439941406	68.54713439941406	0	2018/10/24 
2018/10/25 	68.73178100585938	68.73178100585938	68.51797485351562	68.73178100585938	8232	2018/10/25 
2018/10/26 	68.73178100585938	68.73178100585938	68.51797485351562	68.73178100585938	8232	2018/10/26 
2018/10/29 	68.73178100585938	68.73178100585938	68.73178100585938	68.73178100585938	0	2018/10/29 
2018/10/30 	68.73178100585938	68.73178100585938	68.73178100585938	68.73178100585938	0	2018/10/30 
2018/10/31 	68.99903106689453	68.99903106689453	68.75607299804688	68.99903106689453	4116	2018/10/31 
2018/11/01 	68.99903106689453	68.99903106689453	68.75607299804688	68.99903106689453	14406	2018/11/01 
2018/11/02 	67.54130554199219	67.54615783691406	66.80271911621094	67.54130554199219	12348	2018/11/02 
2018/11/05 	68.02235412597656	68.02235412597656	68.01749420166016	68.02235412597656	8232	2018/11/05 
2018/11/06 	68.26530456542969	68.26530456542969	68.26530456542969	68.26530456542969	4116	2018/11/06 
2018/11/07 	68.26530456542969	68.26530456542969	68.26530456542969	68.26530456542969	0	2018/11/07 
2018/11/08 	68.26530456542969	68.26530456542969	68.26530456542969	68.26530456542969	0	2018/11/08 
2018/11/09 	68.51312255859375	68.51312255859375	68.26530456542969	68.51312255859375	4116	2018/11/09 
2018/11/12 	68.51312255859375	69.24198150634766	68.51312255859375	68.51312255859375	26754	2018/11/12 
2018/11/13 	67.54615783691406	68.75607299804688	67.54615783691406	67.54615783691406	16464	2018/11/13 
2018/11/14 	68.02720642089844	68.02720642089844	68.02720642089844	68.02720642089844	4116	2018/11/14 
2018/11/15 	68.02720642089844	68.02720642089844	67.75996398925781	68.02720642089844	8232	2018/11/15 
2018/11/16 	67.78425598144531	67.78425598144531	67.5753173828125	67.78425598144531	8232	2018/11/16 
2018/11/19 	67.78425598144531	67.78425598144531	67.78425598144531	67.78425598144531	0	2018/11/19 
2018/11/20 	68.50826263427734	68.50826263427734	68.50826263427734	68.50826263427734	4116	2018/11/20 
2018/11/21 	68.2701644897461	68.3041763305664	68.02720642089844	68.2701644897461	12348	2018/11/21 
2018/11/22 	68.2701644897461	68.2701644897461	68.2701644897461	68.2701644897461	0	2018/11/22 
2018/11/23 	68.2701644897461	68.2701644897461	68.2701644897461	68.2701644897461	0	2018/11/23 
2018/11/26 	68.2701644897461	68.2701644897461	68.2701644897461	68.2701644897461	0	2018/11/26 
2018/11/27 	68.2701644897461	68.2701644897461	68.2701644897461	68.2701644897461	0	2018/11/27 
2018/11/28 	68.2701644897461	68.2701644897461	68.2701644897461	68.2701644897461	0	2018/11/28 
2018/11/29 	68.2701644897461	68.2701644897461	68.2701644897461	68.2701644897461	0	2018/11/29 
2018/11/30 	68.70262145996094	68.70262145996094	68.70262145996094	68.70262145996094	4116	2018/11/30 
2018/12/03 	68.70262145996094	68.70262145996094	68.70262145996094	68.70262145996094	0	2018/12/03 
2018/12/04 	67.55101776123047	67.55101776123047	67.55101776123047	67.55101776123047	2058	2018/12/04 
2018/12/05 	67.55101776123047	67.55101776123047	67.55101776123047	67.55101776123047	0	2018/12/05 
2018/12/06 	67.55101776123047	67.55101776123047	67.55101776123047	67.55101776123047	2058	2018/12/06 
2018/12/07 	68.50826263427734	68.50826263427734	68.50826263427734	68.50826263427734	4116	2018/12/07 
2018/12/10 	68.50826263427734	68.50826263427734	68.50826263427734	68.50826263427734	0	2018/12/10 
2018/12/11 	68.99417114257812	69.24198150634766	68.66860961914062	68.99417114257812	22638	2018/12/11 
2018/12/12 	69.58697509765625	69.8202133178711	69.58697509765625	69.58697509765625	4136	2018/12/12 
2018/12/13 	69.31486511230469	69.31486511230469	69.31486511230469	69.31486511230469	2058	2018/12/13 
2018/12/14 	69.31486511230469	69.31486511230469	69.31486511230469	69.31486511230469	0	2018/12/14 
2018/12/17 	69.31486511230469	69.31486511230469	69.31486511230469	69.31486511230469	0	2018/12/17 
2018/12/18 	68.02235412597656	68.02235412597656	67.54130554199219	68.02235412597656	26754	2018/12/18 
2018/12/19 	68.02235412597656	68.02235412597656	68.02235412597656	68.02235412597656	0	2018/12/19 
2018/12/20 	68.02235412597656	68.02235412597656	68.02235412597656	68.02235412597656	0	2018/12/20 
2018/12/21 	68.75121307373047	68.75121307373047	68.75121307373047	68.75121307373047	1646	2018/12/21 
2018/12/24 	68.8046646118164	68.8046646118164	68.8046646118164	68.8046646118164	4116	2018/12/24 
2018/12/25 	68.8046646118164	69.02332305908203	68.8046646118164	68.8046646118164	6174	2018/12/25 
2018/12/26 	68.51312255859375	68.51312255859375	68.51312255859375	68.51312255859375	4116	2018/12/26 
2018/12/27 	68.75607299804688	68.9747314453125	68.51312255859375	68.75607299804688	22638	2018/12/27 
2018/12/28 	68.85325622558594	69.07191467285156	68.85325622558594	68.85325622558594	11319	2018/12/28 
2019/01/02 	68.99903106689453	68.99903106689453	68.78522491455078	68.99903106689453	10290	2019/01/02 
2019/01/03 	69.17395782470703	69.17395782470703	68.7755126953125	69.17395782470703	6174	2019/01/03 
2019/01/04 	68.93099975585938	68.93099975585938	68.93099975585938	68.93099975585938	4116	2019/01/04 
2019/01/07 	69.24198150634766	69.48493957519531	69.24198150634766	69.24198150634766	12348	2019/01/07 
2019/01/08 	69.6744384765625	69.6744384765625	69.24198150634766	69.6744384765625	65856	2019/01/08 
2019/01/09 	70.6948471069336	70.6948471069336	69.44120788574219	70.6948471069336	12348	2019/01/09 
2019/01/10 	70.8454818725586	71.31195068359375	70.6948471069336	70.8454818725586	35603	2019/01/10 
2019/01/11 	70.94751739501953	72.88143920898438	70.94751739501953	70.94751739501953	8952	2019/01/11 
2019/01/14 	71.42857360839844	71.96793365478516	71.19047546386719	71.42857360839844	18522	2019/01/14 
2019/01/15 	71.42857360839844	71.42857360839844	70.7045669555664	71.42857360839844	14817	2019/01/15 
2019/01/16 	71.24392700195312	71.24392700195312	70.99610900878906	71.24392700195312	22638	2019/01/16 
2019/01/17 	71.67152404785156	71.67152404785156	71.18561553955078	71.67152404785156	14406	2019/01/17 
2019/01/18 	71.91448211669922	71.91448211669922	71.42857360839844	71.91448211669922	16464	2019/01/18 
2019/01/21 	71.3799819946289	71.3799819946289	70.96209716796875	71.3799819946289	28812	2019/01/21 
2019/01/22 	71.3799819946289	71.3799819946289	71.3799819946289	71.3799819946289	0	2019/01/22 
2019/01/23 	72.400390625	72.400390625	71.43343353271484	72.400390625	6174	2019/01/23 
2019/01/24 	72.400390625	72.400390625	72.400390625	72.400390625	0	2019/01/24 
2019/01/25 	71.67152404785156	71.67152404785156	71.67152404785156	71.67152404785156	4116	2019/01/25 
2019/01/28 	71.42857360839844	72.3955307006836	71.42857360839844	71.42857360839844	20580	2019/01/28 
2019/01/29 	71.18561553955078	71.18561553955078	70.71914672851562	71.18561553955078	22638	2019/01/29 
2019/01/30 	70.99610900878906	70.99610900878906	70.99610900878906	70.99610900878906	205	2019/01/30 
2019/02/11 	72.16229248046875	72.16229248046875	71.18561553955078	72.16229248046875	25725	2019/02/11 
2019/02/12 	73.36734771728516	73.36734771728516	73.36734771728516	73.36734771728516	102	2019/02/12 
2019/02/13 	73.34790802001953	73.36734771728516	73.34790802001953	73.34790802001953	1039	2019/02/13 
2019/02/14 	76.77356719970703	77.74052429199219	72.88629913330078	76.77356719970703	41365	2019/02/14 
2019/02/15 	75.07288360595703	75.07288360595703	74.8299331665039	75.07288360595703	8252	2019/02/15 
2019/02/18 	75.31584167480469	78.50340270996094	74.83479309082031	75.31584167480469	14303	2019/02/18 
2019/02/19 	75.31584167480469	75.31584167480469	74.87852478027344	75.31584167480469	12350	2019/02/19 
2019/02/20 	76.96793365478516	76.96793365478516	75.80661010742188	76.96793365478516	12490	2019/02/20 
2019/02/21 	75.80175018310547	76.28765869140625	75.80175018310547	75.80175018310547	16498	2019/02/21 
2019/02/22 	75.51506042480469	76.28279876708984	75.51506042480469	75.51506042480469	6174	2019/02/22 
2019/02/25 	75.80175018310547	75.80175018310547	75.36929321289062	75.80175018310547	20580	2019/02/25 
2019/02/26 	77.4538345336914	80.96695709228516	76.0544204711914	77.4538345336914	40822	2019/02/26 
2019/02/27 	81.62779235839844	83.29931640625	77.89115905761719	81.62779235839844	41546	2019/02/27 
2019/03/04 	79.68901824951172	80.1700668334961	78.72206115722656	79.68901824951172	52522	2019/03/04 
2019/03/05 	82.599609375	82.599609375	79.68901824951172	82.599609375	4288	2019/03/05 
2019/03/06 	82.599609375	82.599609375	82.599609375	82.599609375	0	2019/03/06 
2019/03/07 	80.39358520507812	82.11856079101562	80.1797866821289	80.39358520507812	57624	2019/03/07 
2019/03/08 	79.93196868896484	80.1749267578125	79.6452865600586	79.93196868896484	8232	2019/03/08 
2019/03/11 	80.1797866821289	80.95237731933594	79.93682861328125	80.1797866821289	37245	2019/03/11 
2019/03/12 	81.63265228271484	81.63265228271484	80.66083526611328	81.63265228271484	30870	2019/03/12 
2019/03/13 	80.66083526611328	82.36151885986328	80.66083526611328	80.66083526611328	20785	2019/03/13 
2019/03/14 	80.1797866821289	81.33625030517578	80.13119506835938	80.1797866821289	35253	2019/03/14 
2019/03/15 	80.1797866821289	80.1797866821289	80.1797866821289	80.1797866821289	0	2019/03/15 
2019/03/18 	79.93682861328125	79.93682861328125	79.93682861328125	79.93682861328125	205	2019/03/18 
2019/03/19 	83.56656646728516	84.05733489990234	80.94751739501953	83.56656646728516	161587	2019/03/19 
2019/03/20 	82.89115905761719	83.37706756591797	81.88532257080078	82.89115905761719	22640	2019/03/20 
2019/03/21 	83.04178619384766	83.37706756591797	82.6044692993164	83.04178619384766	62764	2019/03/21 
2019/03/22 	82.4052505493164	83.37706756591797	82.11856079101562	82.4052505493164	10372	2019/03/22 
2019/03/25 	82.4052505493164	82.89115905761719	81.62779235839844	82.4052505493164	58490	2019/03/25 
2019/03/26 	82.11856079101562	82.71137237548828	81.8756103515625	82.11856079101562	86436	2019/03/26 
2019/03/27 	82.4052505493164	82.4052505493164	81.63265228271484	82.4052505493164	2070	2019/03/27 
2019/03/28 	82.12342071533203	82.6044692993164	82.11856079101562	82.12342071533203	63798	2019/03/28 
2019/03/29 	82.38581085205078	82.599609375	82.11856079101562	82.38581085205078	18563	2019/03/29 
2019/04/01 	82.36151885986328	82.6044692993164	82.12342071533203	82.36151885986328	32952	2019/04/01 
2019/04/02 	82.4052505493164	82.599609375	82.11856079101562	82.4052505493164	62820	2019/04/02 
2019/04/03 	82.4052505493164	82.5947494506836	81.88046264648438	82.4052505493164	25858	2019/04/03 
2019/04/08 	82.11856079101562	82.599609375	81.88046264648438	82.11856079101562	65979	2019/04/08 
2019/04/09 	81.42857360839844	81.91934204101562	80.3255615234375	81.42857360839844	103682	2019/04/09 
2019/04/10 	81.43828582763672	81.43828582763672	81.16618347167969	81.43828582763672	32928	2019/04/10 
2019/04/11 	81.10301208496094	81.65694427490234	80.66569519042969	81.10301208496094	71645	2019/04/11 
2019/04/12 	81.63265228271484	81.67638397216797	81.27793884277344	81.63265228271484	29841	2019/04/12 
2019/04/15 	82.599609375	82.599609375	81.63265228271484	82.599609375	121205	2019/04/15 
2019/04/16 	82.55587768554688	82.5801773071289	81.8756103515625	82.55587768554688	48568	2019/04/16 
2019/04/17 	86.00096893310547	86.00096893310547	82.21088409423828	86.00096893310547	139073	2019/04/17 
2019/04/18 	84.83479309082031	86.45286560058594	84.26142120361328	84.83479309082031	77716	2019/04/18 
2019/04/19 	84.05733489990234	85.01943969726562	83.57628631591797	84.05733489990234	33991	2019/04/19 
2019/04/22 	84.30029296875	84.30029296875	83.06608581542969	84.30029296875	28001	2019/04/22 
2019/04/23 	82.6044692993164	82.6044692993164	82.6044692993164	82.6044692993164	205	2019/04/23 
2019/04/24 	83.33333587646484	83.80952453613281	83.29931640625	83.33333587646484	18645	2019/04/24 
2019/04/25 	83.18756103515625	83.4742431640625	83.18756103515625	83.18756103515625	4116	2019/04/25 
2019/04/26 	82.6044692993164	82.89601135253906	82.6044692993164	82.6044692993164	14406	2019/04/26 
2019/04/29 	84.06219482421875	86.97278594970703	83.18270111083984	84.06219482421875	81496	2019/04/29 
2019/04/30 	91.35082244873047	91.35082244873047	83.57628631591797	91.35082244873047	526858	2019/04/30 
2019/05/02 	96.6958236694336	98.00291442871094	90.86491394042969	96.6958236694336	750503	2019/05/02 
2019/05/03 	98.14868927001953	100.09232330322266	96.65209197998047	98.14868927001953	618929	2019/05/03 
2019/05/06 	98.9552993774414	101.550048828125	96.21476745605469	98.9552993774414	979535	2019/05/06 
2019/05/07 	100.83090209960938	102.04081726074219	98.15354919433594	100.83090209960938	444097	2019/05/07 
2019/05/08 	100.38386535644531	101.30709075927734	98.79008483886719	100.38386535644531	497480	2019/05/08 
2019/05/09 	105.29154205322266	106.74441528320312	100.57823181152344	105.29154205322266	583796	2019/05/09 
2019/05/10 	99.61127471923828	105.34013366699219	96.84645080566406	99.61127471923828	631748	2019/05/10 
2019/05/13 	98.96015167236328	99.89795684814453	96.93877410888672	98.96015167236328	149157	2019/05/13 
2019/05/14 	95.96695709228516	97.18173217773438	93.7803726196289	95.96695709228516	347964	2019/05/14 
2019/05/15 	98.9747314453125	100.57823181152344	95.25267028808594	98.9747314453125	198642	2019/05/15 
2019/05/16 	98.00291442871094	99.1253662109375	96.84645080566406	98.00291442871094	90584	2019/05/16 
2019/05/17 	97.66764068603516	97.90573120117188	96.2196273803711	97.66764068603516	113659	2019/05/17 
2019/05/20 	98.63459777832031	99.46063995361328	97.66764068603516	98.63459777832031	143586	2019/05/20 
2019/05/21 	96.45772552490234	98.63459777832031	95.38872528076172	96.45772552490234	187806	2019/05/21 
2019/05/22 	96.20991516113281	96.20991516113281	95.29154205322266	96.20991516113281	46471	2019/05/22 
2019/05/23 	95.0	95.65597534179688	94.56268310546875	95.0	61781	2019/05/23 
2019/05/24 	96.93391418457031	96.93391418457031	94.41690826416016	96.93391418457031	69696	2019/05/24 
2019/05/27 	99.94654846191406	99.94654846191406	96.84645080566406	99.94654846191406	178391	2019/05/27 
2019/05/28 	98.48882293701172	100.57823181152344	97.08454895019531	98.48882293701172	122829	2019/05/28 
2019/05/29 	98.00291442871094	98.48882293701172	96.84645080566406	98.00291442871094	25755	2019/05/29 
2019/05/30 	98.48882293701172	98.48882293701172	97.66764068603516	98.48882293701172	33370	2019/05/30 
2019/05/31 	97.66764068603516	98.58600616455078	96.84645080566406	97.66764068603516	77944	2019/05/31 
2019/06/03 	96.5451889038086	97.85713958740234	95.23809814453125	96.5451889038086	50406	2019/06/03 
2019/06/04 	96.93391418457031	96.93391418457031	96.36054229736328	96.93391418457031	44146	2019/06/04 
2019/06/05 	96.6958236694336	97.18173217773438	96.06900024414062	96.6958236694336	33059	2019/06/05 
2019/06/06 	95.23323822021484	96.88532257080078	94.27113342285156	95.23323822021484	209878	2019/06/06 
2019/06/10 	93.28960418701172	95.30126190185547	91.35568237304688	93.28960418701172	219391	2019/06/10 
2019/06/11 	88.57628631591797	91.12245178222656	86.78813934326172	88.57628631591797	241561	2019/06/11 
2019/06/12 	86.97764587402344	88.18756103515625	85.5247802734375	86.97764587402344	103719	2019/06/12 
2019/06/13 	89.40718841552734	89.88824462890625	86.49659729003906	89.40718841552734	49900	2019/06/13 
2019/06/14 	88.43537139892578	89.45092010498047	87.66278076171875	88.43537139892578	30221	2019/06/14 
2019/06/17 	88.91641998291016	88.91641998291016	87.46355438232422	88.91641998291016	48507	2019/06/17 
2019/06/18 	88.92127990722656	89.35859680175781	88.68318939208984	88.92127990722656	27916	2019/06/18 
2019/06/19 	91.7298355102539	92.31292724609375	87.9543228149414	91.7298355102539	26768	2019/06/19 
2019/06/20 	92.47327423095703	92.47327423095703	89.41204833984375	92.47327423095703	73392	2019/06/20 
2019/06/21 	94.02332305908203	94.6209945678711	90.8697738647461	94.02332305908203	28511	2019/06/21 
2019/06/24 	93.72692108154297	94.6209945678711	92.71623229980469	93.72692108154297	67014	2019/06/24 
2019/06/25 	93.82410430908203	93.82410430908203	92.08454895019531	93.82410430908203	41160	2019/06/25 
2019/06/26 	92.32749938964844	93.83867645263672	92.32749938964844	93.53741455078125	28048	2019/06/26 
2019/06/27 	93.29931640625	94.60155487060547	93.29931640625	94.5043716430664	38157	2019/06/27 
2019/06/28 	93.9795913696289	98.9747314453125	93.9795913696289	98.87754821777344	140376	2019/06/28 
2019/07/01 	98.15354919433594	100.23809814453125	97.20116424560547	99.70359802246094	171505	2019/07/01 
2019/07/02 	98.15840911865234	99.94654846191406	98.15354919433594	99.94654846191406	67539	2019/07/02 
2019/07/03 	99.1302261352539	101.30709075927734	99.1302261352539	101.16132354736328	329294	2019/07/03 
2019/07/04 	100.10204315185547	107.0699691772461	100.10204315185547	104.71331024169922	511734	2019/07/04 
2019/07/05 	104.11564636230469	104.78134155273438	100.51506042480469	103.01263427734375	214025	2019/07/05 
2019/07/08 	103.8289566040039	104.61127471923828	101.31681060791016	102.52186584472656	356089	2019/07/08 
2019/07/09 	102.53158569335938	103.51797485351562	101.55976867675781	102.28376770019531	351545	2019/07/09 
2019/07/10 	101.36054229736328	105.7755126953125	100.0	102.72789001464844	763513	2019/07/10 
2019/07/11 	102.35374450683594	104.0748291015625	101.02720642089844	103.74149322509766	307793	2019/07/11 
2019/07/12 	102.73469543457031	112.65306091308594	102.73469543457031	110.54421997070312	348257	2019/07/12 
2019/07/15 	110.56462860107422	113.7755126953125	110.2040786743164	113.33333587646484	433813	2019/07/15 
2019/07/16 	113.59864044189453	113.59864044189453	109.8707504272461	112.91836547851562	148631	2019/07/16 
2019/07/17 	111.16326141357422	112.57823181152344	111.16326141357422	111.67346954345703	58059	2019/07/17 
2019/07/18 	111.38775634765625	113.19047546386719	111.38095092773438	112.2448959350586	81280	2019/07/18 
2019/07/19 	112.23129272460938	112.2448959350586	110.52381134033203	111.42176818847656	129905	2019/07/19 
2019/07/22 	110.88435363769531	111.55782318115234	108.50340270996094	109.51700592041016	75949	2019/07/22 
2019/07/23 	109.23809814453125	109.23809814453125	106.46258544921875	107.88435363769531	117203	2019/07/23 
2019/07/24 	107.88435363769531	108.149658203125	106.93196868896484	107.8299331665039	39106	2019/07/24 
2019/07/25 	108.15646362304688	108.63265228271484	107.149658203125	107.97278594970703	42593	2019/07/25 
2019/07/26 	108.15646362304688	108.15646362304688	106.1292495727539	107.47618865966797	36589	2019/07/26 
2019/07/29 	106.45578002929688	109.18367004394531	106.26530456542969	108.93877410888672	48476	2019/07/29 
2019/07/30 	108.1700668334961	108.84353637695312	107.48979187011719	108.16326141357422	56336	2019/07/30 
2019/07/31 	108.16326141357422	108.16326141357422	107.00680541992188	107.48299407958984	28860	2019/07/31 
2019/08/01 	106.4693832397461	107.06802368164062	106.46258544921875	107.06802368164062	43292	2019/08/01 
2019/08/02 	106.06122589111328	106.53060913085938	105.44217681884766	105.78231048583984	88758	2019/08/02 
2019/08/05 	105.78231048583984	106.12245178222656	101.59864044189453	104.0748291015625	53003	2019/08/05 
2019/08/06 	104.0748291015625	104.0748291015625	99.66666412353516	102.10884094238281	49152	2019/08/06 
2019/08/07 	103.0544204711914	104.0748291015625	102.72108459472656	103.40135955810547	19118	2019/08/07 
2019/08/08 	103.40135955810547	103.80271911621094	103.0544204711914	103.73469543457031	13703	2019/08/08 
2019/08/12 	102.72789001464844	103.0544204711914	98.38095092773438	99.0544204711914	220968	2019/08/12 
2019/08/13 	98.70748138427734	98.70748138427734	95.84353637695312	96.7959213256836	225518	2019/08/13 
2019/08/14 	97.26530456542969	100.29931640625	96.60543823242188	97.81632232666016	142603	2019/08/14 
2019/08/15 	96.60543823242188	98.23809814453125	96.60543823242188	98.23809814453125	64860	2019/08/15 
2019/08/16 	97.62584686279297	101.35374450683594	97.62584686279297	101.35374450683594	123363	2019/08/16 
2019/08/19 	101.35374450683594	104.53741455078125	101.35374450683594	103.33333587646484	132967	2019/08/19 
2019/08/20 	103.67346954345703	103.67346954345703	101.29251861572266	101.76870727539062	77491	2019/08/20 
2019/08/21 	102.04081726074219	102.23809814453125	98.98639678955078	99.32653045654297	92693	2019/08/21 
2019/08/22 	98.32653045654297	100.10204315185547	98.32653045654297	100.10204315185547	75206	2019/08/22 
2019/08/23 	100.26530456542969	100.26530456542969	96.96598815917969	97.96598815917969	118792	2019/08/23 
2019/08/26 	96.29931640625	97.28571319580078	96.29251861572266	97.28571319580078	64988	2019/08/26 
2019/08/27 	97.25170135498047	100.64625549316406	96.67346954345703	97.27210998535156	57848	2019/08/27 
2019/08/28 	97.93196868896484	99.65986633300781	97.48979187011719	98.08843231201172	57757	2019/08/28 
2019/08/29 	98.49659729003906	99.65306091308594	98.29931640625	98.63945770263672	36281	2019/08/29 
2019/08/30 	99.58503723144531	100.3197250366211	98.98639678955078	100.1292495727539	39459	2019/08/30 
2019/09/02 	100.44898223876953	106.11564636230469	100.1292495727539	106.11564636230469	179876	2019/09/02 
2019/09/03 	105.44217681884766	106.0544204711914	103.74829864501953	103.74829864501953	108483	2019/09/03 
2019/09/04 	103.76190185546875	104.08163452148438	103.0	103.46258544921875	61579	2019/09/04 
2019/09/05 	103.06802368164062	104.08163452148438	101.70068359375	103.0544204711914	49952	2019/09/05 
2019/09/06 	105.25170135498047	105.25170135498047	100.70748138427734	101.46258544921875	69764	2019/09/06 
2019/09/10 	99.9251708984375	100.12245178222656	98.98639678955078	99.98639678955078	37651	2019/09/10 
2019/09/11 	99.98639678955078	102.02720642089844	98.98639678955078	102.02720642089844	31769	2019/09/11 
2019/09/12 	101.36054229736328	101.36054229736328	95.23809814453125	99.34693908691406	122564	2019/09/12 
2019/09/16 	97.63945770263672	99.3197250366211	96.9455795288086	98.57142639160156	68534	2019/09/16 
2019/09/17 	98.49659729003906	98.70068359375	97.96598815917969	98.63945770263672	14351	2019/09/17 
2019/09/18 	99.25170135498047	100.33333587646484	98.36734771728516	99.3945541381836	40175	2019/09/18 
2019/09/19 	100.34013366699219	100.34013366699219	98.57142639160156	99.2448959350586	17834	2019/09/19 
2019/09/20 	99.2448959350586	99.3197250366211	98.1700668334961	98.98639678955078	31165	2019/09/20 
2019/09/23 	98.99319458007812	99.98639678955078	98.30612182617188	99.98639678955078	34621	2019/09/23 
2019/09/24 	99.98639678955078	100.33333587646484	99.32653045654297	100.33333587646484	47191	2019/09/24 
2019/09/25 	100.34013366699219	103.0544204711914	100.0	102.72108459472656	94044	2019/09/25 
2019/09/26 	103.66666412353516	103.80271911621094	102.04081726074219	102.91836547851562	56170	2019/09/26 
2019/09/27 	102.04081726074219	102.04081726074219	100.00680541992188	100.6802749633789	30730	2019/09/27 
2019/10/01 	100.0748291015625	101.35374450683594	99.44898223876953	100.40135955810547	49049	2019/10/01 
2019/10/02 	99.3197250366211	100.48299407958984	99.3197250366211	100.1292495727539	34855	2019/10/02 
2019/10/03 	100.34013366699219	100.34693908691406	100.0	100.0	13818	2019/10/03 
2019/10/04 	100.40135955810547	102.02720642089844	100.40135955810547	101.36054229736328	12496	2019/10/04 
2019/10/07 	101.36054229736328	102.02720642089844	100.00680541992188	101.35374450683594	21866	2019/10/07 
2019/10/08 	101.21768951416016	101.36054229736328	100.0748291015625	101.35374450683594	18595	2019/10/08 
2019/10/09 	101.06122589111328	101.06122589111328	99.32653045654297	101.01360321044922	17620	2019/10/09 
2019/10/14 	99.32653045654297	100.40135955810547	98.98639678955078	99.3197250366211	23049	2019/10/14 
2019/10/15 	99.65986633300781	99.65986633300781	97.96598815917969	98.9795913696289	51061	2019/10/15 
2019/10/16 	98.9795913696289	99.06122589111328	98.30612182617188	98.63945770263672	30797	2019/10/16 
2019/10/17 	97.96598815917969	99.59183502197266	97.00680541992188	99.3197250366211	90559	2019/10/17 
2019/10/18 	98.1700668334961	98.70068359375	97.99319458007812	98.63265228271484	29842	2019/10/18 
2019/10/21 	97.99319458007812	98.29931640625	95.44898223876953	98.28571319580078	87695	2019/10/21 
2019/10/22 	98.29251861572266	98.29251861572266	97.62584686279297	98.10884094238281	41240	2019/10/22 
2019/10/23 	98.28571319580078	98.28571319580078	95.9251708984375	96.59183502197266	61885	2019/10/23 
2019/10/24 	97.27210998535156	98.59183502197266	95.95237731933594	96.59864044189453	55030	2019/10/24 
2019/10/25 	97.95237731933594	97.95237731933594	95.25170135498047	97.95237731933594	30140	2019/10/25 
2019/10/28 	97.48299407958984	97.74829864501953	95.850341796875	96.60543823242188	39041	2019/10/28 
2019/10/29 	96.26530456542969	97.27210998535156	95.57823181152344	97.27210998535156	46710	2019/10/29 
2019/10/30 	96.28571319580078	96.93196868896484	95.91836547851562	95.97278594970703	35868	2019/10/30 
2019/10/31 	95.9251708984375	96.38775634765625	95.57823181152344	95.91836547851562	27074	2019/10/31 
2019/11/01 	96.25850677490234	98.9455795288086	95.83673095703125	96.3197250366211	22345	2019/11/01 
2019/11/04 	97.27210998535156	100.23809814453125	97.27210998535156	99.66666412353516	73811	2019/11/04 
2019/11/05 	99.3197250366211	101.0204086303711	98.44217681884766	100.3197250366211	81365	2019/11/05 
2019/11/06 	99.58503723144531	99.63945770263672	99.25850677490234	99.63945770263672	7423	2019/11/06 
2019/11/07 	99.58503723144531	99.63945770263672	99.25850677490234	99.63945770263672	7423	2019/11/07 
2019/11/08 	99.19047546386719	99.19047546386719	97.51700592041016	97.95237731933594	38384	2019/11/08 
2019/11/11 	97.53741455078125	97.85713958740234	96.59864044189453	97.2789077758789	40866	2019/11/11 
2019/11/12 	97.54421997070312	97.8707504272461	96.59864044189453	97.10884094238281	26324	2019/11/12 
2019/11/13 	96.59864044189453	97.27210998535156	95.04081726074219	96.9455795288086	48230	2019/11/13 
2019/11/14 	97.62584686279297	98.29251861572266	97.28571319580078	98.29251861572266	26754	2019/11/14 
2019/11/15 	97.62584686279297	98.29251861572266	97.28571319580078	97.95237731933594	28371	2019/11/15 
2019/11/18 	98.9795913696289	100.67346954345703	98.63945770263672	100.67346954345703	4736	2019/11/18 
2019/11/19 	98.9795913696289	100.67346954345703	98.63945770263672	100.67346954345703	4736	2019/11/19 
2019/11/20 	97.28571319580078	98.63945770263672	97.28571319580078	98.63945770263672	3383	2019/11/20 
2019/11/21 	97.28571319580078	98.63945770263672	97.28571319580078	98.63945770263672	3383	2019/11/21 
2019/11/22 	97.69387817382812	98.63265228271484	97.55782318115234	97.55782318115234	9262	2019/11/22 
2019/11/25 	97.62584686279297	98.56462860107422	96.9455795288086	97.2789077758789	24622	2019/11/25 
2019/11/26 	96.9455795288086	97.2789077758789	96.25850677490234	97.2789077758789	48216	2019/11/26 
2019/11/27 	96.59864044189453	96.59864044189453	95.57823181152344	96.29931640625	45450	2019/11/27 
2019/11/28 	96.60543823242188	97.0748291015625	96.25850677490234	97.0748291015625	15126	2019/11/28 
2019/11/29 	96.61224365234375	96.61224365234375	95.91836547851562	96.25850677490234	31994	2019/11/29 
2019/12/02 	95.91836547851562	95.95918273925781	94.9047622680664	95.51700592041016	51101	2019/12/02 
2019/12/03 	95.93196868896484	95.9795913696289	95.25850677490234	95.57823181152344	83525	2019/12/03 
2019/12/04 	95.91156768798828	95.91156768798828	95.91156768798828	95.91156768798828	38	2019/12/04 
2019/12/05 	95.91156768798828	95.91156768798828	95.91156768798828	95.91156768798828	38	2019/12/05 
2019/12/06 	96.18367004394531	96.59183502197266	95.31292724609375	95.57823181152344	13832	2019/12/06 
2019/12/09 	96.58503723144531	96.58503723144531	95.91836547851562	95.91836547851562	5292	2019/12/09 
2019/12/10 	96.58503723144531	96.58503723144531	95.91836547851562	95.91836547851562	5292	2019/12/10 
2019/12/11 	96.23129272460938	97.58503723144531	95.34013366699219	97.47618865966797	61194	2019/12/11 
2019/12/12 	97.47618865966797	103.73469543457031	97.47618865966797	103.73469543457031	256148	2019/12/12 
2019/12/13 	104.53741455078125	105.42857360839844	100.6802749633789	102.03401184082031	129751	2019/12/13 
2019/12/16 	102.03401184082031	102.04081726074219	99.32653045654297	101.65986633300781	56305	2019/12/16 
2019/12/17 	101.65986633300781	101.9795913696289	99.45578002929688	100.67346954345703	61437	2019/12/17 
2019/12/18 	100.850341796875	101.28571319580078	97.62584686279297	100.34693908691406	70645	2019/12/18 
2019/12/19 	101.36054229736328	102.98639678955078	99.66666412353516	101.69387817382812	33638	2019/12/19 
2019/12/20 	101.36054229736328	102.3741455078125	101.08843231201172	102.30612182617188	21982	2019/12/20 
2019/12/23 	102.04081726074219	103.3945541381836	102.04081726074219	103.0544204711914	31519	2019/12/23 
2019/12/24 	103.0544204711914	106.80271911621094	103.0544204711914	103.81632232666016	100749	2019/12/24 
2019/12/25 	104.34693908691406	104.7551040649414	103.06802368164062	104.08163452148438	84113	2019/12/25 
2019/12/26 	104.76190185546875	104.76190185546875	103.40135955810547	103.93877410888672	30649	2019/12/26 
2019/12/27 	102.38775634765625	104.89115905761719	102.04762268066406	104.88435363769531	35238	2019/12/27 
2019/12/30 	102.04762268066406	103.50340270996094	102.04081726074219	102.72108459472656	29032	2019/12/30 
2019/12/31 	102.06122589111328	104.06802368164062	101.36054229736328	104.06802368164062	32491	2019/12/31 
2020/01/02 	104.06802368164062	104.06802368164062	101.91156768798828	102.72108459472656	94594	2020/01/02 
2020/01/03 	102.72108459472656	104.0748291015625	102.04081726074219	103.3945541381836	7056	2020/01/03 
2020/01/06 	103.3945541381836	103.3945541381836	101.70748138427734	102.04081726074219	30993	2020/01/06 
2020/01/07 	102.04081726074219	103.87754821777344	100.6802749633789	102.04081726074219	58419	2020/01/07 
2020/01/08 	101.36054229736328	101.36054229736328	100.6802749633789	101.02720642089844	25431	2020/01/08 
2020/01/09 	100.7551040649414	102.03401184082031	100.7551040649414	100.81632232666016	5954	2020/01/09 
2020/01/10 	100.81632232666016	101.68707275390625	100.81632232666016	101.68707275390625	3749	2020/01/10 
2020/01/13 	101.70068359375	102.3741455078125	101.36054229736328	101.36054229736328	50935	2020/01/13 
2020/01/14 	101.70068359375	102.3741455078125	101.21768951416016	102.04081726074219	14214	2020/01/14 
2020/01/15 	102.36734771728516	102.71428680419922	101.71428680419922	101.71428680419922	24549	2020/01/15 
2020/01/16 	101.43537139892578	102.72108459472656	101.43537139892578	102.3197250366211	13377	2020/01/16 
2020/01/17 	101.43537139892578	103.0544204711914	101.43537139892578	103.0544204711914	13524	2020/01/17 
2020/01/20 	102.04081726074219	102.38095092773438	101.70748138427734	102.38095092773438	22316	2020/01/20 
2020/01/30 	102.04081726074219	102.38095092773438	98.3197250366211	98.9795913696289	69031	2020/01/30 
2020/01/31 	98.64625549316406	101.01360321044922	98.64625549316406	100.6802749633789	6469	2020/01/31 
2020/02/03 	100.00680541992188	100.00680541992188	98.3197250366211	98.64625549316406	23564	2020/02/03 
2020/02/04 	98.97278594970703	100.66666412353516	98.97278594970703	100.0	52332	2020/02/04 
2020/02/05 	100.32653045654297	101.36054229736328	100.0	100.66666412353516	81442	2020/02/05 
2020/02/06 	100.61224365234375	105.44217681884766	100.55101776123047	104.76190185546875	149352	2020/02/06 
2020/02/07 	104.08163452148438	104.48299407958984	101.7755126953125	102.72108459472656	39719	2020/02/07 
2020/02/10 	103.23129272460938	103.48979187011719	101.36734771728516	103.48979187011719	6174	2020/02/10 
2020/02/11 	103.53060913085938	103.85713958740234	101.70748138427734	102.51020050048828	19880	2020/02/11 
2020/02/12 	104.2244873046875	105.78231048583984	104.0952377319336	104.149658203125	47348	2020/02/12 
2020/02/13 	104.2244873046875	105.78231048583984	104.0952377319336	104.149658203125	47348	2020/02/13 
2020/02/14 	104.7551040649414	104.7551040649414	104.08163452148438	104.7551040649414	8320	2020/02/14 
2020/02/17 	103.06122589111328	104.08163452148438	102.04762268066406	103.0204086303711	29401	2020/02/17 
2020/02/18 	102.72789001464844	102.72789001464844	102.04762268066406	102.44898223876953	26739	2020/02/18 
2020/02/19 	102.38775634765625	103.3945541381836	102.38775634765625	102.72108459472656	2322	2020/02/19 
2020/02/20 	103.3945541381836	104.06802368164062	103.06122589111328	104.00680541992188	7336	2020/02/20 
2020/02/21 	103.65986633300781	103.66666412353516	102.42176818847656	103.66666412353516	9335	2020/02/21 
2020/02/24 	103.65986633300781	103.65986633300781	102.04762268066406	102.68707275390625	7056	2020/02/24 
2020/02/25 	102.04762268066406	102.72108459472656	102.04762268066406	102.38775634765625	19478	2020/02/25 
2020/02/26 	102.3197250366211	102.65306091308594	101.9795913696289	102.38095092773438	10290	2020/02/26 
2020/02/27 	102.71428680419922	102.71428680419922	101.70748138427734	102.04081726074219	36015	2020/02/27 
2020/03/02 	101.70748138427734	101.70748138427734	101.10204315185547	101.10204315185547	20491	2020/03/02 
2020/03/03 	102.71428680419922	102.71428680419922	100.0	100.34013366699219	108928	2020/03/03 
2020/03/04 	100.34013366699219	101.01360321044922	99.31292724609375	99.66666412353516	42894	2020/03/04 
2020/03/05 	99.66666412353516	101.0204086303711	99.66666412353516	99.73469543457031	4411	2020/03/05 
2020/03/06 	101.0204086303711	101.0204086303711	99.00680541992188	99.78911590576172	30527	2020/03/06 
2020/03/09 	99.32653045654297	99.65986633300781	99.32653045654297	99.65986633300781	16684	2020/03/09 
2020/03/10 	98.67346954345703	99.2448959350586	98.3741455078125	98.7755126953125	12362	2020/03/10 
2020/03/11 	98.44217681884766	100.23809814453125	98.44217681884766	99.91836547851562	16244	2020/03/11 
2020/03/12 	98.71428680419922	98.71428680419922	96.93877410888672	96.93877410888672	42809	2020/03/12 
2020/03/13 	95.0	95.91836547851562	90.82312774658203	94.149658203125	95860	2020/03/13 
2020/03/16 	91.91156768798828	91.91156768798828	87.82312774658203	87.82312774658203	96698	2020/03/16 
2020/03/17 	85.95918273925781	87.06802368164062	84.35374450683594	85.30612182617188	75781	2020/03/17 
2020/03/18 	85.03401184082031	85.70748138427734	84.01360321044922	84.35374450683594	14150	2020/03/18 
2020/03/19 	83.40135955810547	83.67346954345703	75.69387817382812	77.55101776123047	89806	2020/03/19 
2020/03/20 	79.58503723144531	85.02720642089844	79.58503723144531	84.35374450683594	36015	2020/03/20 
2020/03/23 	84.01360321044922	84.01360321044922	83.33333587646484	83.33333587646484	18669	2020/03/23 
2020/03/24 	84.69387817382812	85.03401184082031	84.69387817382812	85.03401184082031	8820	2020/03/24 
2020/03/25 	85.71428680419922	87.41496276855469	85.71428680419922	87.0748291015625	6836	2020/03/25 
2020/03/26 	87.0748291015625	87.0748291015625	85.3741455078125	86.0544204711914	13377	2020/03/26 
2020/03/27 	85.71428680419922	86.0544204711914	85.3741455078125	85.71428680419922	14857	2020/03/27 
2020/03/30 	85.71428680419922	85.71428680419922	85.71428680419922	85.71428680419922	0	2020/03/30 
2020/03/31 	85.71428680419922	85.71428680419922	85.71428680419922	85.71428680419922	0	2020/03/31 
2020/04/01 	85.71428680419922	85.71428680419922	85.71428680419922	85.71428680419922	0	2020/04/01 
2020/04/06 	87.41496276855469	88.0952377319336	87.0748291015625	88.0952377319336	16905	2020/04/06 
2020/04/07 	88.43537139892578	89.11564636230469	88.43537139892578	89.11564636230469	4998	2020/04/07 
2020/04/08 	90.81632232666016	91.83673095703125	90.47618865966797	91.83673095703125	15435	2020/04/08 
2020/04/09 	91.15646362304688	91.49659729003906	89.45578002929688	91.15646362304688	13671	2020/04/09 
2020/04/10 	90.81632232666016	92.51700592041016	89.7959213256836	90.81632232666016	2366	2020/04/10 
2020/04/13 	90.81632232666016	90.81632232666016	90.81632232666016	90.81632232666016	0	2020/04/13 
2020/04/14 	92.51700592041016	94.21768951416016	92.17687225341797	93.87754821777344	15640	2020/04/14 
2020/04/15 	95.23809814453125	95.57823181152344	94.55782318115234	95.23809814453125	33618	2020/04/15 
2020/04/16 	95.23809814453125	95.57823181152344	94.55782318115234	94.89795684814453	43814	2020/04/16 
2020/04/17 	96.25850677490234	96.25850677490234	94.89795684814453	95.91836547851562	11044	2020/04/17 
2020/04/20 	95.91836547851562	96.25850677490234	95.91836547851562	96.25850677490234	14700	2020/04/20 
2020/04/21 	96.25850677490234	96.25850677490234	94.55782318115234	95.23809814453125	4439	2020/04/21 
2020/04/22 	93.87754821777344	94.55782318115234	93.87754821777344	94.21768951416016	14560	2020/04/22 
2020/04/23 	94.21768951416016	94.21768951416016	94.21768951416016	94.21768951416016	0	2020/04/23 
2020/04/24 	94.21768951416016	94.21768951416016	94.21768951416016	94.21768951416016	0	2020/04/24 
2020/04/27 	94.21768951416016	94.21768951416016	94.21768951416016	94.21768951416016	0	2020/04/27 
2020/04/28 	94.21768951416016	94.21768951416016	94.21768951416016	94.21768951416016	0	2020/04/28 
2020/04/29 	94.21768951416016	94.21768951416016	94.21768951416016	94.21768951416016	0	2020/04/29 
2020/04/30 	94.21768951416016	94.21768951416016	94.21768951416016	94.21768951416016	0	2020/04/30 
2020/05/04 	94.21768951416016	94.21768951416016	94.21768951416016	94.21768951416016	0	2020/05/04 
2020/05/05 	94.21768951416016	94.21768951416016	94.21768951416016	94.21768951416016	0	2020/05/05 
2020/05/06 	94.21768951416016	94.21768951416016	94.21768951416016	94.21768951416016	0	2020/05/06 
2020/05/07 	94.21768951416016	94.21768951416016	94.21768951416016	94.21768951416016	0	2020/05/07 
2020/05/08 	94.21768951416016	94.21768951416016	94.21768951416016	94.21768951416016	0	2020/05/08 
2020/05/11 	94.21768951416016	94.21768951416016	94.21768951416016	94.21768951416016	0	2020/05/11 
2020/05/12 	94.21768951416016	94.21768951416016	94.21768951416016	94.21768951416016	0	2020/05/12 
2020/05/13 	94.21768951416016	94.21768951416016	94.21768951416016	94.21768951416016	0	2020/05/13 
2020/05/14 	94.21768951416016	94.21768951416016	94.21768951416016	94.21768951416016	0	2020/05/14 
2020/05/15 	94.21768951416016	94.21768951416016	94.21768951416016	94.21768951416016	0	2020/05/15 
2020/05/18 	94.21768951416016	94.21768951416016	94.21768951416016	94.21768951416016	0	2020/05/18 
2020/05/19 	94.21768951416016	94.21768951416016	94.21768951416016	94.21768951416016	0	2020/05/19 
2020/05/20 	94.21768951416016	94.21768951416016	94.21768951416016	94.21768951416016	0	2020/05/20 
2020/05/21 	94.21768951416016	94.21768951416016	94.21768951416016	94.21768951416016	0	2020/05/21 
2020/05/22 	94.21768951416016	94.21768951416016	94.21768951416016	94.21768951416016	0	2020/05/22 
2020/05/25 	94.21768951416016	94.21768951416016	94.21768951416016	94.21768951416016	0	2020/05/25 
2020/05/26 	94.21768951416016	94.21768951416016	94.21768951416016	94.21768951416016	0	2020/05/26 
2020/05/27 	94.21768951416016	94.21768951416016	94.21768951416016	94.21768951416016	0	2020/05/27 
2020/05/28 	94.21768951416016	94.21768951416016	94.21768951416016	94.21768951416016	0	2020/05/28 
2020/05/29 	94.21768951416016	94.21768951416016	94.21768951416016	94.21768951416016	0	2020/05/29 
2020/06/01 	94.21768951416016	94.21768951416016	94.21768951416016	94.21768951416016	0	2020/06/01 
2020/06/02 	94.21768951416016	94.21768951416016	94.21768951416016	94.21768951416016	0	2020/06/02 
2020/06/03 	94.21768951416016	94.21768951416016	94.21768951416016	94.21768951416016	0	2020/06/03 
2020/06/04 	94.21768951416016	94.21768951416016	94.21768951416016	94.21768951416016	0	2020/06/04 
2020/06/05 	94.21768951416016	94.21768951416016	94.21768951416016	94.21768951416016	0	2020/06/05 
2020/06/08 	94.21768951416016	94.21768951416016	94.21768951416016	94.21768951416016	0	2020/06/08 
2020/06/09 	94.21768951416016	94.21768951416016	94.21768951416016	94.21768951416016	0	2020/06/09 
2020/06/10 	94.21768951416016	94.21768951416016	94.21768951416016	94.21768951416016	0	2020/06/10 
2020/06/11 	94.21768951416016	94.21768951416016	94.21768951416016	94.21768951416016	0	2020/06/11 
2020/06/12 	94.21768951416016	94.21768951416016	94.21768951416016	94.21768951416016	0	2020/06/12 
2020/06/15 	94.21768951416016	94.21768951416016	94.21768951416016	94.21768951416016	0	2020/06/15 
2020/06/16 	94.21768951416016	94.21768951416016	94.21768951416016	94.21768951416016	0	2020/06/16 
2020/06/17 	94.21768951416016	94.21768951416016	94.21768951416016	94.21768951416016	0	2020/06/17 
2020/06/18 	94.21768951416016	94.21768951416016	94.21768951416016	94.21768951416016	0	2020/06/18 
2020/06/19 	94.21768951416016	94.21768951416016	94.21768951416016	94.21768951416016	0	2020/06/19 
2020/06/22 	94.21768951416016	94.21768951416016	94.21768951416016	94.21768951416016	0	2020/06/22 
2020/06/23 	94.21768951416016	94.21768951416016	94.21768951416016	94.21768951416016	0	2020/06/23 
2020/06/24 	94.21768951416016	94.21768951416016	94.21768951416016	94.21768951416016	0	2020/06/24 
2020/06/29 	94.21768951416016	94.21768951416016	94.21768951416016	94.21768951416016	0	2020/06/29 
2020/06/30 	94.21768951416016	94.21768951416016	94.21768951416016	94.21768951416016	0	2020/06/30 
2020/07/01 	94.21768951416016	94.21768951416016	94.21768951416016	94.21768951416016	0	2020/07/01 
2020/07/02 	94.21768951416016	94.21768951416016	94.21768951416016	94.21768951416016	0	2020/07/02 
2020/07/03 	94.21768951416016	94.21768951416016	94.21768951416016	94.21768951416016	0	2020/07/03 
2020/07/06 	94.21768951416016	94.21768951416016	94.21768951416016	94.21768951416016	0	2020/07/06 
2020/07/07 	94.21768951416016	94.21768951416016	94.21768951416016	94.21768951416016	0	2020/07/07 
2020/07/08 	94.21768951416016	94.21768951416016	94.21768951416016	94.21768951416016	0	2020/07/08 
2020/07/09 	94.21768951416016	94.21768951416016	94.21768951416016	94.21768951416016	0	2020/07/09 
2020/07/10 	94.21768951416016	94.21768951416016	94.21768951416016	94.21768951416016	0	2020/07/10 
2020/07/13 	94.21768951416016	94.21768951416016	94.21768951416016	94.21768951416016	0	2020/07/13 
2020/07/14 	94.21768951416016	94.21768951416016	94.21768951416016	94.21768951416016	0	2020/07/14 
2020/07/15 	94.21768951416016	94.21768951416016	94.21768951416016	94.21768951416016	0	2020/07/15 
2020/07/16 	94.21768951416016	94.21768951416016	94.21768951416016	94.21768951416016	0	2020/07/16 
2020/07/17 	94.21768951416016	94.21768951416016	94.21768951416016	94.21768951416016	0	2020/07/17 
2020/07/20 	94.21768951416016	94.21768951416016	94.21768951416016	94.21768951416016	0	2020/07/20 
2020/07/21 	94.21768951416016	94.21768951416016	94.21768951416016	94.21768951416016	0	2020/07/21 
2020/07/22 	94.21768951416016	94.21768951416016	94.21768951416016	94.21768951416016	0	2020/07/22 
2020/07/23 	94.21768951416016	94.21768951416016	94.21768951416016	94.21768951416016	0	2020/07/23 
2020/07/24 	94.21768951416016	94.21768951416016	94.21768951416016	94.21768951416016	0	2020/07/24 
2020/07/27 	108.16326141357422	112.58503723144531	107.48299407958984	107.48299407958984	54979	2020/07/27 
2020/07/28 	108.50340270996094	109.52381134033203	108.50340270996094	109.18367004394531	67539	2020/07/28 
2020/07/29 	109.18367004394531	109.86394500732422	108.50340270996094	109.86394500732422	41199	2020/07/29 
2020/07/30 	108.84353637695312	110.2040786743164	108.84353637695312	109.18367004394531	12803	2020/07/30 
2020/07/31 	109.52381134033203	110.54421997070312	109.18367004394531	110.54421997070312	70751	2020/07/31 
2020/08/03 	111.9047622680664	111.9047622680664	109.86394500732422	109.86394500732422	15141	2020/08/03 
2020/08/04 	111.2244873046875	111.56462860107422	110.2040786743164	110.88435363769531	12274	2020/08/04 
2020/08/05 	110.2040786743164	112.2448959350586	110.2040786743164	111.56462860107422	10880	2020/08/05 
2020/08/06 	110.54421997070312	111.2244873046875	110.2040786743164	111.2244873046875	11748	2020/08/06 
2020/08/07 	111.2244873046875	111.9047622680664	110.2040786743164	111.9047622680664	33599	2020/08/07 
2020/08/10 	111.9047622680664	112.2448959350586	110.88435363769531	112.2448959350586	73092	2020/08/10 
2020/08/11 	112.58503723144531	112.58503723144531	110.2040786743164	110.88435363769531	89458	2020/08/11 
2020/08/12 	111.56462860107422	113.9455795288086	111.56462860107422	112.2448959350586	37293	2020/08/12 
2020/08/13 	112.9251708984375	113.26530456542969	111.56462860107422	111.56462860107422	67497	2020/08/13 
2020/08/14 	112.58503723144531	112.58503723144531	112.58503723144531	112.58503723144531	1	2020/08/14 
2020/08/17 	112.2448959350586	114.62584686279297	108.50340270996094	111.2244873046875	37101	2020/08/17 
2020/08/18 	109.18367004394531	111.2244873046875	108.50340270996094	111.2244873046875	22199	2020/08/18 
2020/08/19 	109.18367004394531	111.9047622680664	108.50340270996094	111.9047622680664	100262	2020/08/19 
2020/08/20 	108.84353637695312	109.18367004394531	105.44217681884766	106.46258544921875	147414	2020/08/20 
2020/08/21 	106.80271911621094	109.18367004394531	104.08163452148438	108.84353637695312	126493	2020/08/21 
2020/08/24 	108.84353637695312	108.84353637695312	108.16326141357422	108.16326141357422	6128	2020/08/24 
2020/08/25 	108.84353637695312	108.84353637695312	107.48299407958984	108.50340270996094	26681	2020/08/25 
2020/08/26 	108.50340270996094	108.84353637695312	107.48299407958984	108.84353637695312	17199	2020/08/26 
2020/08/27 	109.18367004394531	109.18367004394531	107.48299407958984	108.16326141357422	26765	2020/08/27 
2020/08/28 	107.82312774658203	108.16326141357422	107.14286041259766	108.16326141357422	22050	2020/08/28 
2020/08/31 	110.54421997070312	110.54421997070312	107.82312774658203	108.50340270996094	28488	2020/08/31 
2020/09/01 	108.84353637695312	109.18367004394531	108.50340270996094	109.18367004394531	8968	2020/09/01 
2020/09/02 	109.18367004394531	109.18367004394531	109.18367004394531	109.18367004394531	294	2020/09/02 
2020/09/03 	107.14286041259766	109.18367004394531	107.14286041259766	108.16326141357422	46746	2020/09/03 
2020/09/04 	108.16326141357422	108.84353637695312	107.14286041259766	107.82312774658203	37073	2020/09/04 
2020/09/07 	108.16326141357422	109.18367004394531	107.48299407958984	107.82312774658203	17654	2020/09/07 
2020/09/08 	108.50340270996094	109.18367004394531	107.82312774658203	108.16326141357422	28448	2020/09/08 
2020/09/09 	107.14286041259766	109.18367004394531	106.80271911621094	109.18367004394531	36764	2020/09/09 
2020/09/10 	108.84353637695312	108.84353637695312	107.48299407958984	108.16326141357422	41443	2020/09/10 
2020/09/11 	107.14286041259766	110.54421997070312	107.14286041259766	107.48299407958984	23373	2020/09/11 
2020/09/14 	107.48299407958984	110.54421997070312	107.14286041259766	107.14286041259766	34159	2020/09/14 
2020/09/15 	107.14286041259766	108.84353637695312	107.14286041259766	107.48299407958984	57907	2020/09/15 
2020/09/16 	110.54421997070312	110.54421997070312	108.16326141357422	108.16326141357422	17265	2020/09/16 
2020/09/17 	109.18367004394531	109.18367004394531	108.16326141357422	108.16326141357422	12642	2020/09/17 
2020/09/18 	108.84353637695312	110.54421997070312	108.84353637695312	109.86394500732422	24005	2020/09/18 
2020/09/21 	108.84353637695312	110.2040786743164	108.16326141357422	108.84353637695312	60622	2020/09/21 
2020/09/22 	108.50340270996094	109.52381134033203	108.16326141357422	108.84353637695312	17597	2020/09/22 
2020/09/23 	110.88435363769531	110.88435363769531	107.82312774658203	108.84353637695312	85670	2020/09/23 
2020/09/24 	107.82312774658203	108.84353637695312	107.48299407958984	107.48299407958984	47040	2020/09/24 
2020/09/25 	107.14286041259766	108.50340270996094	107.14286041259766	107.82312774658203	21609	2020/09/25 
2020/09/28 	107.82312774658203	107.82312774658203	107.82312774658203	107.82312774658203	14	2020/09/28 
2020/09/29 	109.18367004394531	109.18367004394531	108.84353637695312	108.84353637695312	7350	2020/09/29 
2020/09/30 	108.50340270996094	109.18367004394531	108.16326141357422	109.18367004394531	45570	2020/09/30 
2020/10/05 	108.84353637695312	108.84353637695312	107.48299407958984	108.16326141357422	11789	2020/10/05 
2020/10/06 	108.84353637695312	109.52381134033203	108.50340270996094	109.18367004394531	14700	2020/10/06 
2020/10/07 	109.18367004394531	109.86394500732422	108.16326141357422	109.52381134033203	31605	2020/10/07 
2020/10/08 	110.2040786743164	110.2040786743164	109.18367004394531	110.2040786743164	7497	2020/10/08 
2020/10/12 	109.18367004394531	109.52381134033203	108.84353637695312	109.18367004394531	19110	2020/10/12 
2020/10/13 	110.2040786743164	110.2040786743164	107.82312774658203	108.16326141357422	34765	2020/10/13 
2020/10/14 	110.2040786743164	110.2040786743164	109.18367004394531	109.52381134033203	4483	2020/10/14 
2020/10/15 	109.18367004394531	109.86394500732422	108.84353637695312	108.84353637695312	13377	2020/10/15 
2020/10/16 	109.52381134033203	109.86394500732422	108.84353637695312	108.84353637695312	6468	2020/10/16 
2020/10/19 	109.52381134033203	109.86394500732422	108.84353637695312	109.86394500732422	12642	2020/10/19 
2020/10/20 	109.86394500732422	109.86394500732422	108.84353637695312	108.84353637695312	14857	2020/10/20 
2020/10/21 	108.84353637695312	109.52381134033203	108.84353637695312	109.52381134033203	10437	2020/10/21 
2020/10/22 	108.84353637695312	109.52381134033203	108.84353637695312	109.52381134033203	13230	2020/10/22 
2020/10/23 	109.52381134033203	109.52381134033203	108.84353637695312	109.18367004394531	8820	2020/10/23 
2020/10/26 	109.52381134033203	109.86394500732422	109.18367004394531	109.18367004394531	16170	2020/10/26 
2020/10/27 	108.84353637695312	110.2040786743164	108.84353637695312	109.52381134033203	39690	2020/10/27 
2020/10/28 	110.2040786743164	110.2040786743164	109.18367004394531	109.86394500732422	8820	2020/10/28 
2020/10/29 	109.18367004394531	110.2040786743164	108.84353637695312	109.86394500732422	24475	2020/10/29 
2020/10/30 	110.88435363769531	110.88435363769531	109.86394500732422	110.2040786743164	45790	2020/10/30 
2020/11/02 	110.88435363769531	111.2244873046875	110.2040786743164	110.88435363769531	17346	2020/11/02 
2020/11/03 	111.2244873046875	117.00680541992188	110.88435363769531	116.32653045654297	56575	2020/11/03 
2020/11/04 	116.32653045654297	116.32653045654297	115.64625549316406	115.64625549316406	16391	2020/11/04 
2020/11/05 	116.32653045654297	116.32653045654297	113.9455795288086	116.32653045654297	7213	2020/11/05 
2020/11/06 	114.28571319580078	116.66666412353516	114.28571319580078	114.96598815917969	20203	2020/11/06 
2020/11/09 	116.32653045654297	116.32653045654297	115.64625549316406	115.64625549316406	16611	2020/11/09 
2020/11/10 	115.64625549316406	115.64625549316406	115.64625549316406	115.64625549316406	0	2020/11/10 
2020/11/11 	115.64625549316406	115.64625549316406	113.60543823242188	114.96598815917969	7351	2020/11/11 
2020/11/12 	114.96598815917969	114.96598815917969	113.60543823242188	114.62584686279297	30943	2020/11/12 
2020/11/13 	115.64625549316406	115.64625549316406	115.64625549316406	115.64625549316406	1477	2020/11/13 
2020/11/16 	115.64625549316406	116.32653045654297	114.96598815917969	115.64625549316406	31484	2020/11/16 
2020/11/17 	113.9455795288086	115.30612182617188	113.9455795288086	115.30612182617188	6384	2020/11/17 
2020/11/18 	114.28571319580078	115.64625549316406	113.9455795288086	115.64625549316406	17851	2020/11/18 
2020/11/19 	114.96598815917969	116.66666412353516	114.96598815917969	115.30612182617188	24272	2020/11/19 
2020/11/20 	116.66666412353516	117.00680541992188	115.98639678955078	116.32653045654297	28165	2020/11/20 
2020/11/23 	117.34693908691406	122.44898223876953	116.66666412353516	120.06802368164062	137162	2020/11/23 
2020/11/24 	121.76870727539062	122.78911590576172	115.98639678955078	118.70748138427734	1093815	2020/11/24 
2020/11/25 	118.36734771728516	122.44898223876953	118.36734771728516	118.70748138427734	1082408	2020/11/25 
2020/11/26 	119.04762268066406	122.10884094238281	117.68707275390625	120.06802368164062	1010533	2020/11/26 
2020/11/27 	120.06802368164062	120.74829864501953	117.68707275390625	120.06802368164062	1041209	2020/11/27 
2020/11/30 	119.72789001464844	120.74829864501953	118.36734771728516	119.38775634765625	41464	2020/11/30 
2020/12/01 	117.68707275390625	119.04762268066406	117.68707275390625	119.04762268066406	22261	2020/12/01 
2020/12/02 	118.02720642089844	118.36734771728516	117.34693908691406	117.34693908691406	7288	2020/12/02 
2020/12/03 	118.02720642089844	118.70748138427734	116.66666412353516	117.00680541992188	57791	2020/12/03 
2020/12/04 	116.66666412353516	117.68707275390625	115.98639678955078	117.68707275390625	63295	2020/12/04 
2020/12/07 	116.32653045654297	118.02720642089844	115.64625549316406	117.68707275390625	1607593	2020/12/07 
2020/12/08 	116.32653045654297	117.68707275390625	116.32653045654297	117.00680541992188	798430	2020/12/08 
2020/12/09 	117.00680541992188	119.04762268066406	116.66666412353516	119.04762268066406	820279	2020/12/09 
2020/12/10 	116.66666412353516	118.36734771728516	116.66666412353516	118.36734771728516	902581	2020/12/10 
2020/12/11 	117.00680541992188	117.34693908691406	116.32653045654297	117.34693908691406	30870	2020/12/11 
2020/12/14 	117.00680541992188	117.00680541992188	115.64625549316406	117.00680541992188	32341	2020/12/14 
2020/12/15 	116.32653045654297	117.68707275390625	115.64625549316406	117.68707275390625	22198	2020/12/15 
2020/12/16 	117.00680541992188	117.68707275390625	117.00680541992188	117.34693908691406	5881	2020/12/16 
2020/12/17 	116.66666412353516	117.34693908691406	116.66666412353516	117.34693908691406	4426	2020/12/17 
2020/12/18 	117.34693908691406	117.34693908691406	116.32653045654297	116.32653045654297	51597	2020/12/18 
2020/12/21 	117.00680541992188	117.34693908691406	116.66666412353516	117.34693908691406	20580	2020/12/21 
2020/12/22 	116.66666412353516	117.34693908691406	115.98639678955078	116.66666412353516	47334	2020/12/22 
2020/12/23 	116.32653045654297	116.32653045654297	114.96598815917969	115.30612182617188	20433	2020/12/23 
2020/12/24 	116.32653045654297	116.32653045654297	111.9047622680664	113.26530456542969	102356	2020/12/24 
2020/12/25 	114.62584686279297	115.64625549316406	114.62584686279297	114.96598815917969	13230	2020/12/25 
2020/12/28 	115.64625549316406	115.64625549316406	114.96598815917969	114.96598815917969	16412	2020/12/28 
2020/12/29 	115.30612182617188	115.64625549316406	115.30612182617188	115.30612182617188	12348	2020/12/29 
2020/12/30 	115.30612182617188	118.02720642089844	115.30612182617188	117.34693908691406	18364	2020/12/30 
2020/12/31 	117.68707275390625	118.36734771728516	115.64625549316406	118.36734771728516	23872	2020/12/31 
2021/01/04 	115.64625549316406	117.68707275390625	115.64625549316406	117.68707275390625	33516	2021/01/04 
2021/01/05 	116.66666412353516	117.68707275390625	116.66666412353516	117.68707275390625	41255	2021/01/05 
2021/01/06 	117.34693908691406	117.34693908691406	117.00680541992188	117.00680541992188	5924	2021/01/06 
2021/01/07 	117.34693908691406	117.68707275390625	117.34693908691406	117.68707275390625	8967	2021/01/07 
2021/01/08 	117.68707275390625	117.68707275390625	115.98639678955078	116.66666412353516	35427	2021/01/08 
2021/01/11 	116.66666412353516	116.66666412353516	116.66666412353516	116.66666412353516	294	2021/01/11 
2021/01/12 	117.68707275390625	117.68707275390625	116.66666412353516	117.00680541992188	32487	2021/01/12 
2021/01/13 	117.34693908691406	119.04762268066406	117.34693908691406	118.36734771728516	32340	2021/01/13 
2021/01/14 	118.36734771728516	119.38775634765625	117.68707275390625	118.70748138427734	33223	2021/01/14 
2021/01/15 	118.70748138427734	119.04762268066406	116.66666412353516	116.66666412353516	38963	2021/01/15 
2021/01/18 	117.68707275390625	119.72789001464844	117.00680541992188	119.04762268066406	56289	2021/01/18 
2021/01/19 	120.06802368164062	120.40816497802734	118.36734771728516	118.36734771728516	18705	2021/01/19 
2021/01/20 	118.36734771728516	118.70748138427734	117.68707275390625	117.68707275390625	9334	2021/01/20 
2021/01/21 	117.00680541992188	119.04762268066406	116.66666412353516	118.36734771728516	38705	2021/01/21 
2021/01/22 	117.68707275390625	121.42857360839844	117.68707275390625	120.06802368164062	64555	2021/01/22 
2021/01/25 	121.08843231201172	123.4693832397461	120.74829864501953	121.08843231201172	78453	2021/01/25 
2021/01/26 	121.76870727539062	121.76870727539062	119.04762268066406	119.04762268066406	38514	2021/01/26 
2021/01/27 	120.06802368164062	120.06802368164062	117.68707275390625	118.70748138427734	32634	2021/01/27 
2021/01/28 	118.70748138427734	118.70748138427734	118.70748138427734	118.70748138427734	0	2021/01/28 
2021/01/29 	120.40816497802734	120.74829864501953	119.38775634765625	120.74829864501953	32958	2021/01/29 
2021/02/01 	118.36734771728516	119.38775634765625	118.36734771728516	119.38775634765625	11760	2021/02/01 
2021/02/02 	120.06802368164062	121.76870727539062	120.06802368164062	121.08843231201172	22201	2021/02/02 
2021/02/03 	122.44898223876953	122.78911590576172	120.74829864501953	121.42857360839844	22174	2021/02/03 
2021/02/04 	122.10884094238281	122.78911590576172	121.08843231201172	121.08843231201172	10966	2021/02/04 
2021/02/05 	122.10884094238281	122.10884094238281	120.74829864501953	122.10884094238281	8820	2021/02/05 
2021/02/17 	122.10884094238281	123.4693832397461	121.42857360839844	121.76870727539062	33986	2021/02/17 
2021/02/18 	123.1292495727539	123.1292495727539	122.10884094238281	122.78911590576172	25209	2021/02/18 
2021/02/19 	122.44898223876953	122.78911590576172	121.08843231201172	122.78911590576172	10664	2021/02/19 
2021/02/22 	123.4693832397461	123.80952453613281	121.76870727539062	122.44898223876953	25269	2021/02/22 
2021/02/23 	121.42857360839844	122.78911590576172	121.08843231201172	122.10884094238281	27937	2021/02/23 
2021/02/24 	123.1292495727539	123.80952453613281	122.44898223876953	123.1292495727539	45231	2021/02/24 
2021/02/25 	122.10884094238281	123.1292495727539	121.76870727539062	121.76870727539062	18228	2021/02/25 
2021/02/26 	122.44898223876953	122.44898223876953	121.76870727539062	122.44898223876953	7791	2021/02/26 
2021/03/02 	122.10884094238281	122.78911590576172	121.42857360839844	121.76870727539062	13979	2021/03/02 
2021/03/03 	122.44898223876953	124.48979187011719	122.10884094238281	123.80952453613281	47187	2021/03/03 
2021/03/04 	123.4693832397461	123.4693832397461	120.06802368164062	120.74829864501953	36779	2021/03/04 
2021/03/05 	122.44898223876953	122.44898223876953	121.42857360839844	122.10884094238281	16170	2021/03/05 
2021/03/08 	121.42857360839844	121.42857360839844	121.42857360839844	121.42857360839844	1617	2021/03/08 
2021/03/09 	122.44898223876953	122.44898223876953	122.44898223876953	122.44898223876953	2940	2021/03/09 
2021/03/10 	122.44898223876953	122.44898223876953	122.44898223876953	122.44898223876953	0	2021/03/10 
2021/03/11 	122.10884094238281	123.4693832397461	121.76870727539062	123.1292495727539	62769	2021/03/11 
2021/03/12 	122.78911590576172	125.1700668334961	122.44898223876953	125.1700668334961	26756	2021/03/12 
2021/03/15 	125.1700668334961	125.1700668334961	123.4693832397461	123.4693832397461	16178	2021/03/15 
2021/03/16 	122.78911590576172	122.78911590576172	122.78911590576172	122.78911590576172	2	2021/03/16 
2021/03/17 	123.4693832397461	124.8299331665039	123.4693832397461	124.48979187011719	24997	2021/03/17 
2021/03/18 	125.1700668334961	127.89115905761719	125.1700668334961	126.53060913085938	51523	2021/03/18 
2021/03/19 	127.89115905761719	131.63265991210938	127.21088409423828	130.95237731933594	96451	2021/03/19 
2021/03/22 	129.25169372558594	134.69387817382812	129.25169372558594	134.69387817382812	96101	2021/03/22 
2021/03/23 	134.69387817382812	137.0748291015625	134.35374450683594	135.7142791748047	146658	2021/03/23 
2021/03/24 	136.7346954345703	142.17686462402344	136.05442810058594	139.45578002929688	190275	2021/03/24 
2021/03/25 	140.13604736328125	142.17686462402344	134.01361083984375	136.7346954345703	126865	2021/03/25 
2021/03/26 	138.4353790283203	138.4353790283203	134.69387817382812	135.7142791748047	16727	2021/03/26 
2021/03/29 	137.4149627685547	138.09524536132812	135.3741455078125	137.4149627685547	32938	2021/03/29 
2021/03/30 	135.3741455078125	138.09524536132812	135.3741455078125	138.09524536132812	19761	2021/03/30 
2021/03/31 	139.1156463623047	139.45578002929688	136.05442810058594	136.7346954345703	20315	2021/03/31 
2021/04/01 	138.09524536132812	138.4353790283203	136.05442810058594	137.75509643554688	25869	2021/04/01 
2021/04/07 	138.09524536132812	138.09524536132812	137.4149627685547	137.4149627685547	37411	2021/04/07 
2021/04/08 	137.0748291015625	138.7755126953125	136.7346954345703	138.09524536132812	31577	2021/04/08 
2021/04/09 	135.3741455078125	137.4149627685547	135.0340118408203	135.3741455078125	55080	2021/04/09 
2021/04/12 	138.4353790283203	141.49659729003906	138.09524536132812	140.8163299560547	89340	2021/04/12 
2021/04/13 	141.49659729003906	151.70068359375	141.49659729003906	148.29931640625	183306	2021/04/13 
2021/04/14 	148.97958374023438	148.97958374023438	138.4353790283203	142.17686462402344	93600	2021/04/14 
2021/04/15 	142.17686462402344	142.17686462402344	140.8163299560547	142.17686462402344	21910	2021/04/15 
2021/04/16 	141.49659729003906	141.83673095703125	139.79591369628906	139.79591369628906	32413	2021/04/16 
2021/04/19 	141.83673095703125	150.3401336669922	140.8163299560547	149.6598663330078	120316	2021/04/19 
2021/04/20 	149.6598663330078	150.68026733398438	147.61904907226562	148.29931640625	16665	2021/04/20 
2021/04/21 	144.21768188476562	144.21768188476562	142.17686462402344	144.21768188476562	29813	2021/04/21 
2021/04/22 	142.85714721679688	144.21768188476562	142.17686462402344	142.85714721679688	41542	2021/04/22 
2021/04/23 	141.49659729003906	142.17686462402344	140.8163299560547	142.17686462402344	46978	2021/04/23 
2021/04/26 	141.49659729003906	142.17686462402344	141.49659729003906	141.49659729003906	6938	2021/04/26 
2021/04/27 	142.17686462402344	144.21768188476562	142.17686462402344	143.53741455078125	19189	2021/04/27 
2021/04/28 	142.85714721679688	143.53741455078125	142.17686462402344	143.53741455078125	19827	2021/04/28 
2021/04/29 	142.17686462402344	142.5170135498047	140.4761962890625	140.8163299560547	25460	2021/04/29 
2021/05/03 	140.8163299560547	140.8163299560547	135.7142791748047	138.7755126953125	139616	2021/05/03 
2021/05/04 	137.75509643554688	141.49659729003906	137.0748291015625	141.49659729003906	97687	2021/05/04 
2021/05/05 	140.4761962890625	141.49659729003906	140.4761962890625	140.4761962890625	18505	2021/05/05 
2021/05/06 	141.49659729003906	146.2584991455078	141.49659729003906	143.53741455078125	71089	2021/05/06 
2021/05/07 	146.2584991455078	146.5986328125	143.87754821777344	145.91836547851562	27930	2021/05/07 
2021/05/10 	147.61904907226562	148.97958374023438	145.57823181152344	148.97958374023438	46826	2021/05/10 
2021/05/11 	149.31973266601562	156.12245178222656	145.91836547851562	147.61904907226562	92388	2021/05/11 
2021/05/12 	148.97958374023438	148.97958374023438	137.4149627685547	145.57823181152344	113758	2021/05/12 
2021/05/13 	140.8163299560547	144.89796447753906	139.79591369628906	142.85714721679688	79255	2021/05/13 
2021/05/14 	145.91836547851562	153.06121826171875	145.91836547851562	148.29931640625	63239	2021/05/14 
2021/05/17 	144.89796447753906	151.02040100097656	139.45578002929688	144.89796447753906	118276	2021/05/17 
2021/05/18 	144.89796447753906	151.3605499267578	144.5578155517578	147.27891540527344	37401	2021/05/18 
2021/05/19 	150.68026733398438	150.68026733398438	148.97958374023438	148.97958374023438	14848	2021/05/19 
2021/05/20 	149.6598663330078	149.6598663330078	147.61904907226562	147.9591827392578	41308	2021/05/20 
2021/05/21 	152.72108459472656	152.72108459472656	148.29931640625	148.29931640625	9957	2021/05/21 
2021/05/24 	148.29931640625	148.29931640625	148.29931640625	148.29931640625	0	2021/05/24 
2021/05/25 	148.29931640625	148.29931640625	148.29931640625	148.29931640625	0	2021/05/25 
2021/05/26 	148.29931640625	148.29931640625	148.29931640625	148.29931640625	0	2021/05/26 
2021/05/27 	148.29931640625	148.29931640625	148.29931640625	148.29931640625	0	2021/05/27 
2021/05/28 	148.29931640625	148.29931640625	148.29931640625	148.29931640625	0	2021/05/28 
2021/05/31 	148.29931640625	148.29931640625	148.29931640625	148.29931640625	0	2021/05/31 
2021/06/01 	148.29931640625	148.29931640625	148.29931640625	148.29931640625	0	2021/06/01 
2021/06/02 	148.29931640625	148.29931640625	148.29931640625	148.29931640625	0	2021/06/02 
2021/06/03 	148.29931640625	148.29931640625	148.29931640625	148.29931640625	0	2021/06/03 
2021/06/04 	148.29931640625	148.29931640625	148.29931640625	148.29931640625	0	2021/06/04 
2021/06/07 	148.29931640625	148.29931640625	148.29931640625	148.29931640625	0	2021/06/07 
2021/06/08 	163.2653045654297	163.2653045654297	160.54421997070312	162.9251708984375	12176	2021/06/08 
2021/06/09 	162.9251708984375	163.2653045654297	161.2244873046875	163.2653045654297	15683	2021/06/09 
2021/06/10 	163.2653045654297	163.60543823242188	161.2244873046875	163.60543823242188	12449	2021/06/10 
2021/06/11 	166.6666717529297	168.02720642089844	164.6258544921875	167.34693908691406	41930	2021/06/11 
2021/06/15 	167.34693908691406	169.04762268066406	166.6666717529297	168.02720642089844	33767	2021/06/15 
2021/06/16 	168.36734008789062	169.04762268066406	163.2653045654297	167.34693908691406	40463	2021/06/16 
2021/06/17 	166.6666717529297	168.70748901367188	165.98638916015625	168.70748901367188	28642	2021/06/17 
2021/06/18 	168.36734008789062	168.70748901367188	166.6666717529297	168.36734008789062	2938	2021/06/18 
2021/06/21 	167.34693908691406	170.74830627441406	166.6666717529297	170.06802368164062	33505	2021/06/21 
2021/06/22 	169.04762268066406	170.06802368164062	168.36734008789062	170.06802368164062	11079	2021/06/22 
2021/06/23 	169.72789001464844	169.72789001464844	166.6666717529297	168.70748901367188	17404	2021/06/23 
2021/06/24 	168.70748901367188	168.70748901367188	165.98638916015625	168.70748901367188	15507	2021/06/24 
2021/06/25 	168.36734008789062	168.36734008789062	165.64625549316406	167.68707275390625	12371	2021/06/25 
2021/06/28 	168.36734008789062	168.36734008789062	165.98638916015625	166.6666717529297	16243	2021/06/28 
2021/06/29 	168.02720642089844	168.02720642089844	164.9659881591797	166.6666717529297	33770	2021/06/29 
2021/06/30 	164.9659881591797	167.34693908691406	164.9659881591797	167.00680541992188	17228	2021/06/30 
2021/07/01 	165.98638916015625	166.6666717529297	164.9659881591797	166.6666717529297	14494	2021/07/01 
2021/07/02 	166.6666717529297	167.00680541992188	165.30612182617188	166.6666717529297	28857	2021/07/02 
2021/07/05 	167.00680541992188	167.68707275390625	165.64625549316406	166.6666717529297	76047	2021/07/05 
2021/07/06 	165.30612182617188	166.6666717529297	165.30612182617188	165.30612182617188	8997	2021/07/06 
2021/07/07 	165.30612182617188	166.6666717529297	164.6258544921875	165.30612182617188	27475	2021/07/07 
2021/07/08 	165.98638916015625	166.6666717529297	165.30612182617188	165.98638916015625	27503	2021/07/08 
2021/07/09 	165.30612182617188	167.34693908691406	165.30612182617188	166.6666717529297	61232	2021/07/09 
2021/07/12 	166.6666717529297	191.15646362304688	166.6666717529297	186.7346954345703	243687	2021/07/12 
2021/07/13 	189.79591369628906	201.3605499267578	187.0748291015625	197.27891540527344	236465	2021/07/13 
2021/07/14 	195.23809814453125	195.23809814453125	189.79591369628906	190.8163299560547	73580	2021/07/14 
2021/07/15 	192.17686462402344	220.74830627441406	192.17686462402344	220.4081573486328	372893	2021/07/15 
2021/07/16 	217.68707275390625	217.68707275390625	204.08163452148438	214.9659881591797	227007	2021/07/16 
2021/07/19 	214.9659881591797	224.4897918701172	213.60543823242188	221.76870727539062	255872	2021/07/19 
2021/07/20 	219.04762268066406	225.17007446289062	217.68707275390625	223.8095245361328	219468	2021/07/20 
2021/07/21 	225.5102081298828	235.3741455078125	218.02720642089844	228.57142639160156	295234	2021/07/21 
2021/07/22 	224.82992553710938	237.75509643554688	224.82992553710938	236.7346954345703	297201	2021/07/22 
2021/07/23 	238.4353790283203	238.7755126953125	233.6734619140625	237.4149627685547	251778	2021/07/23 
2021/07/26 	237.5	241.0	219.0	237.0	554420	2021/07/26 
2021/07/27 	239.0	239.0	234.0	235.0	74096	2021/07/27 
2021/07/28 	239.0	239.0	232.0	234.0	82355	2021/07/28 
2021/07/29 	236.0	254.5	236.0	250.0	135110	2021/07/29 
2021/07/30 	260.0	271.0	257.0	267.0	143243	2021/07/30 
2021/08/02 	275.5	278.0	273.5	277.0	60087	2021/08/02 
2021/08/03 	277.0	278.0	259.0	260.0	93563	2021/08/03 
2021/08/04 	265.0	266.0	257.5	261.0	36267	2021/08/04 
2021/08/05 	263.5	263.5	244.0	247.0	60922	2021/08/05 
2021/08/06 	254.5	255.5	250.0	250.0	12485	2021/08/06 
2021/08/09 	254.5	254.5	247.0	251.0	30566	2021/08/09 
2021/08/10 	248.0	250.5	244.0	246.0	55753	2021/08/10 
2021/08/11 	245.0	266.0	245.0	257.0	40532	2021/08/11 
2021/08/12 	260.0	261.0	254.0	256.0	29342	2021/08/12 
2021/08/13 	254.5	255.0	244.5	254.5	18018	2021/08/13 
2021/08/16 	255.5	257.5	252.0	255.0	48556	2021/08/16 
2021/08/17 	255.0	260.0	250.0	253.0	33661	2021/08/17 
2021/08/18 	249.0	250.0	239.0	244.0	52055	2021/08/18 
2021/08/19 	240.0	241.0	220.5	227.0	245771	2021/08/19 
2021/08/20 	223.0	225.5	218.0	222.0	78995	2021/08/20 
2021/08/23 	223.5	244.0	222.0	244.0	80662	2021/08/23 
2021/08/24 	242.5	252.5	235.5	250.5	109147	2021/08/24 
2021/08/25 	251.0	257.0	250.0	255.5	82582	2021/08/25 
2021/08/26 	255.0	264.0	254.5	260.0	57893	2021/08/26 
2021/08/27 	259.0	259.5	247.0	253.0	32022	2021/08/27 
2021/08/30 	253.0	253.0	248.0	253.0	34377	2021/08/30 
2021/08/31 	253.5	255.0	250.0	255.0	18911	2021/08/31 
2021/09/01 	255.0	261.0	254.0	256.5	32444	2021/09/01 
2021/09/02 	256.5	256.5	249.0	253.0	13076	2021/09/02 
2021/09/03 	253.0	260.0	249.0	251.5	35648	2021/09/03 
2021/09/06 	252.0	252.0	244.0	246.0	34022	2021/09/06 
2021/09/07 	247.5	247.5	235.0	239.5	56461	2021/09/07 
2021/09/08 	241.0	242.5	230.0	233.0	33927	2021/09/08 
2021/09/09 	233.0	245.0	232.0	245.0	8405	2021/09/09 
2021/09/10 	235.5	244.5	235.0	238.0	17063	2021/09/10 
2021/09/13 	238.0	238.0	227.0	230.5	60272	2021/09/13 
2021/09/14 	231.0	231.0	226.0	230.0	32516	2021/09/14 
2021/09/15 	227.0	247.5	227.0	244.5	45183	2021/09/15 
2021/09/16 	244.5	253.0	244.5	245.0	98471	2021/09/16 
2021/09/17 	247.0	247.5	243.0	247.5	31941	2021/09/17 
2021/09/22 	243.5	244.5	237.5	238.0	43426	2021/09/22 
2021/09/23 	242.0	242.0	237.5	239.0	28114	2021/09/23 
2021/09/24 	241.5	242.5	237.5	240.5	28896	2021/09/24 
2021/09/27 	242.0	242.0	239.0	240.0	22905	2021/09/27 
2021/09/28 	240.0	240.0	238.0	240.0	16560	2021/09/28 
2021/09/29 	240.0	240.0	236.0	237.5	18192	2021/09/29 
2021/09/30 	238.0	246.0	236.5	242.0	18546	2021/09/30 
2021/10/01 	239.0	239.5	236.5	237.0	48975	2021/10/01 
2021/10/04 	237.0	238.0	235.5	237.5	19592	2021/10/04 
2021/10/05 	237.5	240.0	236.5	237.0	12364	2021/10/05 
2021/10/06 	239.5	242.5	238.0	242.5	41864	2021/10/06 
2021/10/07 	244.0	252.0	242.0	251.5	84163	2021/10/07 
2021/10/08 	250.5	252.0	245.5	249.0	30818	2021/10/08 
2021/10/12 	254.5	262.5	250.0	250.5	82470	2021/10/12 
2021/10/13 	254.0	255.5	247.0	248.5	50269	2021/10/13 
2021/10/14 	250.5	250.5	240.5	245.5	40187	2021/10/14 
2021/10/15 	246.0	248.5	244.0	246.5	27966	2021/10/15 
2021/10/18 	244.0	244.0	236.0	239.0	35333	2021/10/18 
2021/10/19 	240.5	241.5	237.5	241.5	20172	2021/10/19 
2021/10/20 	239.0	240.0	237.5	237.5	21525	2021/10/20 
2021/10/21 	239.0	239.0	236.0	236.0	31180	2021/10/21 
2021/10/22 	235.0	239.5	235.0	237.0	10012	2021/10/22 
2021/10/25 	235.5	236.0	232.0	234.0	43309	2021/10/25 
2021/10/26 	234.0	236.0	232.0	235.0	16896	2021/10/26 
2021/10/27 	236.5	236.5	232.0	234.0	19809	2021/10/27 
2021/10/28 	235.5	246.0	235.0	245.5	85372	2021/10/28 
2021/10/29 	244.0	247.0	240.0	246.0	51954	2021/10/29 
2021/11/01 	247.5	248.5	244.5	244.5	34428	2021/11/01 
2021/11/02 	244.5	246.5	239.0	240.0	40696	2021/11/02 
2021/11/03 	239.0	242.0	237.5	240.0	14954	2021/11/03 
2021/11/04 	241.0	241.0	237.5	239.5	9507	2021/11/04 
2021/11/05 	240.0	241.5	238.0	239.5	20533	2021/11/05 
2021/11/08 	238.5	246.0	238.5	246.0	95884	2021/11/08 
2021/11/09 	243.0	244.5	241.0	242.5	29758	2021/11/09 
2021/11/10 	244.0	247.0	244.0	246.0	96569	2021/11/10 
2021/11/11 	246.0	246.0	240.5	243.0	29147	2021/11/11 
2021/11/12 	246.0	247.5	244.0	245.5	94357	2021/11/12 
2021/11/15 	246.0	247.0	244.0	246.0	42185	2021/11/15 
2021/11/16 	246.5	248.0	243.5	244.5	56698	2021/11/16 
2021/11/17 	246.5	249.0	244.5	248.0	121981	2021/11/17 
2021/11/18 	247.0	265.0	247.0	261.0	307642	2021/11/18 
2021/11/19 	264.0	265.0	250.0	256.0	145614	2021/11/19 
2021/11/22 	256.0	258.0	251.5	255.0	61109	2021/11/22 
2021/11/23 	257.0	257.0	248.0	251.5	66634	2021/11/23 
2021/11/24 	250.0	256.0	247.0	255.0	83024	2021/11/24 
2021/11/25 	256.0	271.0	255.0	264.0	469537	2021/11/25 
2021/11/26 	264.5	267.0	258.0	260.0	184534	2021/11/26 
2021/11/29 	260.5	265.5	258.0	262.5	98779	2021/11/29 
2021/11/30 	262.0	269.5	261.5	265.5	132601	2021/11/30 
2021/12/01 	263.0	268.0	263.0	268.0	199924	2021/12/01 
2021/12/02 	268.0	274.0	263.0	265.0	218436	2021/12/02 
2021/12/03 	268.0	269.0	265.5	267.5	174285	2021/12/03 
2021/12/06 	266.5	266.5	260.0	264.0	35804	2021/12/06 
2021/12/07 	265.5	269.0	265.0	266.5	76972	2021/12/07 
2021/12/08 	266.0	267.5	262.0	264.5	53409	2021/12/08 
2021/12/09 	264.5	267.0	259.0	260.5	133942	2021/12/09 
2021/12/10 	263.0	267.0	259.5	265.0	166260	2021/12/10 
2021/12/13 	265.0	268.5	264.0	266.0	122544	2021/12/13 
2021/12/14 	265.5	266.5	261.0	264.0	101972	2021/12/14 
2021/12/15 	264.5	267.0	262.5	265.0	87578	2021/12/15 
2021/12/16 	266.5	268.0	264.0	266.0	99865	2021/12/16 
2021/12/17 	263.0	266.0	260.0	265.0	99015	2021/12/17 
2021/12/20 	264.5	265.0	261.0	263.0	100089	2021/12/20 
2021/12/21 	263.0	263.0	254.0	256.5	160853	2021/12/21 
2021/12/22 	256.0	256.5	245.0	252.5	135750	2021/12/22 
2021/12/23 	252.5	254.5	250.0	254.5	91332	2021/12/23 
2021/12/24 	254.5	256.0	249.5	254.0	76691	2021/12/24 
2021/12/27 	253.5	254.0	248.5	252.0	78734	2021/12/27 
2021/12/28 	252.5	254.5	245.5	250.5	115833	2021/12/28 
2021/12/29 	251.0	251.5	246.0	250.5	147426	2021/12/29 
2021/12/30 	250.5	254.5	243.0	254.5	143783	2021/12/30 
2022/01/03 	232.0	246.0	229.5	236.0	2110688	2022/01/03 
2022/01/04 	234.0	235.5	227.0	231.5	1013583	2022/01/04 
2022/01/05 	231.5	233.5	228.0	229.0	339206	2022/01/05 
2022/01/06 	227.0	229.5	226.0	228.5	238976	2022/01/06 
2022/01/07 	227.0	227.0	217.5	219.0	584350	2022/01/07 
2022/01/10 	218.5	219.5	211.0	213.5	297096	2022/01/10 
2022/01/11 	215.0	221.0	215.0	218.5	223001	2022/01/11 
2022/01/12 	220.0	220.0	212.5	213.5	167053	2022/01/12 
2022/01/13 	215.0	215.0	210.0	211.0	124088	2022/01/13 
2022/01/14 	212.0	213.0	201.5	205.0	280971	2022/01/14 
2022/01/17 	205.0	205.0	198.0	203.0	314779	2022/01/17 
2022/01/18 	203.0	215.0	201.0	209.0	271050	2022/01/18 
2022/01/19 	206.0	206.0	203.0	205.0	106150	2022/01/19 
2022/01/20 	204.0	206.0	201.0	206.0	80150	2022/01/20 
2022/01/21 	203.0	203.5	200.5	200.5	153224	2022/01/21 
2022/01/24 	198.0	198.5	193.5	197.5	162107	2022/01/24 
2022/01/25 	197.0	197.0	194.0	194.0	138429	2022/01/25 
2022/01/26 	192.0	196.0	192.0	194.5	65040	2022/01/26 
2022/02/07 	193.5	197.0	193.0	196.5	62130	2022/02/07 
2022/02/08 	198.5	203.5	198.0	201.0	98010	2022/02/08 
2022/02/09 	201.5	202.5	200.5	202.5	99110	2022/02/09 
2022/02/10 	202.0	203.0	201.0	202.0	78000	2022/02/10 
2022/02/11 	202.0	202.0	201.0	201.0	64100	2022/02/11 
2022/02/14 	200.0	200.0	192.5	193.5	134002	2022/02/14 
2022/02/15 	194.0	194.0	191.0	193.0	180230	2022/02/15 
2022/02/16 	197.0	197.0	194.5	195.0	69000	2022/02/16 
2022/02/17 	195.5	196.5	193.0	194.0	50148	2022/02/17 
2022/02/18 	193.0	196.0	193.0	195.0	49420	2022/02/18 
2022/02/21 	193.0	193.5	191.5	193.5	88943	2022/02/21 
2022/02/22 	192.0	192.5	190.5	191.5	84163	2022/02/22 
2022/02/23 	192.5	193.0	192.0	193.0	33300	2022/02/23 
2022/02/24 	190.5	191.0	188.0	188.0	144030	2022/02/24 
2022/02/25 	188.0	190.5	188.0	190.0	54001	2022/02/25 
2022/03/01 	190.0	192.0	189.0	190.0	77000	2022/03/01 
2022/03/02 	191.0	191.0	188.5	188.5	90000	2022/03/02 
2022/03/03 	190.0	190.5	186.0	188.0	175000	2022/03/03 
2022/03/04 	186.5	187.0	184.0	185.0	206200	2022/03/04 
2022/03/07 	184.0	184.0	175.5	175.5	231000	2022/03/07 
2022/03/08 	174.5	174.5	170.0	172.5	182384	2022/03/08 
2022/03/09 	172.0	175.5	172.0	175.0	82212	2022/03/09 
2022/03/10 	189.5	189.5	184.5	186.5	134001	2022/03/10 
2022/03/11 	182.0	186.5	182.0	182.5	48000	2022/03/11 
2022/03/14 	182.5	183.5	180.5	182.0	63088	2022/03/14 
2022/03/15 	182.0	182.0	179.0	180.0	96100	2022/03/15 
2022/03/16 	184.5	184.5	179.0	179.5	46005	2022/03/16 
2022/03/17 	184.0	184.0	182.0	182.5	68090	2022/03/17 
2022/03/18 	184.5	191.5	183.5	191.0	195337	2022/03/18 
2022/03/21 	194.0	195.0	191.0	191.5	99070	2022/03/21 
2022/03/22 	190.5	192.5	189.0	192.0	42150	2022/03/22 
2022/03/23 	191.0	192.0	190.5	192.0	59000	2022/03/23 
2022/03/24 	192.0	192.0	190.5	192.0	52350	2022/03/24 
2022/03/25 	193.0	195.5	192.0	195.5	84216	2022/03/25 
2022/03/28 	195.0	195.0	193.0	193.5	78010	2022/03/28 
2022/03/29 	197.0	197.0	194.0	194.5	105000	2022/03/29 
2022/03/30 	195.5	196.0	195.0	196.0	61146	2022/03/30 
2022/03/31 	196.0	196.5	194.0	195.5	49050	2022/03/31 
2022/04/01 	194.0	195.0	193.0	193.5	70002	2022/04/01 
2022/04/06 	192.0	195.0	192.0	192.5	33000	2022/04/06 
2022/04/07 	192.5	192.5	189.0	190.0	59070	2022/04/07 
2022/04/08 	190.0	191.5	190.0	191.0	25000	2022/04/08 
2022/04/11 	192.0	192.5	186.5	186.5	44070	2022/04/11 
2022/04/12 	186.5	187.5	185.0	187.5	63185	2022/04/12 
2022/04/13 	187.5	191.0	187.5	189.0	25198	2022/04/13 
2022/04/14 	190.5	191.0	189.0	189.0	18000	2022/04/14 
2022/04/15 	189.0	189.0	187.5	187.5	33000	2022/04/15 
2022/04/18 	186.0	187.5	185.0	185.5	57100	2022/04/18 
2022/04/19 	187.5	187.5	185.5	186.0	9247	2022/04/19 
2022/04/20 	188.0	188.0	184.0	185.0	40001	2022/04/20 
2022/04/21 	186.0	186.5	185.0	186.0	42021	2022/04/21 
2022/04/22 	185.0	185.5	185.0	185.5	32000	2022/04/22 
2022/04/25 	185.0	185.0	181.5	182.0	64005	2022/04/25 
2022/04/26 	182.0	182.0	181.0	181.5	43242	2022/04/26 
2022/04/27 	181.0	181.0	177.5	180.0	49000	2022/04/27 
2022/04/28 	180.5	181.5	179.5	179.5	18050	2022/04/28 
2022/04/29 	180.0	182.0	180.0	182.0	26040	2022/04/29 
2022/05/03 	181.5	181.5	180.0	180.5	21000	2022/05/03 
2022/05/04 	181.5	181.5	179.5	180.5	25003	2022/05/04 
2022/05/05 	180.5	182.5	180.5	181.0	16000	2022/05/05 
2022/05/06 	178.0	180.5	178.0	180.5	25060	2022/05/06 
2022/05/09 	181.0	181.0	175.0	178.0	59033	2022/05/09 
2022/05/10 	176.0	177.0	175.0	177.0	36000	2022/05/10 
2022/05/11 	176.5	176.5	176.0	176.0	16010	2022/05/11 
2022/05/12 	176.5	177.0	176.0	176.0	48057	2022/05/12 
2022/05/13 	175.0	177.0	175.0	176.5	65420	2022/05/13 
2022/05/16 	177.0	179.0	177.0	178.5	26100	2022/05/16 
2022/05/17 	179.5	179.5	179.0	179.5	8165	2022/05/17 
2022/05/18 	181.0	182.0	179.0	180.5	45200	2022/05/18 
2022/05/19 	174.5	180.0	174.5	180.0	23150	2022/05/19 
2022/05/20 	180.0	180.0	177.5	178.5	5030	2022/05/20 
2022/05/23 	179.0	179.0	177.0	179.0	17100	2022/05/23 
2022/05/24 	179.0	180.0	178.5	178.5	19000	2022/05/24 
2022/05/25 	177.5	179.5	177.5	179.0	18008	2022/05/25 
2022/05/26 	180.0	182.0	178.0	178.0	37000	2022/05/26 
2022/05/27 	178.0	179.5	178.0	179.5	13010	2022/05/27 
2022/05/30 	181.0	184.5	181.0	184.0	54120	2022/05/30 
2022/05/31 	183.0	183.0	182.5	182.5	4008	2022/05/31 
2022/06/01 	184.5	185.0	182.5	183.0	47000	2022/06/01 
2022/06/02 	182.5	182.5	181.0	181.0	38350	2022/06/02 
2022/06/06 	180.5	181.0	179.0	181.0	19010	2022/06/06 
2022/06/07 	181.5	182.0	181.0	181.0	28005	2022/06/07 
2022/06/08 	182.5	182.5	181.0	181.5	25095	2022/06/08 
2022/06/09 	181.5	181.5	180.5	181.0	13000	2022/06/09 
2022/06/10 	181.0	184.5	180.0	183.0	45000	2022/06/10 
2022/06/13 	180.5	181.0	180.0	180.0	41000	2022/06/13 
2022/06/14 	178.5	179.5	178.0	179.5	20010	2022/06/14 
2022/06/15 	180.5	183.0	179.0	183.0	30653	2022/06/15 
2022/06/16 	184.5	186.5	183.5	183.5	68050	2022/06/16 
2022/06/17 	182.0	182.0	179.0	182.0	82000	2022/06/17 
2022/06/20 	182.0	182.0	177.5	178.5	32000	2022/06/20 
2022/06/21 	179.0	180.5	177.5	179.5	30070	2022/06/21 
2022/06/22 	181.0	181.0	177.0	177.0	37000	2022/06/22 
2022/06/23 	176.5	177.0	175.0	176.0	66000	2022/06/23 
2022/06/24 	175.5	177.5	175.5	175.5	18005	2022/06/24 
2022/06/27 	176.0	177.5	175.5	177.5	51003	2022/06/27 
2022/06/28 	177.5	177.5	175.0	176.0	28000	2022/06/28 
2022/06/29 	175.5	176.5	174.0	175.5	19000	2022/06/29 
2022/06/30 	176.5	176.5	170.5	170.5	47002	2022/06/30 
2022/07/01 	173.5	173.5	166.0	166.0	81100	2022/07/01 
2022/07/04 	166.0	166.0	163.0	165.0	46000	2022/07/04 
2022/07/05 	169.0	169.0	165.0	166.0	67590	2022/07/05 
2022/07/06 	167.0	167.0	162.0	162.0	45005	2022/07/06 
2022/07/07 	162.0	164.5	160.0	163.0	76050	2022/07/07 
2022/07/08 	165.0	166.0	164.0	165.5	77008	2022/07/08 
2022/07/11 	168.5	169.0	167.0	169.0	142631	2022/07/11 
2022/07/12 	154.0	155.0	150.0	150.5	59340	2022/07/12 
2022/07/13 	151.5	153.5	151.5	152.5	26000	2022/07/13 
2022/07/14 	154.5	154.5	152.5	153.0	40070	2022/07/14 
2022/07/15 	153.0	153.0	152.5	153.0	54151	2022/07/15 
2022/07/18 	152.0	154.5	152.0	153.5	17100	2022/07/18 
2022/07/19 	153.0	155.5	152.5	154.0	54234	2022/07/19 
2022/07/20 	155.0	156.0	153.0	155.5	89000	2022/07/20 
2022/07/21 	157.5	157.5	153.5	157.0	40093	2022/07/21 
2022/07/22 	157.0	158.0	156.0	157.5	62002	2022/07/22 
2022/07/25 	157.5	163.5	157.0	163.0	41021	2022/07/25 
2022/07/26 	161.0	166.0	160.5	163.0	56100	2022/07/26 
2022/07/27 	163.0	164.0	160.0	162.5	31050	2022/07/27 
2022/07/28 	163.5	163.5	161.0	163.0	43500	2022/07/28 
2022/07/29 	164.0	164.0	162.0	164.0	31041	2022/07/29 
2022/08/01 	164.0	164.0	162.5	163.0	44000	2022/08/01 
2022/08/02 	161.0	162.5	159.5	159.5	47000	2022/08/02 
2022/08/03 	160.0	160.5	156.0	158.5	57000	2022/08/03 
2022/08/04 	159.0	163.0	158.0	160.0	88064	2022/08/04 
2022/08/05 	160.0	162.5	159.0	159.0	176500	2022/08/05 
2022/08/08 	160.0	160.5	159.0	160.5	39020	2022/08/08 
2022/08/09 	159.0	160.5	158.5	160.0	35000	2022/08/09 
2022/08/10 	161.0	163.5	160.0	161.5	86005	2022/08/10 
2022/08/11 	163.5	163.5	161.5	162.5	67000	2022/08/11 
2022/08/12 	163.5	164.5	162.5	163.5	90470	2022/08/12 
2022/08/15 	165.0	165.5	163.5	164.5	127050	2022/08/15 
2022/08/16 	164.0	164.5	163.5	164.0	36000	2022/08/16 
2022/08/17 	164.0	166.5	163.5	165.5	114050	2022/08/17 
2022/08/18 	164.5	165.0	163.5	164.5	79187	2022/08/18 
2022/08/19 	166.0	166.5	165.0	166.0	95255	2022/08/19 
2022/08/22 	166.0	173.0	165.0	172.5	120000	2022/08/22 
2022/08/23 	169.0	172.5	168.5	170.5	124030	2022/08/23 
2022/08/24 	172.0	181.0	171.0	177.0	246106	2022/08/24 
2022/08/25 	177.5	181.5	177.5	178.5	216224	2022/08/25 
2022/08/26 	181.5	182.0	179.0	181.5	154314	2022/08/26 
2022/08/29 	178.0	178.0	174.5	176.0	167020	2022/08/29 
2022/08/30 	176.0	185.5	176.0	185.0	313020	2022/08/30 
2022/08/31 	185.0	187.5	181.5	182.0	217340	2022/08/31 
2022/09/01 	181.0	181.0	177.0	178.5	148203	2022/09/01 
2022/09/02 	180.5	180.5	174.5	177.0	101059	2022/09/02 
2022/09/05 	176.0	178.0	171.5	171.5	138153	2022/09/05 
2022/09/06 	170.5	173.5	170.0	171.0	103200	2022/09/06 
2022/09/07 	173.0	173.0	170.0	171.5	58041	2022/09/07 
2022/09/08 	172.0	175.0	172.0	175.0	54100	2022/09/08 
2022/09/12 	177.0	181.0	176.0	178.0	95150	2022/09/12 
2022/09/13 	180.0	183.0	178.0	178.0	154005	2022/09/13 
2022/09/14 	173.0	178.5	173.0	177.5	47000	2022/09/14 
2022/09/15 	179.0	180.0	178.0	178.0	52065	2022/09/15 
2022/09/16 	178.0	178.0	176.0	178.0	50002	2022/09/16 
2022/09/19 	179.0	179.0	171.0	172.5	108060	2022/09/19 
2022/09/20 	173.0	173.0	171.5	172.5	41024	2022/09/20 
2022/09/21 	173.0	175.0	172.0	172.0	47000	2022/09/21 
2022/09/22 	174.5	174.5	170.0	173.5	62000	2022/09/22 
2022/09/23 	174.0	175.0	172.0	174.5	57000	2022/09/23 
2022/09/26 	171.5	171.5	169.0	171.0	88000	2022/09/26 
2022/09/27 	170.5	171.5	168.0	171.0	53150	2022/09/27 
2022/09/28 	170.0	171.0	163.5	165.5	106000	2022/09/28 
2022/09/29 	167.5	168.0	164.5	167.5	32015	2022/09/29 
2022/09/30 	166.0	166.5	160.0	165.0	59240	2022/09/30 
2022/10/03 	166.0	167.0	164.0	165.0	11050	2022/10/03 
2022/10/04 	168.0	169.0	166.5	168.5	47412	2022/10/04 
2022/10/05 	169.0	174.0	168.5	168.5	51000	2022/10/05 
2022/10/06 	171.0	171.0	169.0	170.0	21024	2022/10/06 
2022/10/07 	172.5	172.5	169.5	171.0	29080	2022/10/07 
2022/10/11 	169.0	169.0	162.0	164.5	66025	2022/10/11 
2022/10/12 	164.0	164.0	159.5	161.5	96033	2022/10/12 
2022/10/13 	161.0	161.0	154.0	154.0	154025	2022/10/13 
2022/10/14 	156.0	160.0	156.0	159.5	32000	2022/10/14 
2022/10/17 	158.0	159.0	156.0	159.0	22005	2022/10/17 
2022/10/18 	158.5	160.0	156.0	159.0	41205	2022/10/18 
2022/10/19 	159.5	160.5	158.0	159.5	24000	2022/10/19 
2022/10/20 	158.0	158.0	155.0	157.5	47100	2022/10/20 
2022/10/21 	155.0	157.0	153.0	157.0	24025	2022/10/21 
2022/10/24 	159.0	159.0	157.0	157.5	16000	2022/10/24 
2022/10/25 	158.5	158.5	147.0	153.5	112003	2022/10/25 
2022/10/26 	153.0	154.0	150.0	151.5	42000	2022/10/26 
2022/10/27 	151.5	155.5	151.5	155.5	61000	2022/10/27 
2022/10/28 	155.5	155.5	147.5	153.5	65000	2022/10/28 
2022/10/31 	152.0	157.5	152.0	157.5	56047	2022/10/31 
2022/11/01 	157.5	160.0	157.0	159.0	43000	2022/11/01 
2022/11/02 	160.0	160.0	158.0	159.5	18000	2022/11/02 
2022/11/03 	159.0	162.5	158.5	162.0	51241	2022/11/03 
2022/11/04 	176.5	177.5	170.0	174.0	281050	2022/11/04 
2022/11/07 	178.5	178.5	173.5	174.5	104032	2022/11/07 
2022/11/08 	174.0	174.5	174.0	174.5	62052	2022/11/08 
2022/11/09 	174.5	175.0	173.0	174.5	76010	2022/11/09 
2022/11/10 	174.5	175.5	173.5	175.0	92000	2022/11/10 
2022/11/11 	175.5	177.5	175.0	176.0	195000	2022/11/11 
2022/11/14 	176.0	179.5	176.0	177.5	149220	2022/11/14 
2022/11/15 	179.0	187.5	179.0	185.5	574115	2022/11/15 
2022/11/16 	186.5	187.0	181.0	183.5	319267	2022/11/16 
2022/11/17 	187.0	188.0	183.0	186.5	163202	2022/11/17 
2022/11/18 	187.5	187.5	184.5	185.0	105116	2022/11/18 
2022/11/21 	185.0	189.5	185.0	189.0	172640	2022/11/21 
2022/11/22 	191.5	193.0	187.5	189.5	173098	2022/11/22 
2022/11/23 	191.0	192.0	189.5	191.0	121071	2022/11/23 
2022/11/24 	193.0	193.0	191.0	192.5	139873	2022/11/24 
2022/11/25 	194.0	194.0	190.5	191.5	95250	2022/11/25 
2022/11/28 	190.0	193.5	190.0	192.5	113001	2022/11/28 
2022/11/29 	192.5	196.5	192.5	194.0	153000	2022/11/29 
2022/11/30 	194.5	196.5	194.0	195.5	104043	2022/11/30 
2022/12/01 	197.0	197.5	194.5	195.5	104200	2022/12/01 
2022/12/02 	195.5	200.0	194.5	195.0	259936	2022/12/02 
2022/12/05 	196.0	198.5	194.0	196.0	227300	2022/12/05 
2022/12/06 	196.0	197.0	192.5	194.5	173201	2022/12/06 
2022/12/07 	196.0	198.0	195.0	196.0	147001	2022/12/07 
2022/12/08 	196.5	200.0	194.5	200.0	179131	2022/12/08 
2022/12/09 	199.0	201.5	197.5	198.0	114064	2022/12/09 
2022/12/12 	197.0	197.5	196.5	197.5	50130	2022/12/12 
2022/12/13 	199.0	203.0	194.5	196.0	382222	2022/12/13 
2022/12/14 	196.0	197.5	195.0	197.0	57032	2022/12/14 
2022/12/15 	197.0	198.0	195.5	197.0	62000	2022/12/15 
2022/12/16 	195.0	196.0	193.0	193.0	187011	2022/12/16 
2022/12/19 	190.5	198.5	190.5	198.5	197302	2022/12/19 
2022/12/20 	197.5	198.0	192.5	195.0	105348	2022/12/20 
2022/12/21 	194.5	197.0	194.5	196.5	46050	2022/12/21 
2022/12/22 	197.0	197.5	196.0	196.5	56007	2022/12/22 
2022/12/23 	193.0	197.0	193.0	197.0	41051	2022/12/23 
2022/12/26 	197.0	197.5	195.5	197.0	33000	2022/12/26 
2022/12/27 	197.5	198.0	196.0	198.0	56170	2022/12/27 
2022/12/28 	198.0	198.0	196.5	198.0	73000	2022/12/28 
2022/12/29 	198.0	198.0	196.0	198.0	71100	2022/12/29 
2022/12/30 	198.0	199.0	197.0	199.0	80005	2022/12/30 
2023/01/03 	199.0	202.0	198.0	202.0	194065	2023/01/03 
2023/01/04 	198.0	201.0	198.0	200.0	101025	2023/01/04 
2023/01/05 	201.5	204.5	200.0	203.5	133260	2023/01/05 
2023/01/06 	204.5	205.0	202.0	203.5	78000	2023/01/06 
2023/01/09 	205.0	206.0	201.0	203.0	138063	2023/01/09 
2023/01/10 	202.5	203.0	200.5	201.5	75000	2023/01/10 
2023/01/11 	201.5	203.5	200.5	203.0	53065	2023/01/11 
2023/01/12 	203.5	203.5	201.5	202.5	41010	2023/01/12 
2023/01/13 	203.0	203.0	198.5	199.5	93002	2023/01/13 
2023/01/16 	200.0	200.5	198.5	200.0	46019	2023/01/16 
2023/01/17 	200.0	200.0	198.5	199.0	32000	2023/01/17 
2023/01/30 	203.0	205.0	202.0	204.5	143150	2023/01/30 
2023/01/31 	205.0	218.0	205.0	215.5	381220	2023/01/31 
2023/02/01 	219.0	219.0	213.5	216.5	159204	2023/02/01 
2023/02/02 	217.0	221.0	216.5	217.5	147032	2023/02/02 
2023/02/03 	218.0	228.5	218.0	227.0	444214	2023/02/03 
2023/02/06 	227.0	234.0	226.0	230.0	344260	2023/02/06 
2023/02/07 	234.5	242.0	231.0	238.5	698184	2023/02/07 
2023/02/08 	240.0	242.5	237.0	240.0	477132	2023/02/08 
2023/02/09 	240.5	248.0	240.5	241.5	449000	2023/02/09 
2023/02/10 	240.5	240.5	233.0	237.0	319220	2023/02/10 
2023/02/13 	237.0	239.5	232.5	237.0	141008	2023/02/13 
2023/02/14 	238.0	240.5	238.0	238.5	115070	2023/02/14 
2023/02/15 	239.5	242.5	237.5	238.5	173200	2023/02/15 
2023/02/16 	240.0	242.0	238.0	242.0	175266	2023/02/16 
2023/02/17 	242.0	253.0	242.0	250.0	574310	2023/02/17 
2023/02/20 	257.0	267.5	254.0	263.0	961350	2023/02/20 
2023/02/21 	263.0	278.5	258.0	276.0	1118530	2023/02/21 
2023/02/22 	275.0	285.0	272.0	277.0	1349623	2023/02/22 
2023/02/23 	281.5	293.5	281.0	292.0	1657306	2023/02/23 
2023/02/24 	295.5	296.0	275.0	284.0	1266175	2023/02/24 
2023/03/01 	284.0	286.0	278.5	283.0	368100	2023/03/01 
2023/03/02 	285.0	293.0	285.0	288.5	654200	2023/03/02 
2023/03/03 	291.0	291.0	282.5	288.5	480290	2023/03/03 
2023/03/06 	290.0	292.0	287.0	290.0	397210	2023/03/06 
2023/03/07 	290.0	290.0	284.0	286.5	341100	2023/03/07 
2023/03/08 	287.0	290.5	284.0	289.0	377134	2023/03/08 
