Date	Open	High	Low	Close	Volume	Date
2018/11/19 	56.5	85.0	49.0	56.5	364663	2018/11/19 
2018/11/20 	50.400001525878906	57.5	50.0	50.400001525878906	334170	2018/11/20 
2018/11/21 	52.5	54.0	48.0	52.5	271306	2018/11/21 
2018/11/22 	54.0	54.5	52.0	54.0	200395	2018/11/22 
2018/11/23 	54.0	54.5	53.400001525878906	54.0	122966	2018/11/23 
2018/11/26 	53.0	54.0	52.84000015258789	53.0	60628	2018/11/26 
2018/11/27 	53.150001525878906	53.20000076293945	53.0	53.150001525878906	37262	2018/11/27 
2018/11/28 	53.29999923706055	53.349998474121094	52.900001525878906	53.29999923706055	70867	2018/11/28 
2018/11/29 	53.5	53.5	53.0	53.5	136604	2018/11/29 
2018/11/30 	53.45000076293945	53.599998474121094	53.04999923706055	53.45000076293945	84633	2018/11/30 
2018/12/03 	60.0	61.4900016784668	53.5	60.0	398972	2018/12/03 
2018/12/04 	58.70000076293945	60.0	57.810001373291016	58.70000076293945	120270	2018/12/04 
2018/12/05 	57.900001525878906	58.400001525878906	55.20000076293945	57.900001525878906	109902	2018/12/05 
2018/12/06 	57.0	58.20000076293945	56.810001373291016	57.0	89935	2018/12/06 
2018/12/07 	57.689998626708984	57.97999954223633	56.900001525878906	57.689998626708984	30700	2018/12/07 
2018/12/10 	57.20000076293945	57.279998779296875	56.900001525878906	57.20000076293945	66000	2018/12/10 
2018/12/11 	56.0	57.0	56.0	56.0	64200	2018/12/11 
2018/12/12 	56.099998474121094	56.5	55.5	56.099998474121094	53110	2018/12/12 
2018/12/13 	56.0	56.099998474121094	55.5	56.0	24090	2018/12/13 
2018/12/14 	55.0	56.0	55.0	55.0	31860	2018/12/14 
2018/12/17 	55.189998626708984	55.400001525878906	54.849998474121094	55.189998626708984	422267	2018/12/17 
2018/12/18 	55.29999923706055	55.29999923706055	54.83000183105469	55.29999923706055	38100	2018/12/18 
2018/12/19 	55.0	55.18000030517578	54.95000076293945	55.0	34000	2018/12/19 
2018/12/20 	54.900001525878906	55.25	54.79999923706055	54.900001525878906	38200	2018/12/20 
2018/12/21 	54.02000045776367	54.52000045776367	54.0	54.02000045776367	68870	2018/12/21 
2018/12/24 	53.70000076293945	54.150001525878906	53.70000076293945	53.70000076293945	29600	2018/12/24 
2018/12/25 	53.599998474121094	53.79999923706055	53.0	53.599998474121094	33000	2018/12/25 
2018/12/26 	52.099998474121094	53.599998474121094	51.91999816894531	52.099998474121094	60600	2018/12/26 
2018/12/27 	51.349998474121094	53.0	50.79999923706055	51.349998474121094	459900	2018/12/27 
2018/12/28 	50.84000015258789	51.20000076293945	49.869998931884766	50.84000015258789	89400	2018/12/28 
2019/01/02 	50.15999984741211	50.5	50.0	50.15999984741211	45200	2019/01/02 
2019/01/03 	49.900001525878906	50.150001525878906	49.900001525878906	49.900001525878906	63000	2019/01/03 
2019/01/04 	50.099998474121094	50.099998474121094	49.900001525878906	50.099998474121094	20000	2019/01/04 
2019/01/07 	49.900001525878906	50.20000076293945	49.900001525878906	49.900001525878906	3005	2019/01/07 
2019/01/08 	50.099998474121094	50.15999984741211	49.9900016784668	50.099998474121094	5000	2019/01/08 
2019/01/09 	50.29999923706055	50.29999923706055	50.0	50.29999923706055	45020	2019/01/09 
2019/01/10 	50.79999923706055	50.79999923706055	50.06999969482422	50.79999923706055	51700	2019/01/10 
2019/01/11 	52.0	52.189998626708984	50.41999816894531	52.0	140100	2019/01/11 
2019/01/14 	51.7599983215332	52.150001525878906	51.5	51.7599983215332	66000	2019/01/14 
2019/01/15 	51.79999923706055	51.79999923706055	51.099998474121094	51.79999923706055	16160	2019/01/15 
2019/01/16 	51.88999938964844	51.88999938964844	51.33000183105469	51.88999938964844	49001	2019/01/16 
2019/01/17 	51.189998626708984	51.9900016784668	50.79999923706055	51.189998626708984	43195	2019/01/17 
2019/01/18 	50.099998474121094	51.15999984741211	49.900001525878906	50.099998474121094	32840	2019/01/18 
2019/01/21 	50.0	50.689998626708984	49.400001525878906	50.0	101130	2019/01/21 
2019/01/22 	49.150001525878906	49.70000076293945	48.79999923706055	49.150001525878906	94070	2019/01/22 
2019/01/23 	49.779998779296875	49.779998779296875	49.0	49.779998779296875	14700	2019/01/23 
2019/01/24 	49.65999984741211	50.02000045776367	49.0	49.65999984741211	78000	2019/01/24 
2019/01/25 	49.70000076293945	49.70000076293945	49.70000076293945	49.70000076293945	6500	2019/01/25 
2019/01/28 	49.70000076293945	50.18000030517578	49.70000076293945	49.70000076293945	32300	2019/01/28 
2019/01/29 	49.97999954223633	49.97999954223633	49.599998474121094	49.97999954223633	32000	2019/01/29 
2019/01/30 	52.0	52.9900016784668	49.900001525878906	52.0	145600	2019/01/30 
2019/02/11 	53.15999984741211	53.189998626708984	51.54999923706055	53.15999984741211	240430	2019/02/11 
2019/02/12 	52.5	52.9900016784668	51.83000183105469	52.5	141600	2019/02/12 
2019/02/13 	52.15999984741211	52.63999938964844	51.849998474121094	52.15999984741211	28050	2019/02/13 
2019/02/14 	52.20000076293945	52.4900016784668	51.5	52.20000076293945	58005	2019/02/14 
2019/02/15 	51.79999923706055	52.5	51.79999923706055	51.79999923706055	74650	2019/02/15 
2019/02/18 	52.25	52.4900016784668	52.20000076293945	52.25	36066	2019/02/18 
2019/02/19 	52.36000061035156	52.400001525878906	52.189998626708984	52.36000061035156	21732	2019/02/19 
2019/02/20 	52.099998474121094	52.36000061035156	52.0	52.099998474121094	36450	2019/02/20 
2019/02/21 	52.29999923706055	52.65999984741211	51.79999923706055	52.29999923706055	38365	2019/02/21 
2019/02/22 	52.20000076293945	52.20000076293945	51.79999923706055	52.20000076293945	36448	2019/02/22 
2019/02/25 	52.5	52.689998626708984	52.099998474121094	52.5	89830	2019/02/25 
2019/02/26 	52.0	52.5	51.70000076293945	52.0	92040	2019/02/26 
2019/02/27 	52.15999984741211	52.4900016784668	52.0	52.15999984741211	40500	2019/02/27 
2019/03/04 	52.47999954223633	52.47999954223633	52.11000061035156	52.47999954223633	42250	2019/03/04 
2019/03/05 	52.150001525878906	52.459999084472656	52.11000061035156	52.150001525878906	32100	2019/03/05 
2019/03/06 	52.2599983215332	52.2599983215332	52.099998474121094	52.2599983215332	22435	2019/03/06 
2019/03/07 	52.099998474121094	52.290000915527344	51.79999923706055	52.099998474121094	68300	2019/03/07 
2019/03/08 	51.79999923706055	52.15999984741211	51.70000076293945	51.79999923706055	40000	2019/03/08 
2019/03/11 	52.459999084472656	52.599998474121094	52.0	52.459999084472656	18200	2019/03/11 
2019/03/12 	52.5	52.5	52.099998474121094	52.5	86000	2019/03/12 
2019/03/13 	52.5	52.5	52.29999923706055	52.5	14000	2019/03/13 
2019/03/14 	52.5	52.5	52.20000076293945	52.5	26010	2019/03/14 
2019/03/15 	52.4900016784668	52.65999984741211	52.31999969482422	52.4900016784668	31000	2019/03/15 
2019/03/18 	57.70000076293945	58.099998474121094	52.66999816894531	57.70000076293945	441794	2019/03/18 
2019/03/19 	56.0	60.0	54.83000183105469	56.0	372263	2019/03/19 
2019/03/20 	56.689998626708984	57.0099983215332	56.0	56.689998626708984	138121	2019/03/20 
2019/03/21 	56.29999923706055	56.470001220703125	55.900001525878906	56.29999923706055	137721	2019/03/21 
2019/03/22 	57.68000030517578	57.68000030517578	55.83000183105469	57.68000030517578	219403	2019/03/22 
2019/03/25 	56.650001525878906	56.9900016784668	55.79999923706055	56.650001525878906	85106	2019/03/25 
2019/03/26 	56.400001525878906	56.5	56.0	56.400001525878906	137442	2019/03/26 
2019/03/27 	56.150001525878906	56.20000076293945	55.900001525878906	56.150001525878906	63203	2019/03/27 
2019/03/28 	56.09000015258789	56.20000076293945	55.470001220703125	56.09000015258789	125963	2019/03/28 
2019/03/29 	56.15999984741211	56.15999984741211	55.70000076293945	56.15999984741211	67455	2019/03/29 
2019/04/01 	62.189998626708984	62.5	56.15999984741211	62.189998626708984	431229	2019/04/01 
2019/04/02 	61.5	62.0	60.5	61.5	342370	2019/04/02 
2019/04/03 	63.79999923706055	64.48999786376953	61.20000076293945	63.79999923706055	499567	2019/04/03 
2019/04/08 	70.3499984741211	71.0	64.19999694824219	70.3499984741211	1123059	2019/04/08 
2019/04/09 	71.0	71.75	70.0	71.0	881421	2019/04/09 
2019/04/10 	69.80999755859375	71.0	69.19999694824219	69.80999755859375	502779	2019/04/10 
2019/04/11 	69.1500015258789	70.23999786376953	69.0	69.1500015258789	200730	2019/04/11 
2019/04/12 	66.80000305175781	69.72000122070312	65.80000305175781	66.80000305175781	514804	2019/04/12 
2019/04/15 	67.0	67.19000244140625	66.0	67.0	126650	2019/04/15 
2019/04/16 	67.33000183105469	68.0	66.52999877929688	67.33000183105469	210937	2019/04/16 
2019/04/17 	69.0	69.72000122070312	67.98999786376953	69.0	362084	2019/04/17 
2019/04/18 	68.69999694824219	71.5	67.5	68.69999694824219	417427	2019/04/18 
2019/04/19 	68.0	68.69999694824219	67.80000305175781	68.0	105981	2019/04/19 
2019/04/22 	68.08999633789062	68.30000305175781	67.80999755859375	68.08999633789062	62702	2019/04/22 
2019/04/23 	68.51000213623047	68.98999786376953	68.08999633789062	68.51000213623047	58020	2019/04/23 
2019/04/24 	68.5	68.80000305175781	68.0	68.5	133200	2019/04/24 
2019/04/25 	67.66999816894531	68.30000305175781	67.4000015258789	67.66999816894531	132620	2019/04/25 
2019/04/26 	66.66999816894531	67.66999816894531	66.30999755859375	66.66999816894531	87844	2019/04/26 
2019/04/29 	66.0	66.66999816894531	66.0	66.0	92000	2019/04/29 
2019/04/30 	66.25	66.2699966430664	66.01000213623047	66.25	41600	2019/04/30 
2019/05/02 	66.19999694824219	66.2699966430664	65.80999755859375	66.19999694824219	66200	2019/05/02 
2019/05/03 	67.22000122070312	68.0	66.23999786376953	67.22000122070312	128990	2019/05/03 
2019/05/06 	67.25	67.48999786376953	66.70999908447266	67.25	160352	2019/05/06 
2019/05/07 	67.4000015258789	67.98999786376953	66.9000015258789	67.4000015258789	59568	2019/05/07 
2019/05/08 	67.29000091552734	67.29000091552734	66.69999694824219	67.29000091552734	35001	2019/05/08 
2019/05/09 	67.19000244140625	67.48999786376953	66.77999877929688	67.19000244140625	132502	2019/05/09 
2019/05/10 	68.5	69.62000274658203	67.19999694824219	68.5	263128	2019/05/10 
2019/05/13 	67.5	68.41000366210938	66.5	67.5	88330	2019/05/13 
2019/05/14 	67.0	67.48999786376953	66.20999908447266	67.0	89030	2019/05/14 
2019/05/15 	70.19000244140625	70.98999786376953	67.0	70.19000244140625	358696	2019/05/15 
2019/05/16 	69.98999786376953	70.5	69.5	69.98999786376953	163193	2019/05/16 
2019/05/17 	68.79000091552734	69.5	68.27999877929688	68.79000091552734	76282	2019/05/17 
2019/05/20 	67.69999694824219	69.0	67.01000213623047	67.69999694824219	74062	2019/05/20 
2019/05/21 	67.69999694824219	67.87999725341797	67.19999694824219	67.69999694824219	63052	2019/05/21 
2019/05/22 	66.61000061035156	67.69999694824219	66.5	66.61000061035156	102394	2019/05/22 
2019/05/23 	66.69999694824219	66.69999694824219	66.0	66.69999694824219	89800	2019/05/23 
2019/05/24 	68.1500015258789	68.69000244140625	66.4000015258789	68.1500015258789	103000	2019/05/24 
2019/05/27 	68.48999786376953	68.5999984741211	68.0	68.48999786376953	63100	2019/05/27 
2019/05/28 	68.0	68.23999786376953	67.5	68.0	38100	2019/05/28 
2019/05/29 	67.38999938964844	67.4000015258789	67.0	67.38999938964844	33100	2019/05/29 
2019/05/30 	67.5	67.5	67.0999984741211	67.5	62900	2019/05/30 
2019/05/31 	67.5	67.51000213623047	67.06999969482422	67.5	59100	2019/05/31 
2019/06/03 	67.1500015258789	67.55000305175781	66.9000015258789	67.1500015258789	111150	2019/06/03 
2019/06/04 	67.30000305175781	67.69000244140625	67.0999984741211	67.30000305175781	56000	2019/06/04 
2019/06/05 	67.27999877929688	67.5	67.0	67.27999877929688	65300	2019/06/05 
2019/06/06 	66.5	67.27999877929688	66.4800033569336	66.5	94844	2019/06/06 
2019/06/10 	67.19000244140625	67.19999694824219	66.5999984741211	67.19000244140625	30020	2019/06/10 
2019/06/11 	66.79000091552734	67.2300033569336	66.58999633789062	66.79000091552734	61800	2019/06/11 
2019/06/12 	66.20999908447266	66.98999786376953	66.19999694824219	66.20999908447266	90630	2019/06/12 
2019/06/13 	63.0	66.5	61.04999923706055	63.0	640315	2019/06/13 
2019/06/14 	62.0	64.19999694824219	61.0	62.0	160005	2019/06/14 
2019/06/17 	62.70000076293945	63.29999923706055	61.9900016784668	62.70000076293945	208382	2019/06/17 
2019/06/18 	63.29999923706055	64.37999725341797	62.099998474121094	63.29999923706055	46756	2019/06/18 
2019/06/19 	66.0	67.30000305175781	64.0	66.0	81655	2019/06/19 
2019/06/20 	66.48999786376953	66.75	66.1500015258789	66.48999786376953	69503	2019/06/20 
2019/06/21 	66.5	66.69999694824219	66.0	66.5	70000	2019/06/21 
2019/06/24 	66.4000015258789	66.75	66.30000305175781	66.4000015258789	39011	2019/06/24 
2019/06/25 	66.5	66.9000015258789	66.41999816894531	66.5	45020	2019/06/25 
2019/06/26 	66.30000305175781	66.30000305175781	66.0	66.19999694824219	47000	2019/06/26 
2019/06/27 	66.0999984741211	66.30000305175781	65.30000305175781	65.8499984741211	63810	2019/06/27 
2019/06/28 	65.5	65.5	65.19999694824219	65.4800033569336	25250	2019/06/28 
2019/07/01 	66.0	66.69999694824219	66.0	66.5999984741211	80140	2019/07/01 
2019/07/02 	67.0	67.0	65.9000015258789	66.38999938964844	65429	2019/07/02 
2019/07/03 	66.19999694824219	66.30999755859375	65.9000015258789	66.01000213623047	36100	2019/07/03 
2019/07/04 	66.19999694824219	66.4000015258789	66.0	66.0999984741211	34183	2019/07/04 
2019/07/05 	66.77999877929688	67.33999633789062	66.69000244140625	66.69000244140625	154727	2019/07/05 
2019/07/08 	67.0999984741211	67.19000244140625	66.9000015258789	66.93000030517578	42800	2019/07/08 
2019/07/09 	67.13999938964844	67.20999908447266	66.91000366210938	66.91000366210938	49005	2019/07/09 
2019/07/10 	66.8499984741211	67.18000030517578	66.69999694824219	67.18000030517578	65866	2019/07/10 
2019/07/11 	67.19999694824219	67.48999786376953	66.9800033569336	67.27999877929688	93898	2019/07/11 
2019/07/12 	67.29000091552734	67.29000091552734	66.80000305175781	67.20999908447266	59248	2019/07/12 
2019/07/15 	67.18000030517578	67.19999694824219	66.69999694824219	67.18000030517578	88504	2019/07/15 
2019/07/16 	66.5999984741211	67.13999938964844	66.58999633789062	67.0	45001	2019/07/16 
2019/07/17 	67.04000091552734	67.04000091552734	66.0	66.44000244140625	90825	2019/07/17 
2019/07/18 	66.01000213623047	66.01000213623047	63.0	64.30000305175781	108005	2019/07/18 
2019/07/19 	64.79000091552734	64.79000091552734	63.5	64.5999984741211	89911	2019/07/19 
2019/07/22 	64.79000091552734	65.30000305175781	64.4000015258789	64.69999694824219	117050	2019/07/22 
2019/07/23 	64.98999786376953	65.25	63.95000076293945	64.19999694824219	138888	2019/07/23 
2019/07/24 	64.19999694824219	64.4000015258789	64.0	64.4000015258789	57950	2019/07/24 
2019/07/25 	64.0999984741211	64.5	64.01000213623047	64.30000305175781	56000	2019/07/25 
2019/07/26 	63.0	65.0	58.900001525878906	63.400001525878906	592782	2019/07/26 
2019/07/29 	63.52000045776367	65.20999908447266	62.5	65.20999908447266	282901	2019/07/29 
2019/07/30 	64.0	64.58999633789062	64.0	64.44999694824219	78101	2019/07/30 
2019/07/31 	64.19999694824219	66.18000030517578	64.0	65.80000305175781	166550	2019/07/31 
2019/08/01 	65.9000015258789	70.0	65.9000015258789	68.38999938964844	708165	2019/08/01 
2019/08/02 	67.0	67.0	65.3499984741211	66.0	198104	2019/08/02 
2019/08/05 	65.80000305175781	66.0	65.0	65.79000091552734	51590	2019/08/05 
2019/08/06 	64.5	65.0	64.0	64.80000305175781	93950	2019/08/06 
2019/08/07 	64.5	68.0	64.5	66.98999786376953	194319	2019/08/07 
2019/08/08 	66.0	66.5	64.69999694824219	65.0	273013	2019/08/08 
2019/08/12 	63.0	64.30000305175781	62.0	64.23999786376953	118751	2019/08/12 
2019/08/13 	64.29000091552734	65.0	64.19999694824219	64.98999786376953	83500	2019/08/13 
2019/08/14 	65.5	66.5	64.5	64.69999694824219	181751	2019/08/14 
2019/08/15 	64.0	65.0	63.599998474121094	65.0	102800	2019/08/15 
2019/08/16 	64.5	65.5	63.810001373291016	64.4000015258789	108350	2019/08/16 
2019/08/19 	64.75	65.30000305175781	64.4000015258789	64.97000122070312	55220	2019/08/19 
2019/08/20 	64.5	64.95999908447266	63.810001373291016	64.5	90750	2019/08/20 
2019/08/21 	64.0	64.5	63.5	64.0	79850	2019/08/21 
2019/08/22 	64.0999984741211	65.0	63.900001525878906	65.0	116600	2019/08/22 
2019/08/23 	65.0	65.38999938964844	64.69999694824219	65.38999938964844	92415	2019/08/23 
2019/08/26 	65.5	65.5	64.0	64.5	79230	2019/08/26 
2019/08/27 	64.0	65.0	64.0	64.9000015258789	53080	2019/08/27 
2019/08/28 	64.30999755859375	64.51000213623047	64.01000213623047	64.01000213623047	37300	2019/08/28 
2019/08/29 	64.70999908447266	65.0	64.0	64.69999694824219	90250	2019/08/29 
2019/08/30 	64.98999786376953	65.30000305175781	64.5	65.19999694824219	100710	2019/08/30 
2019/09/02 	64.5999984741211	65.0	64.38999938964844	65.0	77139	2019/09/02 
2019/09/03 	64.66999816894531	65.48999786376953	64.4000015258789	65.30000305175781	69610	2019/09/03 
2019/09/04 	65.36000061035156	68.5	65.19999694824219	67.80000305175781	410378	2019/09/04 
2019/09/05 	67.80000305175781	68.5	67.0	67.30000305175781	233828	2019/09/05 
2019/09/06 	67.98999786376953	68.0	65.51000213623047	66.5999984741211	146900	2019/09/06 
2019/09/10 	66.23999786376953	66.61000061035156	65.80999755859375	66.58999633789062	68766	2019/09/10 
2019/09/11 	66.0999984741211	68.0	66.0999984741211	67.63999938964844	175812	2019/09/11 
2019/09/12 	67.5	69.05999755859375	67.22000122070312	68.73999786376953	481120	2019/09/12 
2019/09/16 	68.75	70.98999786376953	68.75	70.0	470232	2019/09/16 
2019/09/17 	70.0	70.05000305175781	68.0	68.80000305175781	191860	2019/09/17 
2019/09/18 	69.0	69.22000122070312	68.4000015258789	69.08999633789062	91109	2019/09/18 
2019/09/19 	69.0999984741211	69.48999786376953	69.0	69.30000305175781	141718	2019/09/19 
2019/09/20 	69.0	69.25	67.77999877929688	68.41999816894531	152370	2019/09/20 
2019/09/23 	68.0999984741211	68.19999694824219	67.88999938964844	68.0999984741211	77490	2019/09/23 
2019/09/24 	68.0999984741211	71.0	68.0999984741211	69.5	223188	2019/09/24 
2019/09/25 	69.0	69.2300033569336	68.19999694824219	68.69999694824219	105691	2019/09/25 
2019/09/26 	69.4000015258789	70.4000015258789	69.11000061035156	69.6500015258789	181901	2019/09/26 
2019/09/27 	69.22000122070312	69.5	68.44999694824219	68.80000305175781	142055	2019/09/27 
2019/10/01 	68.88999938964844	69.01000213623047	68.5999984741211	68.94999694824219	67750	2019/10/01 
2019/10/02 	68.66000366210938	69.5999984741211	68.55999755859375	69.0	80050	2019/10/02 
2019/10/03 	68.69999694824219	68.80000305175781	68.36000061035156	68.80000305175781	123835	2019/10/03 
2019/10/04 	68.9000015258789	69.5	68.69999694824219	68.9000015258789	69950	2019/10/04 
2019/10/07 	69.19999694824219	69.30000305175781	68.80999755859375	68.91000366210938	162056	2019/10/07 
2019/10/08 	69.0	69.9000015258789	69.0	69.5	144376	2019/10/08 
2019/10/09 	69.5	69.69999694824219	69.19999694824219	69.5	144842	2019/10/09 
2019/10/14 	69.51000213623047	70.0	69.30000305175781	69.4000015258789	195588	2019/10/14 
2019/10/15 	69.73999786376953	69.80000305175781	69.19999694824219	69.5199966430664	108530	2019/10/15 
2019/10/16 	69.55000305175781	69.55000305175781	68.75	69.20999908447266	238229	2019/10/16 
2019/10/17 	69.25	70.22000122070312	69.19999694824219	70.22000122070312	319898	2019/10/17 
2019/10/18 	70.22000122070312	70.5	69.7300033569336	70.13999938964844	332402	2019/10/18 
2019/10/21 	70.13999938964844	71.88999938964844	70.0	70.9000015258789	903029	2019/10/21 
2019/10/22 	71.0	72.48999786376953	70.9000015258789	72.4000015258789	554271	2019/10/22 
2019/10/23 	72.7300033569336	75.5	72.5	75.43000030517578	1093157	2019/10/23 
2019/10/24 	75.44999694824219	76.30000305175781	74.80000305175781	75.4000015258789	662536	2019/10/24 
2019/10/25 	75.4000015258789	78.0199966430664	75.4000015258789	77.80000305175781	714230	2019/10/25 
2019/10/28 	78.0	85.30000305175781	78.0	83.0	1265876	2019/10/28 
2019/10/29 	84.2699966430664	84.2699966430664	81.54000091552734	82.25	992944	2019/10/29 
2019/10/30 	82.25	83.26000213623047	81.0	81.58999633789062	412730	2019/10/30 
2019/10/31 	81.69999694824219	81.69999694824219	78.30000305175781	79.5	733763	2019/10/31 
2019/11/01 	79.5	79.5999984741211	76.7699966430664	76.7699966430664	533222	2019/11/01 
2019/11/04 	77.0	80.0	76.01000213623047	79.0	539566	2019/11/04 
2019/11/05 	78.30999755859375	78.98999786376953	77.0	78.19999694824219	220841	2019/11/05 
2019/11/06 	78.98999786376953	79.9800033569336	78.4000015258789	78.8499984741211	385374	2019/11/06 
2019/11/07 	78.8499984741211	78.98999786376953	77.80000305175781	77.80000305175781	155640	2019/11/07 
2019/11/08 	78.0999984741211	78.5	77.5999984741211	77.69999694824219	124233	2019/11/08 
2019/11/11 	77.5	77.75	73.01000213623047	75.30000305175781	514788	2019/11/11 
2019/11/12 	75.30000305175781	75.30000305175781	74.5999984741211	75.08000183105469	107262	2019/11/12 
2019/11/13 	75.0	75.30000305175781	74.80000305175781	75.19000244140625	162451	2019/11/13 
2019/11/14 	75.0999984741211	77.80000305175781	73.76000213623047	77.80000305175781	376663	2019/11/14 
2019/11/15 	77.5	79.9000015258789	76.5	79.0	475229	2019/11/15 
2019/11/18 	79.23999786376953	79.29000091552734	77.80999755859375	78.36000061035156	329499	2019/11/18 
2019/11/19 	78.4800033569336	78.4800033569336	77.25	78.27999877929688	292716	2019/11/19 
2019/11/20 	78.4000015258789	82.0	78.4000015258789	81.30000305175781	956288	2019/11/20 
2019/11/21 	81.98999786376953	82.0	78.8499984741211	80.19999694824219	623030	2019/11/21 
2019/11/22 	80.25	83.13999938964844	79.98999786376953	83.13999938964844	712578	2019/11/22 
2019/11/25 	83.5	85.0	82.73999786376953	84.38999938964844	914785	2019/11/25 
2019/11/26 	84.98999786376953	84.98999786376953	82.0	82.9000015258789	439818	2019/11/26 
2019/11/27 	83.4800033569336	85.27999877929688	83.4800033569336	84.19999694824219	633130	2019/11/27 
2019/11/28 	84.80999755859375	86.76000213623047	82.69999694824219	84.30000305175781	1315932	2019/11/28 
2019/11/29 	85.19999694824219	85.19999694824219	81.5	81.75	533600	2019/11/29 
2019/12/02 	81.75	82.30000305175781	80.80000305175781	81.69000244140625	371348	2019/12/02 
2019/12/03 	81.0	81.0	80.0	80.48999786376953	375295	2019/12/03 
2019/12/04 	80.4800033569336	80.5999984741211	78.51000213623047	79.0	402869	2019/12/04 
2019/12/05 	79.5	83.0	78.98999786376953	81.75	911773	2019/12/05 
2019/12/06 	82.0	82.05999755859375	81.01000213623047	81.94000244140625	436677	2019/12/06 
2019/12/09 	81.94999694824219	84.29000091552734	81.9000015258789	82.62000274658203	582612	2019/12/09 
2019/12/10 	82.87000274658203	82.87000274658203	79.76000213623047	80.18000030517578	553568	2019/12/10 
2019/12/11 	79.75	80.25	79.44999694824219	80.0999984741211	353625	2019/12/11 
2019/12/12 	79.69999694824219	79.98999786376953	78.45999908447266	79.05000305175781	383691	2019/12/12 
2019/12/13 	79.0	81.0	77.76000213623047	79.01000213623047	803890	2019/12/13 
2019/12/16 	79.69999694824219	80.98999786376953	79.5999984741211	80.25	364000	2019/12/16 
2019/12/17 	80.48999786376953	83.80000305175781	80.25	82.30000305175781	1085669	2019/12/17 
2019/12/18 	81.5	82.0	79.66000366210938	79.76000213623047	684718	2019/12/18 
2019/12/19 	80.0	83.5	79.0	80.5	3030170	2019/12/19 
2019/12/20 	81.0999984741211	91.5	81.0999984741211	91.4000015258789	4797249	2019/12/20 
2019/12/23 	91.30000305175781	97.9000015258789	90.0	96.0999984741211	4124548	2019/12/23 
2019/12/24 	94.9000015258789	98.0	94.30000305175781	96.5	2528444	2019/12/24 
2019/12/25 	99.0	111.0	99.0	111.0	4756048	2019/12/25 
2019/12/26 	111.0	115.0	108.0	115.0	3706538	2019/12/26 
2019/12/27 	114.0	126.5	113.0	126.5	4151136	2019/12/27 
2019/12/30 	126.0	126.5	118.5	122.0	3374254	2019/12/30 
2019/12/31 	120.5	121.0	115.0	118.0	2066642	2019/12/31 
2020/01/02 	119.0	129.5	118.5	129.5	3967596	2020/01/02 
2020/01/03 	133.0	138.0	127.0	134.0	3940598	2020/01/03 
2020/01/06 	128.0	130.0	123.5	126.0	2229146	2020/01/06 
2020/01/07 	130.0	132.0	125.0	130.0	2362187	2020/01/07 
2020/01/08 	123.0	126.5	120.0	120.0	2272753	2020/01/08 
2020/01/09 	123.0	125.0	120.0	122.0	1246978	2020/01/09 
2020/01/10 	122.5	122.5	114.0	116.0	2139060	2020/01/10 
2020/01/13 	116.0	119.5	116.0	118.0	1080600	2020/01/13 
2020/01/14 	121.0	129.0	120.5	128.0	2301515	2020/01/14 
2020/01/15 	124.0	126.5	121.0	124.0	1704687	2020/01/15 
2020/01/16 	123.0	128.0	121.0	126.0	1174695	2020/01/16 
2020/01/17 	127.0	127.0	123.0	123.0	1140188	2020/01/17 
2020/01/20 	125.0	130.0	124.0	129.0	2214867	2020/01/20 
2020/01/30 	116.5	120.0	116.5	116.5	1553614	2020/01/30 
2020/01/31 	117.0	118.5	105.0	113.5	1930800	2020/01/31 
2020/02/03 	105.5	107.0	102.5	106.0	1769389	2020/02/03 
2020/02/04 	106.5	110.5	102.5	107.0	2175550	2020/02/04 
2020/02/05 	104.0	106.5	102.5	103.0	1533143	2020/02/05 
2020/02/06 	105.0	113.0	103.5	113.0	2079551	2020/02/06 
2020/02/07 	108.0	109.5	104.5	105.5	1722701	2020/02/07 
2020/02/10 	102.0	106.5	101.0	104.5	816101	2020/02/10 
2020/02/11 	107.0	108.5	106.0	107.5	789327	2020/02/11 
2020/02/12 	107.0	114.5	107.0	113.0	1643638	2020/02/12 
2020/02/13 	113.0	113.5	108.5	109.0	1626687	2020/02/13 
2020/02/14 	107.5	111.0	107.5	109.5	653250	2020/02/14 
2020/02/17 	109.0	117.0	108.5	114.5	2201340	2020/02/17 
2020/02/18 	112.9201431274414	114.90119934082031	109.94856262207031	111.43435668945312	1215786	2020/02/18 
2020/02/19 	110.4438247680664	114.90119934082031	110.4438247680664	113.91067504882812	1293152	2020/02/19 
2020/02/20 	114.90119934082031	115.3964614868164	109.94856262207031	110.9390869140625	1310275	2020/02/20 
2020/02/21 	107.9675064086914	109.94856262207031	104.99592590332031	105.4911880493164	1810636	2020/02/21 
2020/02/24 	103.0148696899414	104.99592590332031	102.02433776855469	104.99592590332031	745259	2020/02/24 
2020/02/25 	102.02433776855469	106.4817123413086	102.02433776855469	104.0053939819336	864035	2020/02/25 
2020/02/26 	103.5101318359375	104.99592590332031	103.0148696899414	103.0148696899414	564870	2020/02/26 
2020/02/27 	103.5101318359375	104.0053939819336	93.50580596923828	93.70391082763672	2610453	2020/02/27 
2020/03/02 	85.7796859741211	93.40675354003906	85.7796859741211	91.1285400390625	1461417	2020/03/02 
2020/03/03 	94.19917297363281	98.45844268798828	92.11906433105469	92.61432647705078	1127339	2020/03/03 
2020/03/04 	91.82190704345703	92.71337890625	88.75127410888672	90.237060546875	991877	2020/03/04 
2020/03/05 	92.11906433105469	98.0622329711914	92.11906433105469	95.5859146118164	2188067	2020/03/05 
2020/03/06 	94.1001205444336	94.1001205444336	92.11906433105469	92.61432647705078	716133	2020/03/06 
2020/03/09 	90.43516540527344	90.93043518066406	86.47306060791016	86.6711654663086	1356383	2020/03/09 
2020/03/10 	81.22325897216797	85.68063354492188	80.13368225097656	85.68063354492188	1980588	2020/03/10 
2020/03/11 	88.94937896728516	90.13800811767578	85.18537139892578	86.17589569091797	1431553	2020/03/11 
2020/03/12 	84.7891616821289	84.7891616821289	79.34125518798828	80.92610168457031	1266687	2020/03/12 
2020/03/13 	73.10093688964844	80.92610168457031	73.10093688964844	80.92610168457031	1286246	2020/03/13 
2020/03/16 	79.24220275878906	80.62894439697266	74.28956604003906	74.78482818603516	1088783	2020/03/16 
2020/03/17 	70.0302963256836	76.07251739501953	70.0302963256836	72.60567474365234	858350	2020/03/17 
2020/03/18 	73.69525146484375	73.69525146484375	66.26629638671875	66.5634536743164	1009160	2020/03/18 
2020/03/19 	64.28524017333984	64.28524017333984	59.926918029785156	59.926918029785156	1234654	2020/03/19 
2020/03/20 	62.30418395996094	65.57292938232422	62.30418395996094	64.38429260253906	1021404	2020/03/20 
2020/03/23 	58.738285064697266	60.42218017578125	57.94586181640625	58.243019104003906	913617	2020/03/23 
2020/03/24 	59.926918029785156	63.98808288574219	59.926918029785156	63.98808288574219	1438033	2020/03/24 
2020/03/25 	65.37481689453125	69.13882446289062	65.37481689453125	67.15776824951172	1465776	2020/03/25 
2020/03/26 	67.75208282470703	68.04924774169922	64.78050231933594	67.15776824951172	1038951	2020/03/26 
2020/03/27 	69.83219146728516	70.0302963256836	65.77103424072266	65.77103424072266	1222754	2020/03/27 
2020/03/30 	63.59186935424805	66.76155853271484	62.601341247558594	65.87008666992188	581690	2020/03/30 
2020/03/31 	66.76155853271484	67.45492553710938	65.17671203613281	65.37481689453125	591906	2020/03/31 
2020/04/01 	65.47386932373047	67.5539779663086	64.48334503173828	66.26629638671875	535532	2020/04/01 
2020/04/06 	66.5634536743164	71.71419525146484	65.67198181152344	71.21893310546875	1490619	2020/04/06 
2020/04/07 	71.31798553466797	76.66683197021484	70.62461853027344	73.29904174804688	2138807	2020/04/07 
2020/04/08 	72.30850982666016	80.62894439697266	71.81324768066406	80.62894439697266	1799167	2020/04/08 
2020/04/09 	84.49200439453125	88.05789947509766	83.3033676147461	84.59105682373047	3435220	2020/04/09 
2020/04/10 	84.59105682373047	85.7796859741211	81.22325897216797	83.99674224853516	1385581	2020/04/10 
2020/04/13 	80.92610168457031	81.81758117675781	77.45925903320312	77.45925903320312	1910388	2020/04/13 
2020/04/14 	77.75641632080078	80.23273468017578	77.75641632080078	78.9450454711914	1072443	2020/04/14 
2020/04/15 	80.23273468017578	80.52989196777344	78.84599304199219	79.34125518798828	822955	2020/04/15 
2020/04/16 	78.15262603759766	79.93557739257812	77.26115417480469	79.73747253417969	701661	2020/04/16 
2020/04/17 	82.11473846435547	82.51094818115234	78.84599304199219	79.63842010498047	1221761	2020/04/17 
2020/04/20 	80.8270492553711	86.57211303710938	79.73747253417969	86.17589569091797	2189542	2020/04/20 
2020/04/21 	85.38347625732422	91.52474975585938	83.8976821899414	87.06737518310547	3539633	2020/04/21 
2020/04/22 	86.27495574951172	90.13800811767578	84.49200439453125	90.13800811767578	2468483	2020/04/22 
2020/04/23 	91.1285400390625	91.92095947265625	87.46358489990234	88.15695190429688	1770547	2020/04/23 
2020/04/24 	87.16642761230469	88.15695190429688	85.97779083251953	86.37400817871094	1221924	2020/04/24 
2020/04/27 	87.16642761230469	94.99159240722656	87.16642761230469	94.1001205444336	3365737	2020/04/27 
2020/04/28 	93.10958862304688	93.20864868164062	90.13800811767578	91.1285400390625	2224704	2020/04/28 
2020/04/29 	90.7323226928711	92.51527404785156	90.33611297607422	91.82190704345703	1182834	2020/04/29 
2020/04/30 	92.51527404785156	93.01053619384766	90.7323226928711	91.82190704345703	1160086	2020/04/30 
2020/05/04 	87.36453247070312	90.43516540527344	87.2654800415039	89.44464111328125	922010	2020/05/04 
2020/05/05 	89.84085083007812	92.71337890625	89.7417984008789	89.7417984008789	1112151	2020/05/05 
2020/05/06 	90.7323226928711	98.0622329711914	90.03895568847656	98.0622329711914	3215524	2020/05/06 
2020/05/07 	99.0527572631836	107.47224426269531	98.0622329711914	107.47224426269531	4868483	2020/05/07 
2020/05/08 	115.3964614868164	117.8727798461914	112.9201431274414	117.8727798461914	4577475	2020/05/08 
2020/05/11 	121.83489227294922	126.78752899169922	113.91067504882812	118.86331176757812	5799257	2020/05/11 
2020/05/12 	119.35857391357422	130.7496337890625	116.88225555419922	130.7496337890625	5827108	2020/05/12 
2020/05/13 	128.76858520507812	135.20701599121094	124.31121063232422	135.20701599121094	4646379	2020/05/13 
2020/05/14 	130.25437927246094	133.22596740722656	126.29226684570312	126.78752899169922	3138405	2020/05/14 
2020/05/15 	129.7591094970703	129.7591094970703	119.35857391357422	124.80647277832031	3346568	2020/05/15 
2020/05/18 	126.78752899169922	133.72122192382812	122.8254165649414	129.26385498046875	2816764	2020/05/18 
2020/05/19 	130.25437927246094	135.70228576660156	125.79700469970703	133.22596740722656	3534209	2020/05/19 
2020/05/20 	137.68333435058594	146.10281372070312	135.70228576660156	146.10281372070312	5241696	2020/05/20 
2020/05/21 	143.62649536132812	158.48440551757812	141.64544677734375	149.56967163085938	5797527	2020/05/21 
2020/05/22 	148.57913208007812	152.04598999023438	145.11228942871094	146.10281372070312	2769633	2020/05/22 
2020/05/25 	146.59808349609375	149.07440185546875	138.67385864257812	144.6170196533203	2478600	2020/05/25 
2020/05/26 	145.60755920410156	158.48440551757812	145.11228942871094	153.03651428222656	3741767	2020/05/26 
2020/05/27 	154.52230834960938	156.99862670898438	146.59808349609375	148.57913208007812	2355065	2020/05/27 
2020/05/28 	152.04598999023438	156.50335693359375	147.09335327148438	152.54124450683594	2087427	2020/05/28 
2020/05/29 	152.04598999023438	154.02703857421875	148.57913208007812	152.04598999023438	1302151	2020/05/29 
2020/06/01 	154.02703857421875	163.4370574951172	152.04598999023438	159.47494506835938	2424139	2020/06/01 
2020/06/02 	159.47494506835938	160.9607391357422	153.53176879882812	157.49388122558594	1956122	2020/06/02 
2020/06/03 	158.48440551757812	158.97967529296875	153.03651428222656	153.53176879882812	1728791	2020/06/03 
2020/06/04 	153.53176879882812	155.01756286621094	145.60755920410156	150.56019592285156	2632329	2020/06/04 
2020/06/05 	149.56967163085938	156.00808715820312	148.57913208007812	148.57913208007812	1650013	2020/06/05 
2020/06/08 	148.57913208007812	152.04598999023438	146.59808349609375	148.57913208007812	1094681	2020/06/08 
2020/06/09 	149.07440185546875	151.55072021484375	147.58860778808594	147.58860778808594	738161	2020/06/09 
2020/06/10 	148.08387756347656	148.57913208007812	135.70228576660156	142.63597106933594	2878218	2020/06/10 
2020/06/11 	144.12176513671875	154.02703857421875	142.63597106933594	149.07440185546875	3487489	2020/06/11 
2020/06/12 	143.62649536132812	151.55072021484375	140.15965270996094	151.05545043945312	1931845	2020/06/12 
2020/06/15 	151.55072021484375	152.54124450683594	147.58860778808594	147.58860778808594	1708371	2020/06/15 
2020/06/16 	151.05545043945312	156.00808715820312	150.56019592285156	155.51283264160156	2257436	2020/06/16 
2020/06/17 	154.52230834960938	155.51283264160156	151.55072021484375	152.04598999023438	1355438	2020/06/17 
2020/06/18 	155.01756286621094	166.90390014648438	153.53176879882812	166.90390014648438	5195476	2020/06/18 
2020/06/19 	163.4370574951172	164.42758178710938	156.99862670898438	160.46546936035156	3508254	2020/06/19 
2020/06/22 	161.45599365234375	164.42758178710938	156.50335693359375	163.4370574951172	1772227	2020/06/22 
2020/06/23 	164.92283630371094	170.37074279785156	158.48440551757812	164.42758178710938	2385042	2020/06/23 
2020/06/24 	165.41810607910156	167.39915466308594	161.95126342773438	163.4370574951172	1158392	2020/06/24 
2020/06/29 	160.9607391357422	163.4370574951172	155.51283264160156	155.51283264160156	1944456	2020/06/29 
2020/06/30 	158.48440551757812	164.42758178710938	156.50335693359375	161.45599365234375	1596139	2020/06/30 
2020/07/01 	163.93231201171875	176.31390380859375	163.4370574951172	170.37074279785156	3221628	2020/07/01 
2020/07/02 	172.35179138183594	179.78076171875	167.39915466308594	174.33285522460938	3418328	2020/07/02 
2020/07/03 	177.304443359375	183.2476043701172	175.8186492919922	180.27601623535156	2810443	2020/07/03 
2020/07/06 	180.7712860107422	191.1718292236328	175.32337951660156	178.2949676513672	3945430	2020/07/06 
2020/07/07 	181.76181030273438	181.76181030273438	173.3423309326172	175.32337951660156	2543721	2020/07/07 
2020/07/08 	175.8186492919922	180.27601623535156	172.35179138183594	172.35179138183594	2191984	2020/07/08 
2020/07/09 	174.33285522460938	174.828125	165.9133758544922	169.38021850585938	2040620	2020/07/09 
2020/07/10 	174.828125	179.28549194335938	170.37074279785156	171.36126708984375	4728615	2020/07/10 
2020/07/13 	175.32337951660156	176.80917358398438	170.37074279785156	174.33285522460938	1999896	2020/07/13 
2020/07/14 	175.8186492919922	180.27601623535156	171.36126708984375	173.83758544921875	2941542	2020/07/14 
2020/07/15 	175.32337951660156	177.304443359375	161.45599365234375	161.45599365234375	2641202	2020/07/15 
2020/07/16 	161.45599365234375	165.9133758544922	150.56019592285156	152.54124450683594	4355147	2020/07/16 
2020/07/17 	153.03651428222656	155.51283264160156	143.13124084472656	147.09335327148438	3927300	2020/07/17 
2020/07/20 	145.60755920410156	145.60755920410156	136.69281005859375	140.65492248535156	2341749	2020/07/20 
2020/07/21 	144.12176513671875	149.56967163085938	142.63597106933594	145.60755920410156	2895209	2020/07/21 
2020/07/22 	144.6170196533203	156.50335693359375	144.12176513671875	154.02703857421875	3604379	2020/07/22 
2020/07/23 	155.01756286621094	160.46546936035156	151.55072021484375	156.50335693359375	2942260	2020/07/23 
2020/07/24 	155.01756286621094	156.00808715820312	148.57913208007812	148.57913208007812	1744575	2020/07/24 
2020/07/27 	155.01756286621094	156.00808715820312	147.58860778808594	149.07440185546875	1404978	2020/07/27 
2020/07/28 	154.02703857421875	161.45599365234375	150.56019592285156	153.53176879882812	3622610	2020/07/28 
2020/07/29 	152.04598999023438	155.01756286621094	149.56967163085938	150.06492614746094	1241417	2020/07/29 
2020/07/30 	149.56967163085938	155.51283264160156	147.58860778808594	151.55072021484375	1584514	2020/07/30 
2020/07/31 	153.03651428222656	155.01756286621094	149.07440185546875	152.04598999023438	1566377	2020/07/31 
2020/08/03 	153.53176879882812	153.53176879882812	149.56967163085938	150.56019592285156	831259	2020/08/03 
2020/08/04 	152.54124450683594	160.46546936035156	151.55072021484375	156.99862670898438	3694522	2020/08/04 
2020/08/05 	157.98915100097656	162.94178771972656	157.49388122558594	160.9607391357422	2225005	2020/08/05 
2020/08/06 	160.9607391357422	161.45599365234375	156.00808715820312	156.50335693359375	1606831	2020/08/06 
2020/08/07 	157.49388122558594	158.48440551757812	151.55072021484375	151.55072021484375	901742	2020/08/07 
2020/08/10 	151.55072021484375	154.02703857421875	148.57913208007812	149.56967163085938	845953	2020/08/10 
2020/08/11 	143.62649536132812	148.08387756347656	139.6643829345703	140.65492248535156	1928921	2020/08/11 
2020/08/12 	139.16912841796875	140.65492248535156	133.72122192382812	140.65492248535156	2101708	2020/08/12 
2020/08/13 	143.13124084472656	145.60755920410156	140.15965270996094	140.15965270996094	656236	2020/08/13 
2020/08/14 	139.16912841796875	148.57913208007812	139.16912841796875	147.58860778808594	1505090	2020/08/14 
2020/08/17 	150.56019592285156	153.53176879882812	148.08387756347656	152.04598999023438	1687585	2020/08/17 
2020/08/18 	148.57913208007812	149.56967163085938	144.6170196533203	145.11228942871094	898087	2020/08/18 
2020/08/19 	146.10281372070312	147.58860778808594	141.64544677734375	142.63597106933594	527791	2020/08/19 
2020/08/20 	142.63597106933594	143.13124084472656	128.76858520507812	131.74017333984375	1962181	2020/08/20 
2020/08/21 	136.19754028320312	140.65492248535156	134.21649169921875	140.65492248535156	1377449	2020/08/21 
2020/08/24 	140.65492248535156	154.52230834960938	138.17860412597656	150.56019592285156	3430361	2020/08/24 
2020/08/25 	151.55072021484375	154.52230834960938	148.57913208007812	150.06492614746094	1407823	2020/08/25 
2020/08/26 	151.05545043945312	159.47494506835938	150.06492614746094	155.01756286621094	3132210	2020/08/26 
2020/08/27 	157.98915100097656	158.97967529296875	151.55072021484375	151.55072021484375	1932964	2020/08/27 
2020/08/28 	152.54124450683594	155.01756286621094	150.06492614746094	152.54124450683594	908057	2020/08/28 
2020/08/31 	157.49388122558594	158.48440551757812	151.05545043945312	151.55072021484375	1242979	2020/08/31 
2020/09/01 	154.52230834960938	163.4370574951172	151.55072021484375	163.4370574951172	4589781	2020/09/01 
2020/09/02 	165.9133758544922	171.85653686523438	161.95126342773438	166.40863037109375	7290998	2020/09/02 
2020/09/03 	165.9133758544922	167.89442443847656	160.46546936035156	161.95126342773438	2345563	2020/09/03 
2020/09/04 	153.53176879882812	158.48440551757812	153.03651428222656	155.51283264160156	1945793	2020/09/04 
2020/09/07 	156.00808715820312	161.45599365234375	150.06492614746094	150.56019592285156	1764009	2020/09/07 
2020/09/08 	153.03651428222656	155.51283264160156	151.05545043945312	153.53176879882812	831420	2020/09/08 
2020/09/09 	151.05545043945312	152.04598999023438	146.59808349609375	151.55072021484375	1154162	2020/09/09 
2020/09/10 	153.53176879882812	155.51283264160156	149.07440185546875	149.07440185546875	859918	2020/09/10 
2020/09/11 	149.07440185546875	152.04598999023438	146.59808349609375	151.05545043945312	847457	2020/09/11 
2020/09/14 	152.04598999023438	162.94178771972656	152.04598999023438	160.46546936035156	3507635	2020/09/14 
2020/09/15 	158.48440551757812	164.92283630371094	157.49388122558594	158.48440551757812	2129218	2020/09/15 
2020/09/16 	162.94178771972656	167.89442443847656	161.95126342773438	163.4370574951172	4122221	2020/09/16 
2020/09/17 	165.9133758544922	167.39915466308594	161.45599365234375	166.40863037109375	2181570	2020/09/17 
2020/09/18 	166.40863037109375	169.87547302246094	161.45599365234375	162.44651794433594	3956286	2020/09/18 
2020/09/21 	161.45599365234375	161.45599365234375	155.01756286621094	156.99862670898438	2126644	2020/09/21 
2020/09/22 	156.99862670898438	156.99862670898438	151.55072021484375	151.55072021484375	1665214	2020/09/22 
2020/09/23 	154.02703857421875	155.01756286621094	151.55072021484375	153.03651428222656	761992	2020/09/23 
2020/09/24 	148.57913208007812	150.56019592285156	145.60755920410156	146.10281372070312	1583443	2020/09/24 
2020/09/25 	147.58860778808594	149.56967163085938	137.68333435058594	139.6643829345703	2336734	2020/09/25 
2020/09/28 	142.63597106933594	145.11228942871094	140.15965270996094	145.11228942871094	607857	2020/09/28 
2020/09/29 	145.11228942871094	148.57913208007812	144.12176513671875	144.6170196533203	487326	2020/09/29 
2020/09/30 	145.11228942871094	145.60755920410156	142.1407012939453	145.60755920410156	414930	2020/09/30 
2020/10/05 	144.6170196533203	147.09335327148438	144.12176513671875	144.12176513671875	407015	2020/10/05 
2020/10/06 	146.59808349609375	151.55072021484375	146.59808349609375	150.06492614746094	1458990	2020/10/06 
2020/10/07 	149.56967163085938	150.06492614746094	147.58860778808594	148.08387756347656	452385	2020/10/07 
2020/10/08 	150.06492614746094	150.56019592285156	144.6170196533203	145.11228942871094	358415	2020/10/08 
2020/10/12 	145.60755920410156	146.59808349609375	140.15965270996094	140.65492248535156	912771	2020/10/12 
2020/10/13 	142.1407012939453	143.62649536132812	139.16912841796875	141.15017700195312	664747	2020/10/13 
2020/10/14 	142.1407012939453	143.13124084472656	141.15017700195312	141.15017700195312	243405	2020/10/14 
2020/10/15 	142.63597106933594	142.63597106933594	138.17860412597656	138.17860412597656	923952	2020/10/15 
2020/10/16 	137.68333435058594	138.17860412597656	129.7591094970703	131.24490356445312	2399085	2020/10/16 
2020/10/19 	130.7496337890625	135.20701599121094	130.25437927246094	133.72122192382812	1380930	2020/10/19 
2020/10/20 	133.72122192382812	134.7117462158203	131.74017333984375	134.21649169921875	486282	2020/10/20 
2020/10/21 	142.1407012939453	147.58860778808594	140.65492248535156	147.58860778808594	4622370	2020/10/21 
2020/10/22 	148.08387756347656	148.57913208007812	143.13124084472656	143.13124084472656	3783552	2020/10/22 
2020/10/23 	142.63597106933594	149.07440185546875	142.63597106933594	148.08387756347656	2088988	2020/10/23 
2020/10/26 	148.57913208007812	155.01756286621094	147.09335327148438	149.07440185546875	3169796	2020/10/26 
2020/10/27 	147.09335327148438	148.08387756347656	144.6170196533203	147.58860778808594	988473	2020/10/27 
2020/10/28 	146.59808349609375	149.56967163085938	142.63597106933594	142.63597106933594	969281	2020/10/28 
2020/10/29 	139.16912841796875	142.1407012939453	137.1880645751953	140.15965270996094	1018850	2020/10/29 
2020/10/30 	140.15965270996094	141.15017700195312	137.68333435058594	137.68333435058594	624460	2020/10/30 
2020/11/02 	138.67385864257812	140.15965270996094	135.70228576660156	136.69281005859375	464469	2020/11/02 
2020/11/03 	138.67385864257812	143.13124084472656	138.67385864257812	140.15965270996094	612941	2020/11/03 
2020/11/04 	141.64544677734375	145.11228942871094	141.15017700195312	144.12176513671875	1111730	2020/11/04 
2020/11/05 	144.6170196533203	148.08387756347656	143.13124084472656	145.60755920410156	992414	2020/11/05 
2020/11/06 	147.58860778808594	148.08387756347656	141.64544677734375	142.63597106933594	753228	2020/11/06 
2020/11/09 	143.62649536132812	146.10281372070312	143.13124084472656	145.60755920410156	717021	2020/11/09 
2020/11/10 	146.59808349609375	154.02703857421875	144.12176513671875	149.07440185546875	2582209	2020/11/10 
2020/11/11 	148.57913208007812	149.56967163085938	144.6170196533203	144.6170196533203	1589052	2020/11/11 
2020/11/12 	145.60755920410156	147.58860778808594	142.1407012939453	142.63597106933594	1005772	2020/11/12 
2020/11/13 	143.13124084472656	149.56967163085938	142.1407012939453	148.57913208007812	1414735	2020/11/13 
2020/11/16 	150.56019592285156	155.51283264160156	149.56967163085938	153.53176879882812	3419554	2020/11/16 
2020/11/17 	156.50335693359375	159.97019958496094	152.04598999023438	154.52230834960938	3157825	2020/11/17 
2020/11/18 	156.50335693359375	159.47494506835938	154.52230834960938	158.48440551757812	2871248	2020/11/18 
2020/11/19 	159.97019958496094	164.42758178710938	156.50335693359375	159.97019958496094	3849904	2020/11/19 
2020/11/20 	158.48440551757812	159.97019958496094	156.50335693359375	156.99862670898438	1490528	2020/11/20 
2020/11/23 	158.48440551757812	161.95126342773438	154.02703857421875	158.48440551757812	2156778	2020/11/23 
2020/11/24 	158.48440551757812	160.9607391357422	155.01756286621094	155.51283264160156	2077993	2020/11/24 
2020/11/25 	156.99862670898438	159.97019958496094	154.02703857421875	155.51283264160156	1723628	2020/11/25 
2020/11/26 	156.50335693359375	159.97019958496094	155.51283264160156	157.98915100097656	1441858	2020/11/26 
2020/11/27 	160.9607391357422	173.3423309326172	160.46546936035156	173.3423309326172	13425873	2020/11/27 
2020/11/30 	174.33285522460938	176.31390380859375	164.92283630371094	164.92283630371094	8572466	2020/11/30 
2020/12/01 	165.9133758544922	169.38021850585938	160.46546936035156	168.88494873046875	3606826	2020/12/01 
2020/12/02 	168.88494873046875	173.3423309326172	166.40863037109375	170.37074279785156	3914082	2020/12/02 
2020/12/03 	171.85653686523438	171.85653686523438	163.4370574951172	165.41810607910156	2710979	2020/12/03 
2020/12/04 	166.90390014648438	173.3423309326172	165.41810607910156	170.37074279785156	3780106	2020/12/04 
2020/12/07 	175.32337951660156	180.7712860107422	169.38021850585938	170.8660125732422	5786926	2020/12/07 
2020/12/08 	170.8660125732422	178.2949676513672	169.87547302246094	174.828125	3947775	2020/12/08 
2020/12/09 	178.2949676513672	180.27601623535156	173.3423309326172	173.83758544921875	3566584	2020/12/09 
2020/12/10 	173.3423309326172	174.33285522460938	168.88494873046875	174.33285522460938	2026404	2020/12/10 
2020/12/11 	176.80917358398438	176.80917358398438	161.45599365234375	163.93231201171875	4669753	2020/12/11 
2020/12/14 	163.4370574951172	165.9133758544922	157.49388122558594	162.94178771972656	1576444	2020/12/14 
2020/12/15 	164.92283630371094	164.92283630371094	156.99862670898438	157.49388122558594	1655899	2020/12/15 
2020/12/16 	159.97019958496094	160.9607391357422	156.50335693359375	157.98915100097656	1255345	2020/12/16 
2020/12/17 	157.98915100097656	159.97019958496094	152.54124450683594	154.02703857421875	1785361	2020/12/17 
2020/12/18 	156.00808715820312	156.00808715820312	153.03651428222656	153.03651428222656	879339	2020/12/18 
2020/12/21 	153.03651428222656	156.99862670898438	150.56019592285156	156.99862670898438	1166550	2020/12/21 
2020/12/22 	156.50335693359375	157.98915100097656	150.56019592285156	151.55072021484375	1260392	2020/12/22 
2020/12/23 	152.54124450683594	153.53176879882812	151.55072021484375	152.04598999023438	717274	2020/12/23 
2020/12/24 	152.04598999023438	156.50335693359375	152.04598999023438	156.50335693359375	710732	2020/12/24 
2020/12/25 	155.51283264160156	157.98915100097656	155.01756286621094	156.99862670898438	757172	2020/12/25 
2020/12/28 	159.47494506835938	161.45599365234375	158.48440551757812	158.48440551757812	1055043	2020/12/28 
2020/12/29 	159.47494506835938	159.97019958496094	157.98915100097656	157.98915100097656	519017	2020/12/29 
2020/12/30 	158.48440551757812	161.95126342773438	158.48440551757812	160.46546936035156	957109	2020/12/30 
2020/12/31 	163.4370574951172	171.85653686523438	160.9607391357422	165.41810607910156	4580062	2020/12/31 
2021/01/04 	164.42758178710938	169.87547302246094	163.4370574951172	169.38021850585938	2767828	2021/01/04 
2021/01/05 	169.38021850585938	169.38021850585938	164.42758178710938	168.3896942138672	1240854	2021/01/05 
2021/01/06 	170.8660125732422	170.8660125732422	156.50335693359375	157.98915100097656	3222588	2021/01/06 
2021/01/07 	160.46546936035156	161.95126342773438	155.51283264160156	156.50335693359375	1669121	2021/01/07 
2021/01/08 	158.97967529296875	158.97967529296875	152.54124450683594	153.53176879882812	1760223	2021/01/08 
2021/01/11 	156.50335693359375	161.45599365234375	154.52230834960938	156.00808715820312	1907372	2021/01/11 
2021/01/12 	156.50335693359375	158.48440551757812	153.03651428222656	153.53176879882812	1626355	2021/01/12 
2021/01/13 	155.01756286621094	159.97019958496094	154.52230834960938	158.48440551757812	1356038	2021/01/13 
2021/01/14 	159.47494506835938	164.42758178710938	158.48440551757812	158.97967529296875	2611133	2021/01/14 
2021/01/15 	160.46546936035156	160.46546936035156	151.55072021484375	153.03651428222656	3005472	2021/01/15 
2021/01/18 	153.53176879882812	153.53176879882812	148.08387756347656	150.56019592285156	1536554	2021/01/18 
2021/01/19 	152.54124450683594	158.97967529296875	151.05545043945312	157.49388122558594	1937972	2021/01/19 
2021/01/20 	159.47494506835938	164.42758178710938	155.01756286621094	156.00808715820312	4439048	2021/01/20 
2021/01/21 	158.48440551757812	159.47494506835938	153.53176879882812	156.00808715820312	935965	2021/01/21 
2021/01/22 	154.52230834960938	161.95126342773438	154.52230834960938	160.9607391357422	1963861	2021/01/22 
2021/01/25 	160.9607391357422	162.94178771972656	155.51283264160156	162.44651794433594	1656991	2021/01/25 
2021/01/26 	164.42758178710938	165.9133758544922	157.49388122558594	158.97967529296875	1808157	2021/01/26 
2021/01/27 	160.9607391357422	161.95126342773438	158.97967529296875	159.47494506835938	651370	2021/01/27 
2021/01/28 	156.50335693359375	163.4370574951172	156.50335693359375	161.95126342773438	2505534	2021/01/28 
2021/01/29 	162.94178771972656	162.94178771972656	153.53176879882812	154.52230834960938	2217466	2021/01/29 
2021/02/01 	152.54124450683594	153.53176879882812	149.56967163085938	150.56019592285156	995051	2021/02/01 
2021/02/02 	152.54124450683594	155.01756286621094	151.05545043945312	152.04598999023438	754361	2021/02/02 
2021/02/03 	155.5	155.5	152.0	152.0	442008	2021/02/03 
2021/02/04 	152.0	154.0	151.0	153.0	332400	2021/02/04 
2021/02/05 	154.0	155.0	152.0	155.0	495183	2021/02/05 
2021/02/17 	157.0	158.5	156.0	156.5	846150	2021/02/17 
2021/02/18 	157.5	163.0	157.0	159.5	1148267	2021/02/18 
2021/02/19 	159.5	163.5	158.0	158.5	1818952	2021/02/19 
2021/02/22 	161.0	164.5	160.5	163.0	2053002	2021/02/22 
2021/02/23 	162.0	163.5	159.0	162.0	1331173	2021/02/23 
2021/02/24 	163.0	164.0	160.5	160.5	1187080	2021/02/24 
2021/02/25 	162.5	164.0	161.0	162.0	887200	2021/02/25 
2021/02/26 	162.0	167.0	158.5	159.0	3793663	2021/02/26 
2021/03/02 	161.0	162.0	152.5	152.5	2181275	2021/03/02 
2021/03/03 	154.0	157.5	153.0	157.0	1126442	2021/03/03 
2021/03/04 	155.5	158.5	154.0	155.5	809999	2021/03/04 
2021/03/05 	157.0	162.5	156.0	157.0	3873100	2021/03/05 
2021/03/08 	159.0	160.0	154.0	154.5	1434596	2021/03/08 
2021/03/09 	154.0	155.5	152.5	154.5	603763	2021/03/09 
2021/03/10 	157.0	159.0	154.5	155.0	987384	2021/03/10 
2021/03/11 	158.5	162.0	157.5	161.5	1897909	2021/03/11 
2021/03/12 	163.0	164.5	159.0	159.5	1749534	2021/03/12 
2021/03/15 	161.5	172.5	160.5	169.0	6932803	2021/03/15 
2021/03/16 	169.5	171.5	165.0	168.0	3747581	2021/03/16 
2021/03/17 	173.5	179.5	169.0	170.0	9122988	2021/03/17 
2021/03/18 	171.5	172.5	168.0	172.0	2804810	2021/03/18 
2021/03/19 	170.5	171.5	168.0	168.5	1603126	2021/03/19 
2021/03/22 	170.0	172.5	168.0	169.0	1473696	2021/03/22 
2021/03/23 	171.5	176.5	169.0	170.5	3400620	2021/03/23 
2021/03/24 	170.5	172.0	163.5	164.0	2508175	2021/03/24 
2021/03/25 	163.5	164.0	160.5	161.0	1549635	2021/03/25 
2021/03/26 	165.5	166.5	163.5	166.5	1177918	2021/03/26 
2021/03/29 	169.5	174.0	167.0	173.5	3219094	2021/03/29 
2021/03/30 	174.0	175.0	170.5	174.0	2054676	2021/03/30 
2021/03/31 	176.0	181.0	173.0	181.0	4386617	2021/03/31 
2021/04/01 	184.0	186.5	177.0	184.0	5603518	2021/04/01 
2021/04/07 	196.5	216.0	192.0	216.0	9168190	2021/04/07 
2021/04/08 	222.0	233.0	215.0	220.0	14349765	2021/04/08 
2021/04/09 	220.5	224.5	214.0	217.0	5851571	2021/04/09 
2021/04/12 	215.0	219.5	195.5	195.5	8318527	2021/04/12 
2021/04/13 	189.0	193.0	181.0	182.5	5755545	2021/04/13 
2021/04/14 	189.0	191.5	178.0	189.5	5910392	2021/04/14 
2021/04/15 	189.0	189.0	184.0	188.0	1972366	2021/04/15 
2021/04/16 	188.5	192.5	184.5	186.5	2349363	2021/04/16 
2021/04/19 	188.5	195.5	186.0	191.5	2890972	2021/04/19 
2021/04/20 	191.5	194.5	189.0	192.5	1634919	2021/04/20 
2021/04/21 	195.0	195.5	187.0	187.0	2386720	2021/04/21 
2021/04/22 	190.0	193.0	185.0	185.0	3345645	2021/04/22 
2021/04/23 	186.0	192.0	184.5	189.0	1356070	2021/04/23 
2021/04/26 	193.0	193.5	189.0	189.5	1519444	2021/04/26 
2021/04/27 	190.0	193.0	186.5	187.0	1824931	2021/04/27 
2021/04/28 	188.0	188.5	183.0	184.5	1215383	2021/04/28 
2021/04/29 	185.5	187.0	183.5	184.0	804445	2021/04/29 
2021/05/03 	184.0	184.0	171.5	172.5	2190988	2021/05/03 
2021/05/04 	173.0	174.0	156.0	165.0	3381303	2021/05/04 
2021/05/05 	165.5	169.5	158.5	159.5	1981050	2021/05/05 
2021/05/06 	162.0	164.5	157.0	161.0	1209206	2021/05/06 
2021/05/07 	163.0	173.5	163.0	172.5	1599166	2021/05/07 
2021/05/10 	172.5	173.0	166.0	167.0	1175583	2021/05/10 
2021/05/11 	161.5	166.0	156.0	159.0	1985459	2021/05/11 
2021/05/12 	159.0	160.0	143.5	147.0	3284848	2021/05/12 
2021/05/13 	142.0	151.5	137.5	147.0	1690390	2021/05/13 
2021/05/14 	152.0	154.0	142.0	142.5	1836336	2021/05/14 
2021/05/17 	129.5	143.5	129.5	134.5	2431014	2021/05/17 
2021/05/18 	140.0	146.0	137.5	145.0	1695639	2021/05/18 
2021/05/19 	144.5	147.0	138.5	140.0	1995609	2021/05/19 
2021/05/20 	141.0	144.5	139.0	141.0	859236	2021/05/20 
2021/05/21 	144.5	146.0	141.5	145.0	1013633	2021/05/21 
2021/05/24 	143.5	151.0	142.5	150.0	1123583	2021/05/24 
2021/05/25 	152.0	156.5	150.5	153.0	1569889	2021/05/25 
2021/05/26 	155.0	156.5	152.5	155.0	836361	2021/05/26 
2021/05/27 	153.5	155.0	151.5	153.5	686050	2021/05/27 
2021/05/28 	155.5	165.0	154.5	162.0	2004540	2021/05/28 
2021/05/31 	163.0	166.0	160.0	163.0	1651067	2021/05/31 
2021/06/01 	165.0	171.0	164.5	166.0	2048509	2021/06/01 
2021/06/02 	170.0	172.0	166.5	168.0	2434395	2021/06/02 
2021/06/03 	171.5	171.5	166.5	167.0	1204212	2021/06/03 
2021/06/04 	168.0	171.0	165.5	168.0	1139791	2021/06/04 
2021/06/07 	173.5	176.0	168.5	175.5	3520842	2021/06/07 
2021/06/08 	175.5	179.0	172.0	174.0	2068134	2021/06/08 
2021/06/09 	175.5	177.5	172.0	176.5	1080021	2021/06/09 
2021/06/10 	176.5	179.0	174.5	176.0	1070354	2021/06/10 
2021/06/11 	180.0	181.5	171.0	171.0	2588789	2021/06/11 
2021/06/15 	172.5	176.0	170.0	175.5	1335415	2021/06/15 
2021/06/16 	175.5	176.0	171.0	172.0	887204	2021/06/16 
2021/06/17 	171.5	180.0	171.0	178.5	2231525	2021/06/17 
2021/06/18 	181.0	181.5	176.0	179.5	1732949	2021/06/18 
2021/06/21 	180.0	180.0	174.0	174.0	1254142	2021/06/21 
2021/06/22 	176.0	177.5	172.5	172.5	729008	2021/06/22 
2021/06/23 	174.0	181.0	173.5	179.5	2049510	2021/06/23 
2021/06/24 	181.5	186.5	180.0	184.0	2874504	2021/06/24 
2021/06/25 	187.0	189.0	179.5	179.5	2293848	2021/06/25 
2021/06/28 	178.5	179.0	175.0	176.0	1218355	2021/06/28 
2021/06/29 	177.0	177.0	172.5	172.5	941294	2021/06/29 
2021/06/30 	173.5	175.5	173.0	173.0	569450	2021/06/30 
2021/07/01 	173.5	174.5	167.0	167.0	1284019	2021/07/01 
2021/07/02 	168.5	173.5	167.0	173.0	824357	2021/07/02 
2021/07/05 	174.0	179.0	171.5	175.0	1461305	2021/07/05 
2021/07/06 	175.5	176.0	173.0	173.0	536100	2021/07/06 
2021/07/07 	173.0	178.0	172.0	175.0	989582	2021/07/07 
2021/07/08 	177.0	177.5	173.5	174.5	577322	2021/07/08 
2021/07/09 	171.5	174.0	170.5	173.0	603859	2021/07/09 
2021/07/12 	176.5	176.5	171.5	174.0	1189621	2021/07/12 
2021/07/13 	176.5	181.0	175.0	175.5	2507540	2021/07/13 
2021/07/14 	176.5	180.0	173.5	180.0	1468316	2021/07/14 
2021/07/15 	181.0	182.0	176.0	177.0	1342383	2021/07/15 
2021/07/16 	176.0	178.5	175.0	175.5	877554	2021/07/16 
2021/07/19 	175.0	183.0	175.0	179.5	2783580	2021/07/19 
2021/07/20 	177.5	178.5	172.5	172.5	1725376	2021/07/20 
2021/07/21 	175.0	176.0	168.5	170.5	1164673	2021/07/21 
2021/07/22 	172.5	182.5	172.0	179.0	2800620	2021/07/22 
2021/07/23 	181.0	196.5	180.5	196.5	8731257	2021/07/23 
2021/07/26 	200.5	208.0	192.0	194.0	18526654	2021/07/26 
2021/07/27 	201.5	213.0	197.0	207.0	25385173	2021/07/27 
2021/07/28 	208.0	209.0	186.5	193.0	10757919	2021/07/28 
2021/07/29 	199.0	212.0	198.5	212.0	11639497	2021/07/29 
2021/07/30 	213.0	225.0	208.0	208.0	15027082	2021/07/30 
2021/08/02 	211.5	213.5	203.0	204.5	6938045	2021/08/02 
2021/08/03 	205.0	212.0	205.0	205.5	3773603	2021/08/03 
2021/08/04 	209.0	210.5	200.5	200.5	3944821	2021/08/04 
2021/08/05 	200.0	201.5	194.0	195.0	3796827	2021/08/05 
2021/08/06 	196.0	198.5	193.0	194.5	1948512	2021/08/06 
2021/08/09 	194.0	194.0	180.0	182.0	3844927	2021/08/09 
2021/08/10 	183.0	185.0	177.5	180.5	1977573	2021/08/10 
2021/08/11 	183.0	184.0	175.5	177.0	2345721	2021/08/11 
2021/08/12 	179.0	181.0	177.0	178.0	1311421	2021/08/12 
2021/08/13 	181.0	188.5	178.0	178.0	4682394	2021/08/13 
2021/08/16 	176.0	178.0	168.0	171.0	2664135	2021/08/16 
2021/08/17 	172.5	173.0	165.0	165.0	1579363	2021/08/17 
2021/08/18 	160.5	173.0	158.0	171.5	2460100	2021/08/18 
2021/08/19 	168.0	170.0	161.5	161.5	1411684	2021/08/19 
2021/08/20 	162.0	167.0	160.0	164.0	1269840	2021/08/20 
2021/08/23 	167.0	173.0	167.0	169.5	1428063	2021/08/23 
2021/08/24 	173.0	173.0	166.5	168.0	1139330	2021/08/24 
2021/08/25 	169.0	184.5	168.0	184.5	2920480	2021/08/25 
2021/08/26 	189.0	189.0	181.5	182.5	5885332	2021/08/26 
2021/08/27 	182.5	188.5	179.0	180.0	2556630	2021/08/27 
2021/08/30 	183.0	192.0	181.5	186.5	3087559	2021/08/30 
2021/08/31 	186.5	190.0	185.5	190.0	1994592	2021/08/31 
2021/09/01 	191.0	195.5	190.0	193.0	3048923	2021/09/01 
2021/09/02 	194.5	201.0	194.0	197.0	4903469	2021/09/02 
2021/09/03 	197.0	200.0	190.5	195.5	2777133	2021/09/03 
2021/09/06 	199.0	200.0	191.5	192.0	3037464	2021/09/06 
2021/09/07 	194.0	198.0	188.0	194.0	3534012	2021/09/07 
2021/09/08 	194.5	198.0	187.0	187.0	3054812	2021/09/08 
2021/09/09 	187.0	197.5	186.0	197.5	2050976	2021/09/09 
2021/09/10 	195.5	196.5	193.0	195.0	1548285	2021/09/10 
2021/09/13 	196.0	197.5	189.0	190.0	1513349	2021/09/13 
2021/09/14 	191.0	192.0	188.5	189.0	952300	2021/09/14 
2021/09/15 	189.0	190.5	183.0	184.0	1076889	2021/09/15 
2021/09/16 	185.0	187.0	183.5	186.0	447434	2021/09/16 
2021/09/17 	184.5	189.5	184.5	188.5	572360	2021/09/17 
2021/09/22 	181.5	186.0	180.0	184.0	656155	2021/09/22 
2021/09/23 	186.0	187.5	180.0	181.0	839668	2021/09/23 
2021/09/24 	183.0	186.0	182.0	186.0	505248	2021/09/24 
2021/09/27 	186.0	187.5	180.5	181.0	766166	2021/09/27 
2021/09/28 	181.0	182.0	176.5	176.5	899747	2021/09/28 
2021/09/29 	170.5	172.5	168.0	168.5	966517	2021/09/29 
2021/09/30 	170.0	175.5	167.0	173.5	754548	2021/09/30 
2021/10/01 	172.0	172.0	164.0	165.5	1033205	2021/10/01 
2021/10/04 	168.0	169.5	162.5	163.5	1127200	2021/10/04 
2021/10/05 	160.0	165.5	157.0	165.5	910425	2021/10/05 
2021/10/06 	165.5	166.5	159.5	160.0	1127166	2021/10/06 
2021/10/07 	162.0	168.5	162.0	168.0	887211	2021/10/07 
2021/10/08 	168.5	181.0	168.0	177.0	2360216	2021/10/08 
2021/10/12 	177.0	183.0	177.0	180.5	1802140	2021/10/12 
2021/10/13 	179.0	180.5	176.0	179.5	797248	2021/10/13 
2021/10/14 	179.0	181.0	171.5	171.5	892793	2021/10/14 
2021/10/15 	174.5	188.5	174.5	188.5	6272389	2021/10/15 
2021/10/18 	188.5	199.5	186.0	196.5	11930213	2021/10/18 
2021/10/19 	192.5	199.0	188.5	199.0	7356921	2021/10/19 
2021/10/20 	197.0	205.0	195.0	205.0	6485965	2021/10/20 
2021/10/21 	203.0	207.0	199.0	199.0	4270361	2021/10/21 
2021/10/22 	200.5	206.0	199.0	202.0	2598113	2021/10/22 
2021/10/25 	204.5	209.0	195.5	197.0	3723841	2021/10/25 
2021/10/26 	198.0	202.5	195.0	199.5	2628750	2021/10/26 
2021/10/27 	209.0	219.0	199.5	219.0	8843990	2021/10/27 
2021/10/28 	218.0	223.0	212.0	214.0	9592366	2021/10/28 
2021/10/29 	212.5	216.5	206.5	210.0	4090562	2021/10/29 
2021/11/01 	215.0	226.5	211.5	216.5	11629499	2021/11/01 
2021/11/02 	225.0	231.0	212.0	225.0	10788774	2021/11/02 
2021/11/03 	225.5	230.0	218.0	223.0	7693919	2021/11/03 
2021/11/04 	226.5	231.0	219.5	219.5	7061473	2021/11/04 
2021/11/05 	220.0	225.0	209.5	222.0	6069288	2021/11/05 
2021/11/08 	228.0	232.0	216.0	221.0	8769251	2021/11/08 
2021/11/09 	218.5	223.5	213.0	214.5	2678915	2021/11/09 
2021/11/10 	217.5	218.0	212.0	214.5	2642112	2021/11/10 
2021/11/11 	216.5	219.5	210.0	215.0	3176257	2021/11/11 
2021/11/12 	213.0	215.5	201.0	206.5	4960252	2021/11/12 
2021/11/15 	208.5	219.5	207.5	214.5	4516562	2021/11/15 
2021/11/16 	214.5	219.0	211.5	214.5	2125433	2021/11/16 
2021/11/17 	214.5	218.0	213.0	217.5	1308346	2021/11/17 
2021/11/18 	217.5	220.0	209.0	209.5	2514222	2021/11/18 
2021/11/19 	211.0	213.5	206.0	209.5	2321292	2021/11/19 
2021/11/22 	213.0	223.0	212.5	221.5	3837580	2021/11/22 
2021/11/23 	218.0	223.0	214.5	222.0	3649869	2021/11/23 
2021/11/24 	221.0	228.0	217.0	217.0	5498201	2021/11/24 
2021/11/25 	216.0	218.0	206.0	206.0	4038665	2021/11/25 
2021/11/26 	209.0	213.5	206.0	206.0	2582537	2021/11/26 
2021/11/29 	202.0	211.5	200.0	211.0	2002181	2021/11/29 
2021/11/30 	211.0	213.0	203.5	209.5	2964471	2021/11/30 
2021/12/01 	208.0	211.0	206.0	209.0	938305	2021/12/01 
2021/12/02 	209.0	211.5	205.5	205.5	1360297	2021/12/02 
2021/12/03 	206.0	217.0	206.0	215.0	3125305	2021/12/03 
2021/12/06 	213.5	226.0	213.5	222.0	3824814	2021/12/06 
2021/12/07 	224.5	231.0	222.0	227.5	6630593	2021/12/07 
2021/12/08 	233.0	235.5	217.5	219.5	8316882	2021/12/08 
2021/12/09 	218.0	224.0	216.0	219.0	2350261	2021/12/09 
2021/12/10 	216.5	218.0	213.5	214.0	1566518	2021/12/10 
2021/12/13 	216.5	228.0	216.5	223.5	4343760	2021/12/13 
2021/12/14 	225.0	228.0	221.0	223.0	3815299	2021/12/14 
2021/12/15 	225.0	226.0	217.0	219.5	2526207	2021/12/15 
2021/12/16 	222.0	241.0	222.0	235.5	10247417	2021/12/16 
2021/12/17 	230.5	234.0	214.5	216.0	8810584	2021/12/17 
2021/12/20 	216.5	220.0	215.0	216.5	1916220	2021/12/20 
2021/12/21 	216.0	219.0	212.0	218.5	1812170	2021/12/21 
2021/12/22 	218.5	219.5	215.5	216.0	1094408	2021/12/22 
2021/12/23 	218.0	221.0	215.5	215.5	1230152	2021/12/23 
2021/12/24 	217.5	220.0	215.0	215.5	1263010	2021/12/24 
2021/12/27 	214.0	216.0	213.0	213.5	1073059	2021/12/27 
2021/12/28 	215.5	217.5	213.0	213.5	1066292	2021/12/28 
2021/12/29 	215.0	215.0	212.5	213.5	648130	2021/12/29 
2021/12/30 	215.0	221.0	213.5	219.0	2327570	2021/12/30 
2022/01/03 	222.0	224.5	219.0	220.0	2325127	2022/01/03 
2022/01/04 	222.0	222.0	216.5	217.5	1321300	2022/01/04 
2022/01/05 	217.5	221.0	215.0	219.5	1688579	2022/01/05 
2022/01/06 	218.0	224.0	213.5	223.0	4091450	2022/01/06 
2022/01/07 	222.0	229.5	219.0	221.5	5373334	2022/01/07 
2022/01/10 	219.5	242.5	219.5	239.0	11962662	2022/01/10 
2022/01/11 	241.0	248.5	232.0	245.0	23381729	2022/01/11 
2022/01/12 	252.0	259.0	239.0	242.5	18826325	2022/01/12 
2022/01/13 	242.5	246.0	228.5	229.0	7466146	2022/01/13 
2022/01/14 	227.0	232.0	223.0	230.0	5579242	2022/01/14 
2022/01/17 	227.0	244.5	225.5	244.5	7427805	2022/01/17 
2022/01/18 	245.5	255.0	239.5	246.0	11511584	2022/01/18 
2022/01/19 	239.0	251.0	238.0	246.5	7261185	2022/01/19 
2022/01/20 	247.0	254.0	241.5	254.0	7598263	2022/01/20 
2022/01/21 	248.5	250.0	233.0	233.0	7752653	2022/01/21 
2022/01/24 	233.0	236.5	229.0	231.5	4342240	2022/01/24 
2022/01/25 	229.0	231.5	219.0	219.0	4738555	2022/01/25 
2022/01/26 	220.0	227.0	219.0	221.5	3517543	2022/01/26 
2022/02/07 	225.0	238.0	222.5	237.0	3185215	2022/02/07 
2022/02/08 	232.5	240.0	231.5	240.0	3492559	2022/02/08 
2022/02/09 	240.0	255.0	239.0	253.5	8019994	2022/02/09 
2022/02/10 	254.0	256.0	248.0	255.0	4505402	2022/02/10 
2022/02/11 	250.0	256.0	247.0	249.5	3762977	2022/02/11 
2022/02/14 	244.5	247.0	239.5	243.5	3074620	2022/02/14 
2022/02/15 	246.0	249.5	232.5	233.0	4646615	2022/02/15 
2022/02/16 	237.5	239.5	233.0	235.0	3201765	2022/02/16 
2022/02/17 	237.0	240.5	230.5	233.5	1956165	2022/02/17 
2022/02/18 	230.0	232.5	229.0	231.5	1210370	2022/02/18 
2022/02/21 	231.5	233.5	227.5	232.0	1123242	2022/02/21 
2022/02/22 	230.5	231.5	223.5	227.0	1900359	2022/02/22 
2022/02/23 	229.5	233.0	227.0	231.5	1255345	2022/02/23 
2022/02/24 	227.0	227.5	211.5	214.5	5181877	2022/02/24 
2022/02/25 	217.0	220.0	198.0	199.0	8958064	2022/02/25 
2022/03/01 	202.5	210.0	199.5	210.0	3813342	2022/03/01 
2022/03/02 	207.5	209.0	199.0	209.0	3478071	2022/03/02 
2022/03/03 	211.0	213.5	204.5	205.0	2155555	2022/03/03 
2022/03/04 	202.5	205.0	199.0	199.5	2364417	2022/03/04 
2022/03/07 	196.0	197.5	187.0	190.5	3804863	2022/03/07 
2022/03/08 	189.5	190.0	178.5	179.0	5154225	2022/03/08 
2022/03/09 	183.0	185.5	179.0	184.5	2335739	2022/03/09 
2022/03/10 	188.0	189.5	185.0	186.0	1753050	2022/03/10 
2022/03/11 	190.0	192.5	183.0	183.5	3594319	2022/03/11 
2022/03/14 	183.5	187.5	182.5	186.5	2146398	2022/03/14 
2022/03/15 	184.5	185.0	175.0	175.0	2724207	2022/03/15 
2022/03/16 	179.5	181.5	175.0	177.0	1676002	2022/03/16 
2022/03/17 	181.5	186.5	181.5	185.0	1716022	2022/03/17 
2022/03/18 	187.0	190.0	182.0	188.5	1608924	2022/03/18 
2022/03/21 	192.5	193.0	185.0	188.0	2120117	2022/03/21 
2022/03/22 	189.5	191.5	186.5	188.0	1540105	2022/03/22 
2022/03/23 	190.0	193.0	188.5	191.5	1677287	2022/03/23 
2022/03/24 	191.0	191.0	187.5	190.0	966202	2022/03/24 
2022/03/25 	192.0	192.0	187.0	188.0	1217018	2022/03/25 
2022/03/28 	185.0	191.0	184.5	190.5	1008562	2022/03/28 
2022/03/29 	192.5	202.0	192.0	198.0	6522461	2022/03/29 
2022/03/30 	200.0	201.0	194.5	195.5	3023255	2022/03/30 
2022/03/31 	195.5	197.0	194.0	194.5	791156	2022/03/31 
2022/04/01 	193.0	193.5	188.0	193.0	1880113	2022/04/01 
2022/04/06 	190.0	192.5	188.5	191.0	727769	2022/04/06 
2022/04/07 	191.0	192.5	185.0	185.5	1023697	2022/04/07 
2022/04/08 	187.0	189.0	186.0	186.5	664132	2022/04/08 
2022/04/11 	187.0	187.0	180.0	180.0	1175253	2022/04/11 
2022/04/12 	178.5	182.5	178.5	181.5	716029	2022/04/12 
2022/04/13 	185.0	185.5	182.0	182.5	496780	2022/04/13 
2022/04/14 	184.5	184.5	178.5	180.0	499112	2022/04/14 
2022/04/15 	178.5	180.5	176.5	177.0	537237	2022/04/15 
2022/04/18 	175.5	178.0	173.5	174.0	680990	2022/04/18 
2022/04/19 	177.0	179.0	174.5	174.5	513019	2022/04/19 
2022/04/20 	175.5	177.5	172.0	173.5	603105	2022/04/20 
2022/04/21 	175.0	175.0	171.0	172.0	648133	2022/04/21 
2022/04/22 	170.0	173.0	168.5	169.5	970826	2022/04/22 
2022/04/25 	164.0	165.5	159.0	160.5	1703511	2022/04/25 
2022/04/26 	163.0	164.0	160.0	161.5	902105	2022/04/26 
2022/04/27 	154.5	158.5	151.0	157.0	2007100	2022/04/27 
2022/04/28 	157.5	163.5	154.0	159.0	1190067	2022/04/28 
2022/04/29 	162.5	163.5	159.5	160.5	658547	2022/04/29 
2022/05/03 	161.0	163.5	160.0	162.0	629010	2022/05/03 
2022/05/04 	164.0	164.5	162.5	163.0	409229	2022/05/04 
2022/05/05 	166.0	168.5	163.5	164.5	834100	2022/05/05 
2022/05/06 	159.5	163.0	158.5	162.5	647198	2022/05/06 
2022/05/09 	166.0	169.0	161.0	161.0	2689019	2022/05/09 
2022/05/10 	157.5	160.0	155.5	158.0	1748050	2022/05/10 
2022/05/11 	157.5	159.0	152.0	152.5	1639346	2022/05/11 
2022/05/12 	151.5	155.5	151.5	153.0	1348077	2022/05/12 
2022/05/13 	155.0	157.0	152.0	154.0	1855330	2022/05/13 
2022/05/16 	156.5	156.5	147.0	147.0	2423710	2022/05/16 
2022/05/17 	148.5	153.5	146.5	153.0	2468180	2022/05/17 
2022/05/18 	154.5	156.5	152.5	154.0	1304037	2022/05/18 
2022/05/19 	150.0	156.0	149.0	156.0	1252110	2022/05/19 
2022/05/20 	157.0	157.5	154.0	155.5	899021	2022/05/20 
2022/05/23 	154.5	157.5	153.5	154.5	832179	2022/05/23 
2022/05/24 	155.0	155.0	149.0	149.0	1194383	2022/05/24 
2022/05/25 	149.5	153.0	148.5	152.0	782500	2022/05/25 
2022/05/26 	153.0	154.5	149.5	151.0	1023850	2022/05/26 
2022/05/27 	154.5	155.5	152.5	153.0	1214815	2022/05/27 
2022/05/30 	157.5	161.5	156.5	160.0	1997183	2022/05/30 
2022/05/31 	160.0	162.0	157.5	161.5	1730220	2022/05/31 
2022/06/01 	161.5	163.5	157.0	158.0	2647310	2022/06/01 
2022/06/02 	159.0	167.5	159.0	162.0	3593071	2022/06/02 
2022/06/06 	162.0	162.0	156.5	157.5	2072321	2022/06/06 
2022/06/07 	157.5	157.5	155.5	156.0	748384	2022/06/07 
2022/06/08 	158.0	158.0	153.5	153.5	1049167	2022/06/08 
2022/06/09 	153.5	154.5	152.0	154.0	641000	2022/06/09 
2022/06/10 	152.5	153.0	151.0	151.5	668094	2022/06/10 
2022/06/13 	147.0	148.5	145.0	145.5	1702909	2022/06/13 
2022/06/14 	144.5	147.5	143.5	147.0	959013	2022/06/14 
2022/06/15 	146.0	148.0	143.5	143.5	852854	2022/06/15 
2022/06/16 	146.5	146.5	142.5	142.5	1051311	2022/06/16 
2022/06/17 	140.5	143.5	137.5	143.5	1291064	2022/06/17 
2022/06/20 	143.0	143.0	130.5	130.5	1750627	2022/06/20 
2022/06/21 	134.0	138.0	133.5	137.0	1184062	2022/06/21 
2022/06/22 	138.0	138.0	131.0	131.5	902104	2022/06/22 
2022/06/23 	132.5	133.5	129.0	130.0	636040	2022/06/23 
2022/06/24 	132.5	135.0	131.5	132.5	648800	2022/06/24 
2022/06/27 	135.5	137.0	134.5	136.0	515212	2022/06/27 
2022/06/28 	136.5	136.5	132.0	132.5	406500	2022/06/28 
2022/06/29 	131.0	134.0	130.5	133.0	436010	2022/06/29 
2022/06/30 	133.0	133.0	125.0	125.5	1254410	2022/06/30 
2022/07/01 	125.5	126.5	118.0	118.0	1535549	2022/07/01 
2022/07/04 	118.5	121.5	116.5	117.5	1144300	2022/07/04 
2022/07/05 	121.0	123.0	116.5	119.5	736118	2022/07/05 
2022/07/06 	119.0	119.5	113.0	114.0	816260	2022/07/06 
2022/07/07 	115.5	119.0	113.0	118.5	1048553	2022/07/07 
2022/07/08 	120.0	122.0	118.5	120.0	803992	2022/07/08 
2022/07/11 	121.5	122.0	115.5	118.5	1320050	2022/07/11 
2022/07/12 	119.0	120.0	114.0	114.5	1154499	2022/07/12 
2022/07/13 	118.0	119.0	117.0	118.5	584362	2022/07/13 
2022/07/14 	117.0	122.0	116.5	121.5	626340	2022/07/14 
2022/07/15 	122.5	122.5	120.0	122.0	557953	2022/07/15 
2022/07/18 	123.0	125.0	122.0	124.5	602037	2022/07/18 
2022/07/19 	123.5	124.0	122.5	123.5	501449	2022/07/19 
2022/07/20 	126.0	127.5	125.0	125.0	745867	2022/07/20 
2022/07/21 	125.5	128.5	125.0	128.5	594440	2022/07/21 
2022/07/22 	129.5	131.0	127.0	127.5	738065	2022/07/22 
2022/07/25 	128.0	128.0	126.0	127.5	356371	2022/07/25 
2022/07/26 	128.0	130.0	125.0	125.5	798203	2022/07/26 
2022/07/27 	126.0	126.5	124.0	126.0	594468	2022/07/27 
2022/07/28 	120.0	120.0	114.5	114.5	1012000	2022/07/28 
2022/07/29 	116.0	116.0	113.0	113.0	902104	2022/07/29 
2022/08/01 	113.5	116.5	113.0	116.0	552000	2022/08/01 
2022/08/02 	114.0	114.5	111.5	112.5	502150	2022/08/02 
2022/08/03 	112.5	113.0	110.0	110.5	483288	2022/08/03 
2022/08/04 	110.5	110.5	106.5	108.0	574020	2022/08/04 
2022/08/05 	110.0	114.5	110.0	111.5	742260	2022/08/05 
2022/08/08 	113.5	118.5	112.5	116.0	1496313	2022/08/08 
2022/08/09 	116.0	116.0	112.0	113.0	1119599	2022/08/09 
2022/08/10 	112.0	112.5	110.0	110.5	875225	2022/08/10 
2022/08/11 	110.5	114.0	109.5	113.0	1485100	2022/08/11 
2022/08/12 	113.0	117.5	113.0	117.0	883946	2022/08/12 
2022/08/15 	119.0	119.5	117.0	118.5	1334234	2022/08/15 
2022/08/16 	118.5	119.0	117.5	118.0	486102	2022/08/16 
2022/08/17 	118.5	121.0	117.5	120.0	1045275	2022/08/17 
2022/08/18 	118.5	120.5	117.0	119.5	801710	2022/08/18 
2022/08/19 	119.5	125.0	119.5	123.5	1520320	2022/08/19 
2022/08/22 	122.0	124.5	121.5	122.0	630000	2022/08/22 
2022/08/23 	118.0	120.0	117.5	119.0	669020	2022/08/23 
2022/08/24 	122.0	123.0	118.5	118.5	694248	2022/08/24 
2022/08/25 	120.5	123.0	120.0	121.0	889139	2022/08/25 
2022/08/26 	123.5	125.0	122.0	122.5	921166	2022/08/26 
2022/08/29 	118.0	119.5	116.5	118.5	709059	2022/08/29 
2022/08/30 	119.5	121.0	119.0	121.0	508126	2022/08/30 
2022/08/31 	121.5	125.0	121.0	123.5	1002473	2022/08/31 
2022/09/01 	123.5	124.0	120.5	121.0	754442	2022/09/01 
2022/09/02 	122.0	122.5	118.5	118.5	661030	2022/09/02 
2022/09/05 	120.0	120.0	113.5	113.5	1003174	2022/09/05 
2022/09/06 	114.0	115.0	110.5	111.0	760200	2022/09/06 
2022/09/07 	109.5	110.5	108.5	108.5	478039	2022/09/07 
2022/09/08 	111.0	111.0	107.0	108.5	667200	2022/09/08 
2022/09/12 	104.0	104.5	99.0	102.0	2476500	2022/09/12 
2022/09/13 	103.5	105.0	101.0	102.0	805000	2022/09/13 
2022/09/14 	99.0	101.0	98.19999694824219	100.5	930261	2022/09/14 
2022/09/15 	103.0	103.0	100.5	100.5	442137	2022/09/15 
2022/09/16 	101.0	101.5	99.9000015258789	100.0	358300	2022/09/16 
2022/09/19 	100.5	100.5	95.9000015258789	96.4000015258789	955600	2022/09/19 
2022/09/20 	96.80000305175781	97.69999694824219	94.0	94.5	967673	2022/09/20 
2022/09/21 	94.69999694824219	96.0	94.0999984741211	94.0999984741211	487100	2022/09/21 
2022/09/22 	93.9000015258789	93.9000015258789	91.5999984741211	92.5	673300	2022/09/22 
2022/09/23 	92.5	93.30000305175781	89.9000015258789	89.9000015258789	634400	2022/09/23 
2022/09/26 	88.80000305175781	88.80000305175781	84.0	84.5	1071414	2022/09/26 
2022/09/27 	85.19999694824219	87.80000305175781	84.5999984741211	87.5	733200	2022/09/27 
2022/09/28 	87.5	87.5	81.30000305175781	81.30000305175781	863260	2022/09/28 
2022/09/29 	82.69999694824219	84.30000305175781	81.5999984741211	82.4000015258789	557300	2022/09/29 
2022/09/30 	80.5999984741211	83.80000305175781	79.69999694824219	83.5	579301	2022/09/30 
2022/10/03 	81.80000305175781	84.5	81.80000305175781	82.69999694824219	615010	2022/10/03 
2022/10/04 	84.5999984741211	85.30000305175781	84.0	85.0	600217	2022/10/04 
2022/10/05 	86.69999694824219	88.0	85.30000305175781	86.30000305175781	766365	2022/10/05 
2022/10/06 	87.0999984741211	87.0999984741211	85.30000305175781	86.4000015258789	228500	2022/10/06 
2022/10/07 	86.4000015258789	86.4000015258789	83.5999984741211	83.9000015258789	610031	2022/10/07 
2022/10/11 	81.19999694824219	83.0999984741211	79.9000015258789	80.19999694824219	1023556	2022/10/11 
2022/10/12 	81.5	81.5	78.69999694824219	79.9000015258789	492502	2022/10/12 
2022/10/13 	80.4000015258789	80.80000305175781	74.5	74.80000305175781	793947	2022/10/13 
2022/10/14 	79.0	79.5	77.19999694824219	79.19999694824219	558400	2022/10/14 
2022/10/17 	77.5999984741211	81.19999694824219	75.9000015258789	81.19999694824219	554800	2022/10/17 
2022/10/18 	82.0	82.9000015258789	80.30000305175781	81.5	406130	2022/10/18 
2022/10/19 	81.0	82.9000015258789	80.69999694824219	81.0	392406	2022/10/19 
2022/10/20 	80.69999694824219	82.9000015258789	79.4000015258789	82.69999694824219	569180	2022/10/20 
2022/10/21 	82.80000305175781	83.5	79.4000015258789	79.5999984741211	628148	2022/10/21 
2022/10/24 	81.69999694824219	83.30000305175781	81.0	81.0	468000	2022/10/24 
2022/10/25 	81.5	81.5	78.5999984741211	78.5999984741211	399035	2022/10/25 
2022/10/26 	79.0	79.4000015258789	77.0	77.5	352000	2022/10/26 
2022/10/27 	77.80000305175781	79.9000015258789	77.80000305175781	79.80000305175781	446135	2022/10/27 
2022/10/28 	78.30000305175781	79.80000305175781	75.19999694824219	75.30000305175781	821260	2022/10/28 
2022/10/31 	76.5	79.5999984741211	76.0	79.0	752038	2022/10/31 
2022/11/01 	79.0	81.30000305175781	78.69999694824219	80.5	458252	2022/11/01 
2022/11/02 	80.5	82.4000015258789	79.80000305175781	81.69999694824219	448024	2022/11/02 
2022/11/03 	80.69999694824219	83.0	80.30000305175781	83.0	415807	2022/11/03 
2022/11/04 	82.80000305175781	83.0999984741211	81.5999984741211	83.0	333137	2022/11/04 
2022/11/07 	84.0	85.69999694824219	84.0	84.69999694824219	852221	2022/11/07 
2022/11/08 	84.19999694824219	85.80000305175781	82.80000305175781	82.80000305175781	1093100	2022/11/08 
2022/11/09 	84.30000305175781	89.4000015258789	84.19999694824219	85.80000305175781	2295000	2022/11/09 
2022/11/10 	84.9000015258789	90.80000305175781	84.5999984741211	88.19999694824219	2284365	2022/11/10 
2022/11/11 	88.80000305175781	88.80000305175781	84.69999694824219	84.9000015258789	3007300	2022/11/11 
2022/11/14 	85.0999984741211	85.5999984741211	84.19999694824219	85.5	813060	2022/11/14 
2022/11/15 	85.5999984741211	87.5	85.19999694824219	86.9000015258789	959052	2022/11/15 
2022/11/16 	87.0999984741211	89.80000305175781	86.30000305175781	88.9000015258789	1383560	2022/11/16 
2022/11/17 	90.0999984741211	91.4000015258789	88.0999984741211	91.4000015258789	1123319	2022/11/17 
2022/11/18 	91.5	91.80000305175781	88.69999694824219	88.80000305175781	1163253	2022/11/18 
2022/11/21 	89.0	89.5999984741211	87.80000305175781	87.80000305175781	395000	2022/11/21 
2022/11/22 	88.19999694824219	88.69999694824219	86.9000015258789	87.80000305175781	475300	2022/11/22 
2022/11/23 	88.80000305175781	90.4000015258789	88.0999984741211	88.19999694824219	715579	2022/11/23 
2022/11/24 	88.5999984741211	90.5999984741211	88.4000015258789	90.4000015258789	761312	2022/11/24 
2022/11/25 	91.0	91.0	88.5999984741211	88.5999984741211	607000	2022/11/25 
2022/11/28 	87.69999694824219	89.69999694824219	87.0999984741211	89.0999984741211	280201	2022/11/28 
2022/11/29 	88.5999984741211	88.9000015258789	88.0999984741211	88.5999984741211	241200	2022/11/29 
2022/11/30 	88.69999694824219	92.5	88.69999694824219	92.0	1349120	2022/11/30 
2022/12/01 	93.0	95.5999984741211	92.0999984741211	95.4000015258789	1974152	2022/12/01 
2022/12/02 	95.5	101.0	95.4000015258789	100.5	3419321	2022/12/02 
2022/12/05 	100.5	102.5	99.69999694824219	101.0	1964240	2022/12/05 
2022/12/06 	102.0	102.0	98.0	98.0	1745150	2022/12/06 
2022/12/07 	97.4000015258789	101.0	96.9000015258789	97.5	1707250	2022/12/07 
2022/12/08 	97.5	98.5	97.5	97.80000305175781	585025	2022/12/08 
2022/12/09 	98.30000305175781	98.80000305175781	95.19999694824219	96.0	1094063	2022/12/09 
2022/12/12 	96.0	96.0	93.30000305175781	93.9000015258789	699682	2022/12/12 
2022/12/13 	94.30000305175781	94.80000305175781	93.9000015258789	93.9000015258789	425030	2022/12/13 
2022/12/14 	93.9000015258789	94.9000015258789	93.5	94.9000015258789	395122	2022/12/14 
2022/12/15 	94.69999694824219	95.0999984741211	93.69999694824219	93.80000305175781	565088	2022/12/15 
2022/12/16 	92.4000015258789	92.69999694824219	90.30000305175781	90.30000305175781	843640	2022/12/16 
2022/12/19 	89.5	91.0	88.9000015258789	89.9000015258789	320500	2022/12/19 
2022/12/20 	89.5999984741211	90.69999694824219	87.0999984741211	87.0999984741211	456050	2022/12/20 
2022/12/21 	87.5	88.5	86.69999694824219	86.9000015258789	301550	2022/12/21 
2022/12/22 	88.0	88.4000015258789	87.69999694824219	87.9000015258789	183065	2022/12/22 
2022/12/23 	87.5	89.5	86.5999984741211	89.30000305175781	262050	2022/12/23 
2022/12/26 	88.9000015258789	89.0	88.5	88.9000015258789	137100	2022/12/26 
2022/12/27 	89.19999694824219	90.5999984741211	89.19999694824219	89.9000015258789	270101	2022/12/27 
2022/12/28 	89.80000305175781	89.80000305175781	87.30000305175781	87.30000305175781	309149	2022/12/28 
2022/12/29 	86.30000305175781	87.80000305175781	86.30000305175781	87.69999694824219	141005	2022/12/29 
2022/12/30 	88.5	88.9000015258789	87.9000015258789	88.0	118051	2022/12/30 
2023/01/03 	88.0	89.4000015258789	87.30000305175781	89.19999694824219	217140	2023/01/03 
2023/01/04 	89.4000015258789	90.4000015258789	88.5	88.5	273142	2023/01/04 
2023/01/05 	89.0	91.19999694824219	89.0	89.5999984741211	437280	2023/01/05 
2023/01/06 	89.5999984741211	90.80000305175781	89.19999694824219	90.80000305175781	279102	2023/01/06 
2023/01/09 	91.80000305175781	92.5	91.0	91.9000015258789	460167	2023/01/09 
2023/01/10 	92.5	92.5	91.0	91.19999694824219	269101	2023/01/10 
2023/01/11 	91.19999694824219	92.4000015258789	91.0	92.30000305175781	347115	2023/01/11 
2023/01/12 	92.5	92.5	90.0999984741211	90.0999984741211	347565	2023/01/12 
2023/01/13 	90.80000305175781	91.4000015258789	89.30000305175781	89.5999984741211	235116	2023/01/13 
2023/01/16 	89.9000015258789	90.80000305175781	89.5999984741211	90.69999694824219	176110	2023/01/16 
2023/01/17 	90.69999694824219	90.69999694824219	89.80000305175781	90.0	180315	2023/01/17 
2023/01/30 	91.5	93.69999694824219	91.0	93.5	611040	2023/01/30 
2023/01/31 	93.5	96.19999694824219	93.0	95.0999984741211	780056	2023/01/31 
2023/02/01 	95.9000015258789	96.4000015258789	94.5999984741211	96.4000015258789	523101	2023/02/01 
2023/02/02 	97.4000015258789	98.4000015258789	96.4000015258789	97.69999694824219	913301	2023/02/02 
2023/02/03 	98.0999984741211	98.19999694824219	96.4000015258789	96.5999984741211	582193	2023/02/03 
2023/02/06 	96.5999984741211	96.9000015258789	95.0	95.0	405040	2023/02/06 
2023/02/07 	95.0	96.30000305175781	95.0	96.19999694824219	388165	2023/02/07 
2023/02/08 	97.0999984741211	98.5999984741211	96.30000305175781	98.5999984741211	956168	2023/02/08 
2023/02/09 	98.5999984741211	98.5999984741211	96.69999694824219	96.80000305175781	576112	2023/02/09 
2023/02/10 	97.0	97.5999984741211	95.0999984741211	95.0999984741211	532010	2023/02/10 
2023/02/13 	94.5	94.9000015258789	93.69999694824219	93.9000015258789	314010	2023/02/13 
2023/02/14 	94.0	94.80000305175781	93.0999984741211	94.5	171024	2023/02/14 
2023/02/15 	94.80000305175781	95.5	94.0	94.69999694824219	204001	2023/02/15 
2023/02/16 	95.5	97.0999984741211	95.19999694824219	96.9000015258789	360140	2023/02/16 
2023/02/17 	96.0	97.69999694824219	95.9000015258789	97.5	318015	2023/02/17 
2023/02/20 	97.5	98.80000305175781	97.30000305175781	98.0999984741211	465217	2023/02/20 
