Date	Open	High	Low	Close	Volume	Date
2018/11/15 	71.55999755859375	72.19999694824219	68.41999816894531	71.55999755859375	177305	2018/11/15 
2018/11/16 	68.41000366210938	69.88999938964844	67.80999755859375	68.41000366210938	42750	2018/11/16 
2018/11/19 	68.5	70.0	68.41000366210938	68.5	41000	2018/11/19 
2018/11/20 	68.95999908447266	69.5	68.01000213623047	68.95999908447266	78000	2018/11/20 
2018/11/21 	73.4000015258789	73.4000015258789	68.0	73.4000015258789	108679	2018/11/21 
2018/11/22 	73.30000305175781	74.5	72.0	73.30000305175781	83788	2018/11/22 
2018/11/23 	72.0	73.0	71.0199966430664	72.0	16000	2018/11/23 
2018/11/26 	72.48999786376953	72.48999786376953	71.41000366210938	72.48999786376953	15023	2018/11/26 
2018/11/27 	76.30000305175781	76.30000305175781	71.68000030517578	76.30000305175781	139875	2018/11/27 
2018/11/28 	75.19999694824219	76.33999633789062	73.01000213623047	75.19999694824219	78600	2018/11/28 
2018/11/29 	76.0	77.0999984741211	74.4000015258789	76.0	191561	2018/11/29 
2018/11/30 	80.79000091552734	80.9000015258789	76.0	80.79000091552734	71493	2018/11/30 
2018/12/03 	81.80000305175781	82.0	78.01000213623047	81.80000305175781	127981	2018/12/03 
2018/12/04 	80.48999786376953	81.98999786376953	79.27999877929688	80.48999786376953	90550	2018/12/04 
2018/12/05 	81.0	81.0	79.0	81.0	102200	2018/12/05 
2018/12/06 	80.0	80.5999984741211	79.80000305175781	80.0	46270	2018/12/06 
2018/12/07 	80.25	80.88999938964844	80.19999694824219	80.25	34000	2018/12/07 
2018/12/10 	80.0999984741211	80.26000213623047	79.0199966430664	80.0999984741211	46000	2018/12/10 
2018/12/11 	84.94000244140625	86.5	80.0999984741211	84.94000244140625	142692	2018/12/11 
2018/12/12 	90.38999938964844	90.4000015258789	84.9800033569336	90.38999938964844	234839	2018/12/12 
2018/12/13 	89.70999908447266	90.5	88.51000213623047	89.70999908447266	122516	2018/12/13 
2018/12/14 	90.11000061035156	90.30000305175781	89.0	90.11000061035156	85565	2018/12/14 
2018/12/17 	91.2300033569336	93.7699966430664	89.5999984741211	91.2300033569336	132050	2018/12/17 
2018/12/18 	90.44000244140625	92.0	89.11000061035156	90.44000244140625	107400	2018/12/18 
2018/12/19 	90.30000305175781	90.5	89.5999984741211	90.30000305175781	85917	2018/12/19 
2018/12/20 	87.80999755859375	90.30000305175781	87.80999755859375	87.80999755859375	121251	2018/12/20 
2018/12/21 	88.80000305175781	89.0	87.5999984741211	88.80000305175781	59078	2018/12/21 
2018/12/24 	88.69999694824219	88.98999786376953	88.5999984741211	88.69999694824219	11000	2018/12/24 
2018/12/25 	88.66000366210938	89.0	88.01000213623047	88.66000366210938	9000	2018/12/25 
2018/12/26 	90.5	90.98999786376953	88.66999816894531	90.5	28089	2018/12/26 
2018/12/27 	94.98999786376953	95.05000305175781	90.51000213623047	94.98999786376953	374438	2018/12/27 
2018/12/28 	90.0	95.38999938964844	88.80999755859375	90.0	81844	2018/12/28 
2019/01/02 	90.20999908447266	91.0	90.20999908447266	90.20999908447266	38530	2019/01/02 
2019/01/03 	91.80000305175781	92.4800033569336	90.98999786376953	91.80000305175781	34700	2019/01/03 
2019/01/04 	92.0	92.0	91.01000213623047	92.0	37700	2019/01/04 
2019/01/07 	94.0	95.19000244140625	92.0	94.0	66500	2019/01/07 
2019/01/08 	93.01000213623047	94.0	93.0	93.01000213623047	16000	2019/01/08 
2019/01/09 	94.87999725341797	95.48999786376953	93.98999786376953	94.87999725341797	97800	2019/01/09 
2019/01/10 	100.31999969482422	100.38999938964844	95.25	100.31999969482422	270403	2019/01/10 
2019/01/11 	102.0	105.98999786376953	100.0	102.0	345075	2019/01/11 
2019/01/14 	102.0	103.13999938964844	98.0	102.0	131300	2019/01/14 
2019/01/15 	102.0	103.5	101.0	102.0	97800	2019/01/15 
2019/01/16 	101.4000015258789	103.69999694824219	101.0	101.4000015258789	80400	2019/01/16 
2019/01/17 	98.83000183105469	102.33999633789062	96.0	98.83000183105469	226915	2019/01/17 
2019/01/18 	100.5	100.63999938964844	98.83000183105469	100.5	56436	2019/01/18 
2019/01/21 	100.0	101.48999786376953	98.0	100.0	64101	2019/01/21 
2019/01/22 	99.5199966430664	100.4000015258789	99.5	99.5199966430664	23591	2019/01/22 
2019/01/23 	101.88999938964844	103.36000061035156	99.98999786376953	101.88999938964844	109313	2019/01/23 
2019/01/24 	101.01000213623047	102.0	98.5	101.01000213623047	122308	2019/01/24 
2019/01/25 	101.0999984741211	101.98999786376953	100.01000213623047	101.0999984741211	43600	2019/01/25 
2019/01/28 	100.0	101.19000244140625	99.72000122070312	100.0	15000	2019/01/28 
2019/01/29 	100.83000183105469	101.05999755859375	100.30999755859375	100.83000183105469	12000	2019/01/29 
2019/01/30 	101.5	103.30000305175781	100.51000213623047	101.5	30601	2019/01/30 
2019/02/11 	107.0	107.0	101.0	107.0	176225	2019/02/11 
2019/02/12 	107.5	108.88999938964844	105.30000305175781	107.5	131650	2019/02/12 
2019/02/13 	116.0	116.0	107.98999786376953	116.0	313793	2019/02/13 
2019/02/14 	118.87999725341797	121.05000305175781	115.01000213623047	118.87999725341797	149503	2019/02/14 
2019/02/15 	116.58999633789062	119.98999786376953	115.0199966430664	116.58999633789062	126809	2019/02/15 
2019/02/18 	116.33999633789062	117.3499984741211	114.5	116.33999633789062	50452	2019/02/18 
2019/02/19 	118.5999984741211	120.48999786376953	116.0	118.5999984741211	239048	2019/02/19 
2019/02/20 	117.5	119.98999786376953	115.0	117.5	143571	2019/02/20 
2019/02/21 	117.5999984741211	117.98999786376953	113.01000213623047	117.5999984741211	34426	2019/02/21 
2019/02/22 	118.98999786376953	119.69000244140625	117.69000244140625	118.98999786376953	64170	2019/02/22 
2019/02/25 	118.5999984741211	119.62999725341797	116.94000244140625	118.5999984741211	46900	2019/02/25 
2019/02/26 	117.5	119.80000305175781	117.0	117.5	65702	2019/02/26 
2019/02/27 	117.08999633789062	117.47000122070312	116.61000061035156	117.08999633789062	21180	2019/02/27 
2019/03/04 	117.38999938964844	117.98999786376953	116.91000366210938	117.38999938964844	21100	2019/03/04 
2019/03/05 	118.5999984741211	119.87000274658203	117.38999938964844	118.5999984741211	134594	2019/03/05 
2019/03/06 	118.51000213623047	119.48999786376953	117.5	118.51000213623047	29202	2019/03/06 
2019/03/07 	118.98999786376953	119.41999816894531	118.01000213623047	118.98999786376953	52300	2019/03/07 
2019/03/08 	118.51000213623047	119.08999633789062	117.51000213623047	118.51000213623047	62150	2019/03/08 
2019/03/11 	115.91000366210938	117.61000061035156	113.01000213623047	115.91000366210938	118650	2019/03/11 
2019/03/12 	117.33999633789062	117.3499984741211	116.5	117.33999633789062	10650	2019/03/12 
2019/03/13 	117.33999633789062	117.4000015258789	116.61000061035156	117.33999633789062	26310	2019/03/13 
2019/03/14 	116.98999786376953	117.5	116.0	116.98999786376953	63851	2019/03/14 
2019/03/15 	117.0	117.5	116.62999725341797	117.0	22225	2019/03/15 
2019/03/18 	117.25	117.25	116.38999938964844	117.25	18700	2019/03/18 
2019/03/19 	117.0	117.48999786376953	116.4000015258789	117.0	68251	2019/03/19 
2019/03/20 	117.19999694824219	117.5	116.63999938964844	117.19999694824219	29500	2019/03/20 
2019/03/21 	115.5999984741211	117.0	114.63999938964844	115.5999984741211	90120	2019/03/21 
2019/03/22 	115.3499984741211	115.3499984741211	110.20999908447266	115.3499984741211	184751	2019/03/22 
2019/03/25 	113.38999938964844	113.38999938964844	110.20999908447266	113.38999938964844	64000	2019/03/25 
2019/03/26 	113.0	113.5999984741211	112.66000366210938	113.0	50500	2019/03/26 
2019/03/27 	113.4000015258789	113.48999786376953	112.69000244140625	113.4000015258789	11740	2019/03/27 
2019/03/28 	107.5	113.19999694824219	106.66000366210938	107.5	155400	2019/03/28 
2019/03/29 	109.0	109.48999786376953	106.01000213623047	109.0	55156	2019/03/29 
2019/04/01 	112.75	115.33999633789062	108.52999877929688	112.75	100050	2019/04/01 
2019/04/02 	113.0	113.75	112.5	113.0	71101	2019/04/02 
2019/04/03 	112.16999816894531	113.3499984741211	110.0	112.16999816894531	84627	2019/04/03 
2019/04/08 	108.30999755859375	111.0	107.08000183105469	108.30999755859375	124712	2019/04/08 
2019/04/09 	102.0	107.5	101.01000213623047	102.0	188065	2019/04/09 
2019/04/10 	105.98999786376953	105.98999786376953	100.01000213623047	105.98999786376953	257874	2019/04/10 
2019/04/11 	102.98999786376953	104.19999694824219	101.01000213623047	102.98999786376953	117002	2019/04/11 
2019/04/12 	99.5	103.9800033569336	99.0	99.5	188752	2019/04/12 
2019/04/15 	103.4000015258789	104.30999755859375	99.5	103.4000015258789	90001	2019/04/15 
2019/04/16 	105.44999694824219	105.68000030517578	102.5	105.44999694824219	42850	2019/04/16 
2019/04/17 	107.81999969482422	109.4800033569336	105.80000305175781	107.81999969482422	120929	2019/04/17 
2019/04/18 	106.58999633789062	108.98999786376953	104.5	106.58999633789062	103152	2019/04/18 
2019/04/19 	109.0	109.33000183105469	106.5	109.0	43104	2019/04/19 
2019/04/22 	108.44999694824219	109.9800033569336	108.11000061035156	108.44999694824219	36051	2019/04/22 
2019/04/23 	108.0	109.98999786376953	107.0	108.0	37701	2019/04/23 
2019/04/24 	107.98999786376953	109.0	106.18000030517578	107.98999786376953	28205	2019/04/24 
2019/04/25 	107.19999694824219	107.19999694824219	106.66000366210938	107.19999694824219	14001	2019/04/25 
2019/04/26 	106.48999786376953	106.7699966430664	104.30999755859375	106.48999786376953	36512	2019/04/26 
2019/04/29 	106.04000091552734	106.9800033569336	105.68000030517578	106.04000091552734	29305	2019/04/29 
2019/04/30 	108.5	109.0	105.68000030517578	108.5	30003	2019/04/30 
2019/05/02 	108.0199966430664	108.33000183105469	107.5	108.0199966430664	15002	2019/05/02 
2019/05/03 	112.0	112.0	108.0	112.0	118510	2019/05/03 
2019/05/06 	111.80000305175781	113.29000091552734	109.0199966430664	111.80000305175781	93116	2019/05/06 
2019/05/07 	115.30000305175781	116.4000015258789	111.19000244140625	115.30000305175781	191024	2019/05/07 
2019/05/08 	114.98999786376953	115.44000244140625	113.0	114.98999786376953	44106	2019/05/08 
2019/05/09 	111.31999969482422	114.98999786376953	109.86000061035156	111.31999969482422	82301	2019/05/09 
2019/05/10 	113.98999786376953	115.30000305175781	111.31999969482422	113.98999786376953	131003	2019/05/10 
2019/05/13 	109.4800033569336	113.41999816894531	108.44000244140625	109.4800033569336	124701	2019/05/13 
2019/05/14 	108.88999938964844	108.98999786376953	104.11000061035156	108.88999938964844	71754	2019/05/14 
2019/05/15 	108.0999984741211	108.98999786376953	106.66999816894531	108.0999984741211	37968	2019/05/15 
2019/05/16 	107.31999969482422	108.0999984741211	106.66999816894531	107.31999969482422	50701	2019/05/16 
2019/05/17 	106.80000305175781	106.9000015258789	105.83999633789062	106.80000305175781	56302	2019/05/17 
2019/05/20 	102.5	106.0	96.12000274658203	102.5	167308	2019/05/20 
2019/05/21 	104.54000091552734	104.54000091552734	101.0199966430664	104.54000091552734	45606	2019/05/21 
2019/05/22 	104.80000305175781	105.08999633789062	104.0	104.80000305175781	32704	2019/05/22 
2019/05/23 	103.80000305175781	104.58999633789062	103.0	103.80000305175781	35007	2019/05/23 
2019/05/24 	104.30999755859375	104.48999786376953	103.68000030517578	104.30999755859375	18014	2019/05/24 
2019/05/27 	103.5	104.47000122070312	103.5	103.5	31203	2019/05/27 
2019/05/28 	103.5999984741211	103.5999984741211	102.80000305175781	103.5999984741211	1002	2019/05/28 
2019/05/29 	102.98999786376953	103.58999633789062	102.4800033569336	102.98999786376953	21505	2019/05/29 
2019/05/30 	104.29000091552734	104.48999786376953	102.98999786376953	104.29000091552734	12006	2019/05/30 
2019/05/31 	104.29000091552734	104.4800033569336	103.51000213623047	104.29000091552734	12506	2019/05/31 
2019/06/03 	103.30999755859375	104.4800033569336	102.19000244140625	103.30999755859375	37005	2019/06/03 
2019/06/04 	102.04000091552734	103.69000244140625	101.38999938964844	102.04000091552734	60009	2019/06/04 
2019/06/05 	101.88999938964844	103.41000366210938	101.08000183105469	101.88999938964844	17803	2019/06/05 
2019/06/06 	99.98999786376953	102.30000305175781	97.8499984741211	99.98999786376953	98659	2019/06/06 
2019/06/10 	99.80999755859375	100.41000366210938	99.37000274658203	99.80999755859375	67953	2019/06/10 
2019/06/11 	100.3499984741211	100.41000366210938	99.88999938964844	100.3499984741211	19102	2019/06/11 
2019/06/12 	100.31999969482422	100.61000061035156	99.9000015258789	100.31999969482422	25803	2019/06/12 
2019/06/13 	102.01000213623047	104.0	100.30000305175781	102.01000213623047	32109	2019/06/13 
2019/06/14 	102.79000091552734	104.0999984741211	101.68000030517578	102.79000091552734	54808	2019/06/14 
2019/06/17 	100.98999786376953	103.19000244140625	99.52999877929688	100.98999786376953	70314	2019/06/17 
2019/06/18 	101.08000183105469	101.08999633789062	100.0	101.08000183105469	4102	2019/06/18 
2019/06/19 	100.91000366210938	102.0	100.01000213623047	100.91000366210938	68446	2019/06/19 
2019/06/20 	100.58000183105469	100.72000122070312	99.70999908447266	100.58000183105469	18155	2019/06/20 
2019/06/21 	100.29000091552734	100.58000183105469	99.5199966430664	100.29000091552734	32754	2019/06/21 
2019/06/24 	100.44999694824219	100.80999755859375	99.5199966430664	100.44999694824219	33172	2019/06/24 
2019/06/25 	100.83000183105469	101.9800033569336	100.45999908447266	100.83000183105469	22505	2019/06/25 
2019/06/26 	101.80999755859375	101.80999755859375	100.0	100.81999969482422	14103	2019/06/26 
2019/06/27 	100.9800033569336	101.98999786376953	100.91000366210938	101.48999786376953	11409	2019/06/27 
2019/06/28 	101.48999786376953	104.20999908447266	100.5	104.20999908447266	15204	2019/06/28 
2019/07/01 	101.7300033569336	102.9800033569336	101.0	102.9800033569336	8187	2019/07/01 
2019/07/02 	102.98999786376953	102.98999786376953	101.0	102.19000244140625	13507	2019/07/02 
2019/07/03 	102.0	102.31999969482422	101.5199966430664	102.31999969482422	24094	2019/07/03 
2019/07/04 	102.12000274658203	103.0	101.41000366210938	101.5999984741211	29706	2019/07/04 
2019/07/05 	102.37000274658203	102.91999816894531	102.0199966430664	102.41999816894531	17160	2019/07/05 
2019/07/08 	102.5	102.75	101.9800033569336	102.29000091552734	32001	2019/07/08 
2019/07/09 	102.29000091552734	105.33000183105469	102.29000091552734	104.94000244140625	137729	2019/07/09 
2019/07/10 	107.0	107.0	104.5	105.94000244140625	37474	2019/07/10 
2019/07/11 	104.0	105.9800033569336	102.9000015258789	103.9800033569336	37518	2019/07/11 
2019/07/12 	103.9800033569336	104.98999786376953	103.51000213623047	104.98999786376953	21276	2019/07/12 
2019/07/15 	104.98999786376953	107.98999786376953	104.01000213623047	104.70999908447266	82432	2019/07/15 
2019/07/16 	104.80000305175781	105.48999786376953	103.93000030517578	105.48999786376953	56749	2019/07/16 
2019/07/17 	106.0	107.38999938964844	105.5	106.19999694824219	106162	2019/07/17 
2019/07/18 	106.98999786376953	106.98999786376953	104.01000213623047	105.0	43303	2019/07/18 
2019/07/19 	105.31999969482422	106.29000091552734	104.45999908447266	105.8499984741211	24106	2019/07/19 
2019/07/22 	105.8499984741211	105.8499984741211	103.51000213623047	103.93000030517578	59272	2019/07/22 
2019/07/23 	103.01000213623047	103.5999984741211	102.5999984741211	103.30000305175781	45502	2019/07/23 
2019/07/24 	103.5	105.69999694824219	103.5	104.5	46608	2019/07/24 
2019/07/25 	104.5999984741211	104.5999984741211	103.27999877929688	104.31999969482422	8202	2019/07/25 
2019/07/26 	104.51000213623047	105.12999725341797	104.0199966430664	105.04000091552734	29507	2019/07/26 
2019/07/29 	105.05000305175781	105.26000213623047	104.5	105.20999908447266	17002	2019/07/29 
2019/07/30 	105.20999908447266	105.30999755859375	104.80000305175781	105.30000305175781	9002	2019/07/30 
2019/07/31 	104.77999877929688	105.11000061035156	104.0	104.9800033569336	42503	2019/07/31 
2019/08/01 	104.9800033569336	104.9800033569336	100.0	100.62000274658203	89727	2019/08/01 
2019/08/02 	100.0	100.30000305175781	94.9000015258789	99.80000305175781	256715	2019/08/02 
2019/08/05 	98.19999694824219	98.98999786376953	96.9000015258789	98.77999877929688	47403	2019/08/05 
2019/08/06 	96.5	97.0	94.19999694824219	96.38999938964844	131803	2019/08/06 
2019/08/07 	97.0	98.0	96.5	97.80000305175781	40603	2019/08/07 
2019/08/08 	97.19000244140625	100.0	96.41000366210938	97.4800033569336	53713	2019/08/08 
2019/08/12 	98.0	99.0	97.0	98.87000274658203	31902	2019/08/12 
2019/08/13 	96.80999755859375	98.0	96.01000213623047	98.0	17751	2019/08/13 
2019/08/14 	99.0	99.98999786376953	98.3499984741211	99.98999786376953	23725	2019/08/14 
2019/08/15 	100.0	100.0	97.70999908447266	99.37999725341797	17662	2019/08/15 
2019/08/16 	99.37999725341797	99.37999725341797	97.01000213623047	99.2699966430664	31852	2019/08/16 
2019/08/19 	99.2699966430664	99.30999755859375	97.45999908447266	99.29000091552734	38538	2019/08/19 
2019/08/20 	99.29000091552734	103.98999786376953	99.29000091552734	103.0	54863	2019/08/20 
2019/08/21 	103.29000091552734	104.22000122070312	102.5199966430664	103.51000213623047	86070	2019/08/21 
2019/08/22 	104.22000122070312	104.48999786376953	101.68000030517578	102.5	80481	2019/08/22 
2019/08/23 	103.4000015258789	103.9800033569336	101.0	101.98999786376953	50001	2019/08/23 
2019/08/26 	101.79000091552734	101.79000091552734	98.80000305175781	101.0	22113	2019/08/26 
2019/08/27 	101.0	101.0	98.80000305175781	100.16999816894531	17302	2019/08/27 
2019/08/28 	100.30000305175781	100.30000305175781	98.5999984741211	99.38999938964844	37115	2019/08/28 
2019/08/29 	99.98999786376953	100.0	98.5	99.2699966430664	21003	2019/08/29 
2019/08/30 	99.2699966430664	100.30999755859375	98.98999786376953	100.0	93158	2019/08/30 
2019/09/02 	100.0	102.31999969482422	99.69000244140625	102.30999755859375	36471	2019/09/02 
2019/09/03 	102.30999755859375	103.6500015258789	101.69000244140625	102.5	74230	2019/09/03 
2019/09/04 	103.0999984741211	104.31999969482422	101.19000244140625	104.2300033569336	74637	2019/09/04 
2019/09/05 	104.2300033569336	104.2300033569336	101.68000030517578	102.30000305175781	46134	2019/09/05 
2019/09/06 	101.38999938964844	103.48999786376953	101.18000030517578	102.30000305175781	12004	2019/09/06 
2019/09/10 	100.0	101.0	98.79000091552734	99.88999938964844	70204	2019/09/10 
2019/09/11 	99.0	99.97000122070312	98.69000244140625	99.88999938964844	65452	2019/09/11 
2019/09/12 	99.88999938964844	101.97000122070312	99.88999938964844	101.97000122070312	32202	2019/09/12 
2019/09/16 	101.98999786376953	102.0	100.70999908447266	101.81999969482422	29002	2019/09/16 
2019/09/17 	100.5	100.5	99.0	99.9000015258789	22101	2019/09/17 
2019/09/18 	99.98999786376953	100.29000091552734	98.72000122070312	99.9800033569336	76202	2019/09/18 
2019/09/19 	98.69999694824219	99.9800033569336	96.01000213623047	98.4000015258789	79504	2019/09/19 
2019/09/20 	98.38999938964844	98.38999938964844	95.70999908447266	97.80000305175781	55819	2019/09/20 
2019/09/23 	97.98999786376953	98.30000305175781	96.19999694824219	97.4000015258789	91567	2019/09/23 
2019/09/24 	97.30000305175781	97.38999938964844	95.19999694824219	96.98999786376953	208805	2019/09/24 
2019/09/25 	97.0	97.0	95.75	96.79000091552734	15361	2019/09/25 
2019/09/26 	96.79000091552734	97.4000015258789	96.79000091552734	97.4000015258789	30610	2019/09/26 
2019/09/27 	96.69999694824219	99.9800033569336	96.38999938964844	99.0999984741211	118010	2019/09/27 
2019/10/01 	99.30000305175781	99.30000305175781	98.01000213623047	98.5	16225	2019/10/01 
2019/10/02 	98.98999786376953	99.5	98.19000244140625	99.0	93000	2019/10/02 
2019/10/03 	99.30000305175781	100.0	98.29000091552734	99.5	103800	2019/10/03 
2019/10/04 	98.0199966430664	99.29000091552734	97.7300033569336	98.98999786376953	69102	2019/10/04 
2019/10/07 	98.98999786376953	101.12000274658203	98.69999694824219	100.5999984741211	125762	2019/10/07 
2019/10/08 	100.5999984741211	100.5999984741211	99.19000244140625	99.98999786376953	18008	2019/10/08 
2019/10/09 	100.0	100.80999755859375	97.69999694824219	99.80000305175781	87846	2019/10/09 
2019/10/14 	98.75	99.80000305175781	98.02999877929688	99.30000305175781	8204	2019/10/14 
2019/10/15 	99.30000305175781	99.30000305175781	98.18000030517578	98.69000244140625	48476	2019/10/15 
2019/10/16 	98.33999633789062	98.9800033569336	97.58999633789062	97.58999633789062	56676	2019/10/16 
2019/10/17 	97.0	98.0	97.0	97.98999786376953	43317	2019/10/17 
2019/10/18 	97.98999786376953	98.48999786376953	97.69000244140625	98.0	21600	2019/10/18 
2019/10/21 	98.0	98.30000305175781	98.0	98.30000305175781	23000	2019/10/21 
2019/10/22 	98.30000305175781	98.30000305175781	97.38999938964844	98.25	39360	2019/10/22 
2019/10/23 	98.20999908447266	99.41000366210938	97.9000015258789	99.0	47201	2019/10/23 
2019/10/24 	99.0	99.30999755859375	99.0	99.0	9600	2019/10/24 
2019/10/25 	98.69000244140625	99.08999633789062	98.48999786376953	98.80000305175781	10600	2019/10/25 
2019/10/28 	98.9000015258789	99.0	98.0	98.0	9000	2019/10/28 
2019/10/29 	97.01000213623047	98.98999786376953	97.01000213623047	97.5	39450	2019/10/29 
2019/10/30 	98.0	98.19000244140625	95.0	96.0	125190	2019/10/30 
2019/10/31 	96.88999938964844	96.88999938964844	92.16999816894531	93.4800033569336	147846	2019/10/31 
2019/11/01 	92.80999755859375	93.0	84.55999755859375	91.5	247600	2019/11/01 
2019/11/04 	89.5	91.5	89.5	90.5	78700	2019/11/04 
2019/11/05 	92.27999877929688	92.27999877929688	91.0	91.7699966430664	19000	2019/11/05 
2019/11/06 	92.27999877929688	92.27999877929688	91.0	91.7699966430664	19000	2019/11/06 
2019/11/07 	92.2699966430664	92.9800033569336	92.0	92.9800033569336	15001	2019/11/07 
2019/11/08 	92.2699966430664	92.9800033569336	92.0	92.9800033569336	15001	2019/11/08 
2019/11/11 	90.58999633789062	92.4800033569336	90.58999633789062	92.27999877929688	13136	2019/11/11 
2019/11/12 	91.5	92.29000091552734	91.5	92.29000091552734	25100	2019/11/12 
2019/11/13 	92.73999786376953	95.19999694824219	92.73999786376953	94.98999786376953	11352	2019/11/13 
2019/11/14 	92.73999786376953	95.19999694824219	92.73999786376953	94.98999786376953	11352	2019/11/14 
2019/11/15 	94.98999786376953	96.0	94.69999694824219	95.58999633789062	42710	2019/11/15 
2019/11/18 	95.88999938964844	96.0	93.01000213623047	94.2300033569336	87510	2019/11/18 
2019/11/19 	94.94000244140625	96.48999786376953	94.58000183105469	95.0	117200	2019/11/19 
2019/11/20 	95.79000091552734	96.36000061035156	95.19999694824219	95.7300033569336	151280	2019/11/20 
2019/11/21 	96.0	96.30000305175781	95.51000213623047	96.0	80300	2019/11/21 
2019/11/22 	98.01000213623047	104.0	97.69999694824219	102.0	197601	2019/11/22 
2019/11/25 	102.98999786376953	105.0	101.55999755859375	103.30000305175781	305431	2019/11/25 
2019/11/26 	102.0	103.0	100.69999694824219	100.69999694824219	104650	2019/11/26 
2019/11/27 	101.93000030517578	101.93000030517578	99.01000213623047	99.19000244140625	84695	2019/11/27 
2019/11/28 	100.80000305175781	102.0	100.66999816894531	101.01000213623047	68200	2019/11/28 
2019/11/29 	100.8499984741211	101.98999786376953	99.61000061035156	100.9800033569336	74105	2019/11/29 
2019/12/02 	100.68000030517578	101.0	99.69999694824219	100.0	40620	2019/12/02 
2019/12/03 	99.04000091552734	100.0	97.86000061035156	98.0199966430664	110374	2019/12/03 
2019/12/04 	98.77999877929688	98.77999877929688	97.4000015258789	97.41999816894531	95242	2019/12/04 
2019/12/05 	97.72000122070312	99.30000305175781	97.72000122070312	99.0	33010	2019/12/05 
2019/12/06 	99.18000030517578	99.30000305175781	98.0	99.30000305175781	45023	2019/12/06 
2019/12/09 	99.30000305175781	99.5999984741211	98.0	98.0	125900	2019/12/09 
2019/12/10 	98.75	98.75	96.51000213623047	98.0	94050	2019/12/10 
2019/12/11 	97.30000305175781	99.98999786376953	96.0	99.98999786376953	158206	2019/12/11 
2019/12/12 	92.0	96.0	92.0	93.19999694824219	1903223	2019/12/12 
2019/12/13 	93.19999694824219	94.19999694824219	89.5999984741211	90.0	1106050	2019/12/13 
2019/12/16 	90.0999984741211	92.0	90.0	91.5999984741211	1000	2019/12/16 
2019/12/17 	92.0999984741211	93.0	90.80000305175781	91.5	318300	2019/12/17 
2019/12/18 	91.9000015258789	91.9000015258789	90.69999694824219	91.5999984741211	285210	2019/12/18 
2019/12/19 	91.5999984741211	94.4000015258789	91.5999984741211	92.69999694824219	516753	2019/12/19 
2019/12/20 	92.0999984741211	92.9000015258789	90.0999984741211	90.5999984741211	314254	2019/12/20 
2019/12/23 	91.19999694824219	91.19999694824219	90.0999984741211	90.0999984741211	146738	2019/12/23 
2019/12/24 	90.0999984741211	90.5	87.9000015258789	88.5	276425	2019/12/24 
2019/12/25 	88.0	89.5	88.0	89.5	164489	2019/12/25 
2019/12/26 	89.0	89.5	88.30000305175781	88.4000015258789	132521	2019/12/26 
2019/12/27 	88.80000305175781	94.0	88.30000305175781	92.30000305175781	589204	2019/12/27 
2019/12/30 	93.69999694824219	93.69999694824219	90.80000305175781	91.80000305175781	219190	2019/12/30 
2019/12/31 	91.5999984741211	92.19999694824219	90.69999694824219	90.9000015258789	190100	2019/12/31 
2020/01/02 	91.0	95.19999694824219	91.0	93.80000305175781	499428	2020/01/02 
2020/01/03 	92.9000015258789	93.0	90.19999694824219	91.0	386000	2020/01/03 
2020/01/06 	90.5999984741211	91.0	89.4000015258789	89.4000015258789	211050	2020/01/06 
2020/01/07 	89.9000015258789	89.9000015258789	88.0	88.30000305175781	194400	2020/01/07 
2020/01/08 	88.30000305175781	88.80000305175781	88.0999984741211	88.19999694824219	94000	2020/01/08 
2020/01/09 	88.0999984741211	88.0999984741211	87.19999694824219	87.80000305175781	204200	2020/01/09 
2020/01/10 	89.19999694824219	93.0	89.19999694824219	92.0	454133	2020/01/10 
2020/01/13 	90.80000305175781	92.0	90.69999694824219	92.0	113157	2020/01/13 
2020/01/14 	92.69999694824219	101.0	92.5	100.0	2002127	2020/01/14 
2020/01/15 	98.0	103.0	97.5	101.5	1798500	2020/01/15 
2020/01/16 	102.0	108.0	100.5	105.0	1281868	2020/01/16 
2020/01/17 	105.5	111.0	103.5	108.5	1208572	2020/01/17 
2020/01/20 	108.0	109.0	103.5	107.0	761892	2020/01/20 
2020/01/30 	96.4000015258789	99.69999694824219	96.30000305175781	96.30000305175781	958700	2020/01/30 
2020/01/31 	95.0	99.19999694824219	93.19999694824219	97.0	680300	2020/01/31 
2020/02/03 	93.5999984741211	96.69999694824219	90.80000305175781	95.0	409300	2020/02/03 
2020/02/04 	90.0999984741211	95.9000015258789	90.0999984741211	95.9000015258789	284350	2020/02/04 
2020/02/05 	95.5	96.30000305175781	94.30000305175781	94.5999984741211	169170	2020/02/05 
2020/02/06 	94.5	97.80000305175781	94.5	96.0	347159	2020/02/06 
2020/02/07 	98.0	105.5	97.0	103.5	1885360	2020/02/07 
2020/02/10 	100.5	103.5	100.0	103.0	1058205	2020/02/10 
2020/02/11 	104.0	109.5	103.0	108.0	1361750	2020/02/11 
2020/02/12 	109.0	109.0	105.5	106.0	940460	2020/02/12 
2020/02/13 	104.0	105.5	102.5	103.5	825134	2020/02/13 
2020/02/14 	104.5	113.5	103.5	113.5	2552753	2020/02/14 
2020/02/17 	109.0	115.0	107.0	113.5	1689389	2020/02/17 
2020/02/18 	111.0	114.0	108.0	108.5	1306712	2020/02/18 
2020/02/19 	109.0	118.0	109.0	116.5	1601611	2020/02/19 
2020/02/20 	116.0	119.0	113.5	116.5	1161935	2020/02/20 
2020/02/21 	116.5	117.0	113.0	114.5	749049	2020/02/21 
2020/02/24 	111.0	112.5	109.5	109.5	778665	2020/02/24 
2020/02/25 	106.0	113.5	106.0	111.0	843814	2020/02/25 
2020/02/26 	109.0	111.5	107.0	108.5	501300	2020/02/26 
2020/02/27 	110.0	110.0	100.0	103.0	977612	2020/02/27 
2020/03/02 	97.4000015258789	104.5	97.30000305175781	102.0	421666	2020/03/02 
2020/03/03 	104.5	105.0	100.5	103.5	606300	2020/03/03 
2020/03/04 	103.0	103.5	99.69999694824219	100.0	407950	2020/03/04 
2020/03/05 	102.5	105.0	101.0	103.0	444544	2020/03/05 
2020/03/06 	101.5	102.5	100.5	101.5	242060	2020/03/06 
2020/03/09 	99.30000305175781	101.0	92.0	92.0	727903	2020/03/09 
2020/03/10 	89.5	91.69999694824219	88.69999694824219	91.5	686853	2020/03/10 
2020/03/11 	92.30000305175781	93.5999984741211	90.0999984741211	90.19999694824219	459240	2020/03/11 
2020/03/12 	88.0	88.0	81.19999694824219	81.4000015258789	889157	2020/03/12 
2020/03/13 	73.30000305175781	80.9000015258789	73.30000305175781	80.9000015258789	636240	2020/03/13 
2020/03/16 	79.0	79.9000015258789	73.0	73.0999984741211	362000	2020/03/16 
2020/03/17 	67.5	73.5999984741211	67.0	71.0	400000	2020/03/17 
2020/03/18 	72.0999984741211	73.0	67.19999694824219	69.9000015258789	313103	2020/03/18 
2020/03/19 	67.0	67.0999984741211	63.0	63.0	392261	2020/03/19 
2020/03/20 	65.0	69.30000305175781	65.0	69.30000305175781	316824	2020/03/20 
2020/03/23 	65.5	69.0	63.900001525878906	67.0	241010	2020/03/23 
2020/03/24 	69.0999984741211	72.9000015258789	68.4000015258789	71.9000015258789	184000	2020/03/24 
2020/03/25 	74.5	77.80000305175781	73.19999694824219	73.80000305175781	254050	2020/03/25 
2020/03/26 	73.80000305175781	75.5999984741211	70.69999694824219	73.5	165040	2020/03/26 
2020/03/27 	75.0	75.5	71.80000305175781	73.80000305175781	198220	2020/03/27 
2020/03/30 	70.5999984741211	74.5	70.0	74.5	329015	2020/03/30 
2020/03/31 	74.9000015258789	76.0	73.69999694824219	75.0	254000	2020/03/31 
2020/04/01 	73.5	75.19999694824219	73.5	75.0	140210	2020/04/01 
2020/04/06 	76.30000305175781	82.5	75.4000015258789	82.5	458800	2020/04/06 
2020/04/07 	85.0	87.69999694824219	83.5	86.19999694824219	537813	2020/04/07 
2020/04/08 	85.5	87.9000015258789	84.4000015258789	87.9000015258789	253150	2020/04/08 
2020/04/09 	87.80000305175781	89.69999694824219	86.5	87.80000305175781	253050	2020/04/09 
2020/04/10 	87.80000305175781	87.80000305175781	86.0	87.5999984741211	150050	2020/04/10 
2020/04/13 	86.0	87.80000305175781	85.5	85.9000015258789	200160	2020/04/13 
2020/04/14 	85.9000015258789	90.5999984741211	85.9000015258789	90.0	272000	2020/04/14 
2020/04/15 	91.0	91.0	88.9000015258789	90.0999984741211	196421	2020/04/15 
2020/04/16 	89.0	90.19999694824219	88.19999694824219	89.5	99265	2020/04/16 
2020/04/17 	91.0	92.5999984741211	88.5	89.0	256139	2020/04/17 
2020/04/20 	89.9000015258789	89.9000015258789	87.5	88.5999984741211	78000	2020/04/20 
2020/04/21 	88.19999694824219	88.5999984741211	85.5	85.5	170135	2020/04/21 
2020/04/22 	84.69999694824219	87.5999984741211	82.69999694824219	87.5	74214	2020/04/22 
2020/04/23 	88.9000015258789	88.9000015258789	87.5	88.5	70000	2020/04/23 
2020/04/24 	88.5	88.5	87.5	87.80000305175781	57050	2020/04/24 
2020/04/27 	89.69999694824219	91.5999984741211	89.69999694824219	90.5	183300	2020/04/27 
2020/04/28 	91.0	91.5	90.4000015258789	91.0	128010	2020/04/28 
2020/04/29 	92.30000305175781	93.4000015258789	90.69999694824219	93.19999694824219	171047	2020/04/29 
2020/04/30 	93.4000015258789	95.9000015258789	93.30000305175781	94.69999694824219	165438	2020/04/30 
2020/05/04 	92.0	94.69999694824219	92.0	94.5	95329	2020/05/04 
2020/05/05 	94.5	95.5999984741211	93.9000015258789	94.19999694824219	118200	2020/05/05 
2020/05/06 	94.5	96.0	94.5	95.0	184119	2020/05/06 
2020/05/07 	96.0	103.0	95.5	100.0	343350	2020/05/07 
2020/05/08 	100.0	102.5	99.5	99.9000015258789	303111	2020/05/08 
2020/05/11 	101.0	103.0	99.0	100.5	197345	2020/05/11 
2020/05/12 	99.80000305175781	105.5	99.19999694824219	104.5	678116	2020/05/12 
2020/05/13 	104.0	104.0	99.5999984741211	100.5	362011	2020/05/13 
2020/05/14 	98.5999984741211	105.0	98.5999984741211	100.5	405121	2020/05/14 
2020/05/15 	100.5	103.5	99.19999694824219	102.0	316180	2020/05/15 
2020/05/18 	103.0	106.5	102.0	102.0	538359	2020/05/18 
2020/05/19 	105.0	105.5	103.0	103.5	382329	2020/05/19 
2020/05/20 	103.5	110.5	103.0	110.0	901278	2020/05/20 
2020/05/21 	114.0	121.0	112.0	121.0	1914633	2020/05/21 
2020/05/22 	122.5	124.0	115.0	117.0	1488671	2020/05/22 
2020/05/25 	118.0	121.5	114.5	121.0	961019	2020/05/25 
2020/05/26 	122.0	128.5	118.5	123.5	1138343	2020/05/26 
2020/05/27 	123.5	125.0	121.0	122.0	648569	2020/05/27 
2020/05/28 	122.0	122.0	110.5	113.5	1156867	2020/05/28 
2020/05/29 	113.0	118.0	112.5	117.5	329382	2020/05/29 
2020/06/01 	118.0	118.0	115.0	116.5	175246	2020/06/01 
2020/06/02 	117.5	117.5	114.0	114.5	294082	2020/06/02 
2020/06/03 	115.5	116.5	114.0	115.5	168000	2020/06/03 
2020/06/04 	116.0	123.0	116.0	123.0	784799	2020/06/04 
2020/06/05 	126.5	135.0	121.5	135.0	2457113	2020/06/05 
2020/06/08 	134.5	145.0	130.5	140.0	2056326	2020/06/08 
2020/06/09 	139.5	145.0	138.0	140.0	970406	2020/06/09 
2020/06/10 	140.5	144.5	136.0	140.5	616300	2020/06/10 
2020/06/11 	142.0	142.0	131.5	137.5	787350	2020/06/11 
2020/06/12 	135.0	136.0	129.0	135.5	495400	2020/06/12 
2020/06/15 	134.5	136.0	131.5	132.0	365565	2020/06/15 
2020/06/16 	133.5	136.0	132.0	135.0	370120	2020/06/16 
2020/06/17 	138.0	138.5	133.5	133.5	387200	2020/06/17 
2020/06/18 	132.5	144.5	132.0	144.0	1592452	2020/06/18 
2020/06/19 	145.5	148.5	142.5	144.5	1162400	2020/06/19 
2020/06/22 	143.5	150.0	143.5	145.0	1114935	2020/06/22 
2020/06/23 	147.0	148.0	143.0	144.5	581335	2020/06/23 
2020/06/24 	145.5	151.0	144.5	147.0	1116422	2020/06/24 
2020/06/29 	145.0	147.0	140.5	141.0	649800	2020/06/29 
2020/06/30 	141.5	143.5	139.0	143.5	545009	2020/06/30 
2020/07/01 	145.0	148.5	141.0	143.0	787100	2020/07/01 
2020/07/02 	143.5	146.0	141.0	141.5	707370	2020/07/02 
2020/07/03 	143.5	155.5	143.0	146.5	2551430	2020/07/03 
2020/07/06 	148.5	161.0	148.0	161.0	3605517	2020/07/06 
2020/07/07 	165.5	170.0	156.5	159.0	3189768	2020/07/07 
2020/07/08 	163.0	174.5	161.5	174.5	2950952	2020/07/08 
2020/07/09 	169.0	174.0	163.5	173.5	2967193	2020/07/09 
2020/07/10 	172.0	172.0	157.0	161.0	2176458	2020/07/10 
2020/07/13 	162.0	165.0	159.0	162.0	875172	2020/07/13 
2020/07/14 	162.0	171.0	161.0	161.5	1544174	2020/07/14 
2020/07/15 	164.0	165.0	156.5	156.5	931575	2020/07/15 
2020/07/16 	156.5	159.5	153.0	153.0	524114	2020/07/16 
2020/07/17 	154.5	156.0	149.0	150.0	579323	2020/07/17 
2020/07/20 	152.0	152.0	140.5	147.0	518350	2020/07/20 
2020/07/21 	150.0	158.0	148.5	151.0	796250	2020/07/21 
2020/07/22 	151.0	152.0	147.0	152.0	568008	2020/07/22 
2020/07/23 	150.5	152.0	147.5	148.0	313400	2020/07/23 
2020/07/24 	149.5	155.0	148.0	148.0	859100	2020/07/24 
2020/07/27 	150.0	151.5	144.5	148.0	447215	2020/07/27 
2020/07/28 	146.0	149.0	139.5	140.5	600693	2020/07/28 
2020/07/29 	143.0	149.0	141.5	147.0	551020	2020/07/29 
2020/07/30 	150.0	150.0	145.5	145.5	323185	2020/07/30 
2020/07/31 	145.5	146.5	142.0	144.5	438000	2020/07/31 
2020/08/03 	144.5	144.5	140.0	140.0	514300	2020/08/03 
2020/08/04 	141.5	146.0	140.0	144.0	420700	2020/08/04 
2020/08/05 	146.5	149.0	143.5	146.5	451200	2020/08/05 
2020/08/06 	148.5	149.0	142.5	142.5	454450	2020/08/06 
2020/08/07 	143.5	145.0	142.0	142.5	253001	2020/08/07 
2020/08/10 	141.5	142.5	133.5	135.5	750758	2020/08/10 
2020/08/11 	132.0	135.5	128.5	134.0	711200	2020/08/11 
2020/08/12 	139.5	139.5	131.0	135.0	1348300	2020/08/12 
2020/08/13 	140.5	141.5	133.5	138.5	1461125	2020/08/13 
2020/08/14 	141.0	141.0	136.0	138.0	1040225	2020/08/14 
2020/08/17 	140.5	140.5	136.0	138.0	591130	2020/08/17 
2020/08/18 	140.0	140.0	132.5	132.5	760133	2020/08/18 
2020/08/19 	135.5	145.0	132.0	136.5	1818255	2020/08/19 
2020/08/20 	136.0	137.0	125.0	129.0	1668117	2020/08/20 
2020/08/21 	134.0	139.0	131.0	137.0	979030	2020/08/21 
2020/08/24 	138.5	147.0	138.5	145.0	882180	2020/08/24 
2020/08/25 	144.0	147.0	142.0	143.0	388033	2020/08/25 
2020/08/26 	146.0	149.0	142.0	143.0	1270540	2020/08/26 
2020/08/27 	143.0	146.0	143.0	143.5	356050	2020/08/27 
2020/08/28 	144.0	148.0	139.5	142.0	544010	2020/08/28 
2020/08/31 	143.5	143.5	138.0	138.0	274486	2020/08/31 
2020/09/01 	142.0	142.0	135.5	136.5	774220	2020/09/01 
2020/09/02 	138.0	139.5	136.5	138.0	284217	2020/09/02 
2020/09/03 	140.0	141.0	138.0	139.0	222150	2020/09/03 
2020/09/04 	138.5	138.5	135.0	137.5	1084000	2020/09/04 
2020/09/07 	138.0	138.0	133.0	133.5	217050	2020/09/07 
2020/09/08 	136.5	136.5	132.5	133.0	1003030	2020/09/08 
2020/09/09 	134.5	137.0	131.0	135.5	1056001	2020/09/09 
2020/09/10 	137.0	143.0	134.0	138.5	945114	2020/09/10 
2020/09/11 	139.0	139.0	133.5	134.0	804000	2020/09/11 
2020/09/14 	137.0	138.5	132.0	135.5	927580	2020/09/14 
2020/09/15 	133.5	137.0	133.5	136.5	117015	2020/09/15 
2020/09/16 	136.5	138.5	136.0	138.0	196025	2020/09/16 
2020/09/17 	138.0	143.0	138.0	138.5	407066	2020/09/17 
2020/09/18 	138.0	139.0	136.5	137.0	120233	2020/09/18 
2020/09/21 	135.0	136.0	133.0	133.5	306015	2020/09/21 
2020/09/22 	133.0	133.5	130.0	133.5	140155	2020/09/22 
2020/09/23 	133.5	134.5	131.5	132.5	271000	2020/09/23 
2020/09/24 	130.5	132.0	125.5	126.5	1422093	2020/09/24 
2020/09/25 	127.0	130.0	123.5	125.5	1266458	2020/09/25 
2020/09/28 	131.5	131.5	127.0	129.5	992100	2020/09/28 
2020/09/29 	130.0	132.0	128.5	130.0	171000	2020/09/29 
2020/09/30 	128.0	132.5	128.0	132.0	118000	2020/09/30 
2020/10/05 	130.5	135.0	130.5	134.5	145107	2020/10/05 
2020/10/06 	135.5	136.5	134.0	134.5	139281	2020/10/06 
2020/10/07 	134.0	135.5	134.0	134.0	62020	2020/10/07 
2020/10/08 	134.5	139.0	134.5	136.5	298010	2020/10/08 
2020/10/12 	138.0	138.0	135.5	136.0	118325	2020/10/12 
2020/10/13 	135.0	136.0	134.0	134.5	53300	2020/10/13 
2020/10/14 	137.0	142.0	135.5	139.5	378249	2020/10/14 
2020/10/15 	139.5	142.0	138.5	139.0	265400	2020/10/15 
2020/10/16 	138.0	141.0	133.0	133.0	228110	2020/10/16 
2020/10/19 	133.5	135.5	133.5	133.5	89000	2020/10/19 
2020/10/20 	135.0	135.5	134.5	135.0	16450	2020/10/20 
2020/10/21 	135.5	136.0	133.5	135.0	78009	2020/10/21 
2020/10/22 	135.0	135.0	132.0	133.0	88010	2020/10/22 
2020/10/23 	132.5	135.0	132.5	134.0	48150	2020/10/23 
2020/10/26 	136.0	136.0	133.0	133.5	95000	2020/10/26 
2020/10/27 	134.0	134.0	130.5	132.0	92000	2020/10/27 
2020/10/28 	131.5	132.0	129.5	130.0	103000	2020/10/28 
2020/10/29 	128.0	130.0	127.5	128.5	113000	2020/10/29 
2020/10/30 	130.0	130.0	126.5	126.5	131345	2020/10/30 
2020/11/02 	127.0	127.0	121.5	122.0	204008	2020/11/02 
2020/11/03 	122.5	126.0	122.5	124.5	176018	2020/11/03 
2020/11/04 	124.0	124.0	122.0	123.0	186026	2020/11/04 
2020/11/05 	125.5	125.5	122.0	122.5	82100	2020/11/05 
2020/11/06 	123.5	125.0	123.0	124.0	158000	2020/11/06 
2020/11/09 	124.0	126.0	123.5	124.5	186300	2020/11/09 
2020/11/10 	125.0	125.0	121.5	123.0	139150	2020/11/10 
2020/11/11 	122.5	122.5	119.5	121.0	229200	2020/11/11 
2020/11/12 	120.0	120.5	118.0	120.5	217000	2020/11/12 
2020/11/13 	120.0	121.5	118.0	121.5	145220	2020/11/13 
2020/11/16 	123.5	123.5	123.0	123.5	176200	2020/11/16 
2020/11/17 	125.5	126.0	124.5	126.0	167090	2020/11/17 
2020/11/18 	128.0	128.5	126.0	128.0	173000	2020/11/18 
2020/11/19 	130.0	130.0	127.0	128.0	87000	2020/11/19 
2020/11/20 	128.5	129.0	128.0	128.0	76001	2020/11/20 
2020/11/23 	128.5	128.5	127.0	128.0	107000	2020/11/23 
2020/11/24 	131.0	132.0	129.5	132.0	236500	2020/11/24 
2020/11/25 	132.5	135.0	130.5	131.0	174180	2020/11/25 
2020/11/26 	133.0	133.0	129.5	130.5	114016	2020/11/26 
2020/11/27 	130.0	131.0	129.5	129.5	65000	2020/11/27 
2020/11/30 	129.5	129.5	127.5	128.5	85001	2020/11/30 
2020/12/01 	127.5	131.0	127.0	131.0	68000	2020/12/01 
2020/12/02 	131.0	133.5	130.0	132.5	253022	2020/12/02 
2020/12/03 	132.0	134.5	131.0	133.0	126260	2020/12/03 
2020/12/04 	134.0	134.0	131.5	133.0	65100	2020/12/04 
2020/12/07 	134.5	134.5	128.0	132.5	88000	2020/12/07 
2020/12/08 	133.0	133.0	130.0	131.5	68100	2020/12/08 
2020/12/09 	131.5	136.5	131.5	132.5	363000	2020/12/09 
2020/12/10 	132.5	133.0	129.5	129.5	170130	2020/12/10 
2020/12/11 	129.5	131.0	126.0	131.0	141000	2020/12/11 
2020/12/14 	131.0	134.0	128.0	131.5	161099	2020/12/14 
2020/12/15 	133.0	133.0	128.0	128.0	112000	2020/12/15 
2020/12/16 	130.5	131.5	129.5	130.0	71000	2020/12/16 
2020/12/17 	132.0	132.0	129.5	130.0	88000	2020/12/17 
2020/12/18 	131.0	131.0	129.0	129.0	73000	2020/12/18 
2020/12/21 	129.5	129.5	127.0	128.0	102020	2020/12/21 
2020/12/22 	128.5	129.0	127.0	127.0	55099	2020/12/22 
2020/12/23 	127.0	128.0	127.0	128.0	64000	2020/12/23 
2020/12/24 	129.5	129.5	127.0	128.0	69111	2020/12/24 
2020/12/25 	130.0	130.0	127.0	127.0	90020	2020/12/25 
2020/12/28 	127.5	127.5	126.0	127.0	54000	2020/12/28 
2020/12/29 	126.0	127.5	124.5	125.0	101005	2020/12/29 
2020/12/30 	125.0	126.0	124.0	126.0	52100	2020/12/30 
2020/12/31 	129.0	129.0	126.0	127.5	49000	2020/12/31 
2021/01/04 	126.0	128.0	126.0	127.5	56007	2021/01/04 
2021/01/05 	126.5	126.5	125.5	126.0	51105	2021/01/05 
2021/01/06 	125.0	127.0	123.0	125.0	272096	2021/01/06 
2021/01/07 	125.0	127.0	124.0	126.0	79000	2021/01/07 
2021/01/08 	126.0	127.5	125.5	127.5	150000	2021/01/08 
2021/01/11 	128.0	128.0	126.5	128.0	95108	2021/01/11 
2021/01/12 	129.0	129.0	126.0	126.0	93000	2021/01/12 
2021/01/13 	126.5	127.0	126.0	126.0	54000	2021/01/13 
2021/01/14 	126.0	127.5	125.5	126.0	33070	2021/01/14 
2021/01/15 	127.0	127.0	125.0	125.5	69010	2021/01/15 
2021/01/18 	125.5	125.5	123.0	124.5	53010	2021/01/18 
2021/01/19 	124.5	126.0	123.5	123.5	71000	2021/01/19 
2021/01/20 	125.0	125.0	121.0	121.0	106000	2021/01/20 
2021/01/21 	122.5	123.0	121.0	121.5	52200	2021/01/21 
2021/01/22 	120.0	122.5	120.0	120.5	87000	2021/01/22 
2021/01/25 	120.0	121.0	116.0	119.0	108100	2021/01/25 
2021/01/26 	119.0	122.0	119.0	121.0	82000	2021/01/26 
2021/01/27 	120.5	122.0	120.0	120.0	52147	2021/01/27 
2021/01/28 	119.5	121.0	117.5	119.0	57000	2021/01/28 
2021/01/29 	119.5	120.0	116.0	117.0	136000	2021/01/29 
2021/02/01 	117.5	118.5	115.5	117.0	35000	2021/02/01 
2021/02/02 	117.0	117.5	115.0	115.0	113000	2021/02/02 
2021/02/03 	115.0	115.0	113.5	115.0	76000	2021/02/03 
2021/02/04 	119.5	125.5	117.0	125.5	256001	2021/02/04 
2021/02/05 	125.5	127.0	123.0	125.5	209000	2021/02/05 
2021/02/17 	126.5	127.5	123.5	124.0	44000	2021/02/17 
2021/02/18 	123.5	124.0	120.0	123.0	68019	2021/02/18 
2021/02/19 	121.0	122.5	119.5	122.5	99011	2021/02/19 
2021/02/22 	122.5	126.0	122.5	125.0	88000	2021/02/22 
2021/02/23 	125.0	125.5	123.5	125.5	63000	2021/02/23 
2021/02/24 	125.5	132.0	125.5	128.5	271000	2021/02/24 
2021/02/25 	131.5	131.5	127.5	128.5	95000	2021/02/25 
2021/02/26 	128.0	128.0	126.0	126.5	42000	2021/02/26 
2021/03/02 	127.0	129.0	125.5	125.5	31007	2021/03/02 
2021/03/03 	128.0	128.0	121.0	128.0	100000	2021/03/03 
2021/03/04 	127.0	127.0	126.0	127.0	25000	2021/03/04 
2021/03/05 	127.0	128.0	124.5	126.5	58000	2021/03/05 
2021/03/08 	127.5	128.5	124.5	128.5	78200	2021/03/08 
2021/03/09 	128.5	129.0	126.5	128.0	65000	2021/03/09 
2021/03/10 	129.0	129.0	126.0	127.5	61000	2021/03/10 
2021/03/11 	128.0	129.0	127.5	127.5	36000	2021/03/11 
2021/03/12 	129.0	129.0	127.0	127.0	44000	2021/03/12 
2021/03/15 	127.0	128.5	126.0	128.0	22000	2021/03/15 
2021/03/16 	127.0	128.0	126.5	128.0	35000	2021/03/16 
2021/03/17 	126.5	127.5	126.0	127.5	26001	2021/03/17 
2021/03/18 	128.5	128.5	126.0	126.5	32000	2021/03/18 
2021/03/19 	126.5	126.5	123.5	124.5	62000	2021/03/19 
2021/03/22 	124.5	127.0	124.0	126.0	48000	2021/03/22 
2021/03/23 	125.5	126.0	124.5	125.5	31000	2021/03/23 
2021/03/24 	125.0	127.0	125.0	127.0	38100	2021/03/24 
2021/03/25 	127.5	129.0	127.0	128.5	98000	2021/03/25 
2021/03/26 	129.0	130.5	128.5	130.5	170065	2021/03/26 
2021/03/29 	131.5	131.5	130.0	130.5	81000	2021/03/29 
2021/03/30 	129.0	130.5	128.0	130.0	91000	2021/03/30 
2021/03/31 	129.0	130.5	128.5	129.0	30000	2021/03/31 
2021/04/01 	131.0	132.0	128.0	129.0	122016	2021/04/01 
2021/04/07 	128.0	128.0	126.0	128.0	44000	2021/04/07 
2021/04/08 	129.0	129.0	125.0	127.5	81000	2021/04/08 
2021/04/09 	127.5	127.5	124.5	124.5	51040	2021/04/09 
2021/04/12 	123.0	124.5	120.0	121.0	144100	2021/04/12 
2021/04/13 	123.0	123.0	119.5	121.5	53100	2021/04/13 
2021/04/14 	120.0	121.5	118.0	121.5	54000	2021/04/14 
2021/04/15 	120.0	122.5	119.0	121.0	55000	2021/04/15 
2021/04/16 	120.5	120.5	119.0	120.0	65045	2021/04/16 
2021/04/19 	119.0	120.0	118.5	119.0	50000	2021/04/19 
2021/04/20 	120.5	120.5	118.0	118.0	60000	2021/04/20 
2021/04/21 	118.0	119.5	116.5	119.5	58000	2021/04/21 
2021/04/22 	119.5	119.5	117.5	119.0	46010	2021/04/22 
2021/04/23 	117.0	120.0	116.5	118.5	62000	2021/04/23 
2021/04/26 	120.5	120.5	118.0	119.0	36000	2021/04/26 
2021/04/27 	121.0	121.0	118.0	119.0	35000	2021/04/27 
2021/04/28 	119.0	119.0	116.0	116.0	55000	2021/04/28 
2021/04/29 	116.5	118.5	116.5	116.5	38000	2021/04/29 
2021/05/03 	119.0	119.0	111.0	115.0	104000	2021/05/03 
2021/05/04 	117.0	117.0	109.5	116.5	134008	2021/05/04 
2021/05/05 	116.5	116.5	114.0	116.5	42000	2021/05/05 
2021/05/06 	116.0	116.0	113.5	115.0	43000	2021/05/06 
2021/05/07 	114.5	114.5	112.5	114.5	57000	2021/05/07 
2021/05/10 	114.5	116.5	114.5	116.5	68000	2021/05/10 
2021/05/11 	117.0	117.0	110.5	113.0	82000	2021/05/11 
2021/05/12 	117.0	117.0	102.0	110.0	726000	2021/05/12 
2021/05/13 	105.0	107.0	103.0	103.0	77002	2021/05/13 
2021/05/14 	101.5	110.5	100.0	106.0	346050	2021/05/14 
2021/05/17 	106.0	106.0	100.0	103.5	554000	2021/05/17 
2021/05/18 	104.0	105.5	100.5	105.5	90000	2021/05/18 
2021/05/19 	106.0	109.0	104.5	107.5	29248	2021/05/19 
2021/05/20 	108.5	108.5	105.5	108.0	31005	2021/05/20 
2021/05/21 	108.5	109.5	108.0	108.0	40001	2021/05/21 
2021/05/24 	106.0	108.0	106.0	108.0	15001	2021/05/24 
2021/05/25 	110.0	110.0	105.5	108.5	63000	2021/05/25 
2021/05/26 	107.0	108.0	107.0	108.0	17500	2021/05/26 
2021/05/27 	107.0	108.0	106.5	106.5	33000	2021/05/27 
2021/05/28 	107.0	109.0	107.0	108.0	55000	2021/05/28 
2021/05/31 	108.0	108.0	106.0	107.5	97000	2021/05/31 
2021/06/01 	107.5	107.5	106.0	107.5	92090	2021/06/01 
2021/06/02 	108.0	108.0	105.0	106.5	65020	2021/06/02 
2021/06/03 	106.0	107.5	105.5	107.5	69000	2021/06/03 
2021/06/04 	106.5	107.5	106.0	106.0	42000	2021/06/04 
2021/06/07 	106.0	111.5	106.0	111.5	82051	2021/06/07 
2021/06/08 	111.5	122.0	111.5	118.0	362001	2021/06/08 
2021/06/09 	114.0	117.0	110.0	112.0	366004	2021/06/09 
2021/06/10 	114.5	115.0	111.5	115.0	245020	2021/06/10 
2021/06/11 	115.0	115.5	109.5	112.0	191000	2021/06/11 
2021/06/15 	113.0	113.0	110.0	112.0	93712	2021/06/15 
2021/06/16 	115.5	115.5	110.5	111.0	58030	2021/06/16 
2021/06/17 	112.5	113.5	111.0	113.5	40000	2021/06/17 
2021/06/18 	113.5	114.5	113.5	114.5	54102	2021/06/18 
2021/06/21 	113.0	115.5	113.0	115.5	75000	2021/06/21 
2021/06/22 	114.5	116.0	114.0	115.0	117004	2021/06/22 
2021/06/23 	114.0	116.0	114.0	115.0	56000	2021/06/23 
2021/06/24 	115.0	116.0	112.5	116.0	654100	2021/06/24 
2021/06/25 	116.0	117.5	114.5	117.5	80000	2021/06/25 
2021/06/28 	118.5	119.0	114.5	116.5	82000	2021/06/28 
2021/06/29 	115.5	115.5	111.0	114.0	147000	2021/06/29 
2021/06/30 	114.0	114.0	112.5	113.5	51005	2021/06/30 
2021/07/01 	114.5	114.5	111.5	114.5	97000	2021/07/01 
2021/07/02 	114.5	114.5	110.0	114.5	907100	2021/07/02 
2021/07/05 	114.5	116.0	112.0	115.0	130000	2021/07/05 
2021/07/06 	115.0	115.0	112.0	113.0	118005	2021/07/06 
2021/07/07 	113.5	113.5	109.5	112.0	155000	2021/07/07 
2021/07/08 	112.0	112.0	107.0	112.0	580000	2021/07/08 
2021/07/09 	110.0	112.0	110.0	111.0	38036	2021/07/09 
2021/07/12 	111.0	115.0	107.0	114.5	969000	2021/07/12 
2021/07/13 	114.5	116.5	110.5	111.5	949006	2021/07/13 
2021/07/14 	111.5	119.0	109.5	117.5	1003031	2021/07/14 
2021/07/15 	115.0	129.0	115.0	127.5	1099500	2021/07/15 
2021/07/16 	125.0	134.0	123.0	127.5	825951	2021/07/16 
2021/07/19 	128.5	135.0	124.5	130.0	723050	2021/07/19 
2021/07/20 	129.5	134.0	128.0	130.0	92001	2021/07/20 
2021/07/21 	130.0	132.0	126.0	129.5	554000	2021/07/21 
2021/07/22 	131.0	132.5	127.0	130.0	833000	2021/07/22 
2021/07/23 	130.0	132.5	127.5	128.5	917000	2021/07/23 
2021/07/26 	128.0	129.0	124.0	124.0	974040	2021/07/26 
2021/07/27 	124.5	124.5	115.5	121.5	1201027	2021/07/27 
2021/07/28 	120.0	120.0	112.0	117.5	1157040	2021/07/28 
2021/07/29 	116.0	120.0	116.0	118.5	712000	2021/07/29 
2021/07/30 	118.5	120.0	116.5	117.0	730000	2021/07/30 
2021/08/02 	118.0	123.0	117.0	123.0	100000	2021/08/02 
2021/08/03 	121.5	125.5	121.5	125.0	68590	2021/08/03 
2021/08/04 	124.5	125.0	123.0	124.0	36000	2021/08/04 
2021/08/05 	128.0	128.0	125.0	125.5	40000	2021/08/05 
2021/08/06 	127.0	127.0	122.0	123.5	38000	2021/08/06 
2021/08/09 	123.5	123.5	116.0	118.0	100025	2021/08/09 
2021/08/10 	118.0	119.5	115.0	119.0	102000	2021/08/10 
2021/08/11 	119.0	123.0	116.0	116.0	809000	2021/08/11 
2021/08/12 	115.5	122.0	114.0	120.0	733050	2021/08/12 
2021/08/13 	119.0	120.5	118.0	119.0	73000	2021/08/13 
2021/08/16 	117.0	120.5	115.0	117.0	861000	2021/08/16 
2021/08/17 	117.0	120.5	116.0	119.0	67000	2021/08/17 
2021/08/18 	116.5	116.5	112.5	116.5	177000	2021/08/18 
2021/08/19 	114.5	115.0	112.0	113.5	115010	2021/08/19 
2021/08/20 	115.0	117.0	113.5	114.0	54000	2021/08/20 
2021/08/23 	115.5	117.0	112.0	115.0	518017	2021/08/23 
2021/08/24 	114.0	116.5	114.0	116.5	31000	2021/08/24 
2021/08/25 	114.0	115.5	114.0	115.5	28000	2021/08/25 
2021/08/26 	115.5	115.5	115.0	115.5	15000	2021/08/26 
2021/08/27 	115.5	116.0	115.0	115.5	19000	2021/08/27 
2021/08/30 	115.5	115.5	115.0	115.0	5035	2021/08/30 
2021/08/31 	115.5	115.5	113.5	114.0	9000	2021/08/31 
2021/09/01 	114.5	114.5	113.5	114.5	20000	2021/09/01 
2021/09/02 	115.5	115.5	112.0	112.5	44000	2021/09/02 
2021/09/03 	113.5	113.5	111.0	113.0	65010	2021/09/03 
2021/09/06 	113.0	113.0	111.5	112.5	21000	2021/09/06 
2021/09/07 	113.0	113.0	109.5	109.5	35020	2021/09/07 
2021/09/08 	108.5	112.0	107.0	112.0	75005	2021/09/08 
2021/09/09 	112.0	114.0	112.0	114.0	37220	2021/09/09 
2021/09/10 	113.0	115.5	111.0	115.5	461000	2021/09/10 
2021/09/13 	117.0	119.0	115.0	119.0	57000	2021/09/13 
2021/09/14 	119.0	120.0	116.5	116.5	89101	2021/09/14 
2021/09/15 	115.5	119.5	113.0	119.5	708000	2021/09/15 
2021/09/16 	119.5	122.0	117.5	118.0	59000	2021/09/16 
2021/09/17 	118.0	120.5	116.0	120.0	447000	2021/09/17 
2021/09/22 	117.5	119.0	116.5	118.0	26000	2021/09/22 
2021/09/23 	117.5	126.0	116.0	121.0	820300	2021/09/23 
2021/09/24 	121.5	121.5	120.0	121.5	22000	2021/09/24 
2021/09/27 	120.0	122.0	119.0	122.0	32000	2021/09/27 
2021/09/28 	119.5	119.5	119.0	119.5	12100	2021/09/28 
2021/09/29 	118.5	118.5	115.5	116.0	52100	2021/09/29 
2021/09/30 	116.0	117.0	116.0	117.0	4000	2021/09/30 
2021/10/01 	115.0	118.5	112.5	115.5	705000	2021/10/01 
2021/10/04 	114.0	114.0	113.5	114.0	22000	2021/10/04 
2021/10/05 	112.0	116.5	111.5	116.5	684000	2021/10/05 
2021/10/06 	116.5	116.5	114.0	115.5	22000	2021/10/06 
2021/10/07 	115.0	117.0	115.0	117.0	30000	2021/10/07 
2021/10/08 	117.5	120.0	116.0	117.5	696000	2021/10/08 
2021/10/12 	118.5	119.5	118.0	118.0	20120	2021/10/12 
2021/10/13 	119.0	121.5	116.5	119.0	698000	2021/10/13 
2021/10/14 	119.0	121.0	116.0	118.0	138100	2021/10/14 
2021/10/15 	118.5	121.5	118.0	119.0	112000	2021/10/15 
2021/10/18 	121.5	121.5	120.0	121.0	51021	2021/10/18 
2021/10/19 	120.5	122.5	120.5	122.0	57000	2021/10/19 
2021/10/20 	120.5	122.5	120.5	122.0	36000	2021/10/20 
2021/10/21 	123.5	129.0	122.5	122.5	187000	2021/10/21 
2021/10/22 	121.5	121.5	119.5	119.5	60071	2021/10/22 
2021/10/25 	123.0	123.0	120.0	122.5	23034	2021/10/25 
2021/10/26 	122.5	124.0	122.0	123.0	61000	2021/10/26 
2021/10/27 	122.0	124.0	120.0	124.0	58000	2021/10/27 
2021/10/28 	124.0	124.0	122.0	124.0	32000	2021/10/28 
2021/10/29 	122.5	125.0	120.0	120.0	117080	2021/10/29 
2021/11/01 	120.5	121.0	119.0	121.0	22000	2021/11/01 
2021/11/02 	122.0	122.0	118.5	120.0	54000	2021/11/02 
2021/11/03 	119.0	120.5	118.0	119.5	52000	2021/11/03 
2021/11/04 	118.5	123.0	118.5	121.0	60300	2021/11/04 
2021/11/05 	121.0	121.0	119.5	120.5	35001	2021/11/05 
2021/11/08 	120.5	122.0	118.0	122.0	54001	2021/11/08 
2021/11/09 	123.0	123.0	121.0	122.0	22000	2021/11/09 
2021/11/10 	122.5	123.0	121.5	122.0	22000	2021/11/10 
2021/11/11 	120.5	120.5	118.5	120.0	44087	2021/11/11 
2021/11/12 	119.0	120.0	118.0	118.0	66048	2021/11/12 
2021/11/15 	120.0	120.0	118.0	119.5	32000	2021/11/15 
2021/11/16 	119.0	119.5	117.5	119.5	37000	2021/11/16 
2021/11/17 	118.5	119.5	118.0	118.0	36000	2021/11/17 
2021/11/18 	119.0	119.0	116.0	116.0	54150	2021/11/18 
2021/11/19 	116.5	118.5	116.0	117.5	25036	2021/11/19 
2021/11/22 	118.0	118.0	114.0	116.5	65001	2021/11/22 
2021/11/23 	118.0	118.0	113.0	115.0	115000	2021/11/23 
2021/11/24 	115.0	115.5	114.0	115.0	36000	2021/11/24 
2021/11/25 	115.0	115.0	114.0	114.5	22000	2021/11/25 
2021/11/26 	115.0	115.0	112.0	112.0	77000	2021/11/26 
2021/11/29 	110.0	113.0	110.0	113.0	38001	2021/11/29 
2021/11/30 	113.0	113.5	112.0	113.0	20000	2021/11/30 
2021/12/01 	113.0	113.0	113.0	113.0	1000	2021/12/01 
2021/12/02 	111.5	111.5	109.5	110.0	40100	2021/12/02 
2021/12/03 	112.0	112.0	110.0	111.0	32000	2021/12/03 
2021/12/06 	112.5	112.5	110.0	110.5	25000	2021/12/06 
2021/12/07 	110.5	111.0	110.0	110.5	12000	2021/12/07 
2021/12/08 	112.0	115.0	112.0	113.0	49010	2021/12/08 
2021/12/09 	114.5	115.0	113.5	115.0	40000	2021/12/09 
2021/12/10 	115.5	116.0	115.0	116.0	36000	2021/12/10 
2021/12/13 	116.0	116.0	114.5	115.5	20000	2021/12/13 
2021/12/14 	115.0	116.5	114.5	115.5	64000	2021/12/14 
2021/12/15 	115.5	117.0	115.5	116.5	26001	2021/12/15 
2021/12/16 	116.5	117.0	115.5	117.0	16000	2021/12/16 
2021/12/17 	115.5	116.5	114.0	115.0	45000	2021/12/17 
2021/12/20 	115.0	116.5	114.5	116.5	26000	2021/12/20 
2021/12/21 	115.5	118.0	115.5	118.0	20416	2021/12/21 
2021/12/22 	120.0	123.5	119.0	121.5	116050	2021/12/22 
2021/12/23 	121.5	121.5	120.0	120.5	20000	2021/12/23 
2021/12/24 	124.0	124.5	120.5	122.0	80291	2021/12/24 
2021/12/27 	121.0	122.0	120.0	120.0	42000	2021/12/27 
2021/12/28 	120.0	123.0	120.0	121.0	54000	2021/12/28 
2021/12/29 	122.0	123.0	120.5	123.0	78001	2021/12/29 
2021/12/30 	122.5	123.5	121.5	123.0	52000	2021/12/30 
2022/01/03 	125.0	125.0	123.5	124.0	87015	2022/01/03 
2022/01/04 	125.0	125.5	123.5	125.0	66001	2022/01/04 
2022/01/05 	126.0	126.0	124.0	124.5	58000	2022/01/05 
2022/01/06 	123.0	124.0	122.0	123.0	26000	2022/01/06 
2022/01/07 	123.0	123.0	118.0	118.0	72000	2022/01/07 
2022/01/10 	119.5	119.5	116.5	118.0	36000	2022/01/10 
2022/01/11 	117.94334411621094	118.43890380859375	116.4566650390625	117.94334411621094	26232	2022/01/11 
2022/01/12 	115.96110534667969	117.44778442382812	115.96110534667969	117.44778442382812	11098	2022/01/12 
2022/01/13 	118.43890380859375	118.43890380859375	117.44778442382812	118.43890380859375	32286	2022/01/13 
2022/01/14 	118.43890380859375	122.40338897705078	118.43890380859375	121.90782928466797	72653	2022/01/14 
2022/01/17 	120.91670989990234	122.40338897705078	120.421142578125	121.41226959228516	52465	2022/01/17 
2022/01/18 	120.91670989990234	123.89006805419922	120.91670989990234	122.8989486694336	70627	2022/01/18 
2022/01/19 	121.90782928466797	121.90782928466797	121.41226959228516	121.90782928466797	41888	2022/01/19 
2022/01/20 	121.41226959228516	121.41226959228516	119.92558288574219	121.41226959228516	34304	2022/01/20 
2022/01/21 	119.92558288574219	121.41226959228516	118.93446350097656	118.93446350097656	21238	2022/01/21 
2022/01/24 	118.93446350097656	118.93446350097656	116.4566650390625	117.94334411621094	35414	2022/01/24 
2022/01/25 	119.0	119.0	116.0	117.0	41020	2022/01/25 
2022/01/26 	116.0	120.0	116.0	120.0	14001	2022/01/26 
2022/02/07 	120.0	120.0	118.0	120.0	53001	2022/02/07 
2022/02/08 	120.0	122.0	119.5	119.5	59154	2022/02/08 
2022/02/09 	120.0	121.0	119.5	120.0	60000	2022/02/09 
2022/02/10 	121.0	121.5	119.5	120.5	108000	2022/02/10 
2022/02/11 	118.0	120.5	118.0	120.5	18000	2022/02/11 
2022/02/14 	118.5	118.5	116.0	116.5	60154	2022/02/14 
2022/02/15 	117.5	118.0	116.5	117.0	19092	2022/02/15 
2022/02/16 	117.0	118.0	117.0	118.0	17000	2022/02/16 
2022/02/17 	118.0	118.0	116.0	117.5	21033	2022/02/17 
2022/02/18 	117.0	118.0	116.5	118.0	16006	2022/02/18 
2022/02/21 	117.0	117.0	116.0	117.0	10211	2022/02/21 
2022/02/22 	115.5	115.5	113.0	114.0	43080	2022/02/22 
2022/02/23 	114.0	117.5	114.0	117.5	12126	2022/02/23 
2022/02/24 	117.5	117.5	112.0	114.5	62000	2022/02/24 
2022/02/25 	115.0	115.0	112.0	112.0	42161	2022/02/25 
2022/03/01 	112.0	115.0	112.0	115.0	40070	2022/03/01 
2022/03/02 	115.0	115.0	112.0	115.0	44000	2022/03/02 
2022/03/03 	113.0	113.0	110.5	111.5	210184	2022/03/03 
2022/03/04 	110.5	110.5	106.5	108.0	169784	2022/03/04 
2022/03/07 	107.5	107.5	100.5	102.5	174317	2022/03/07 
2022/03/08 	100.0	102.0	99.0	100.5	65792	2022/03/08 
2022/03/09 	100.5	101.0	99.69999694824219	100.5	57000	2022/03/09 
2022/03/10 	102.0	103.5	101.5	103.5	37046	2022/03/10 
2022/03/11 	101.5	101.5	100.0	101.5	22092	2022/03/11 
2022/03/14 	101.0	102.5	99.0	102.5	131000	2022/03/14 
2022/03/15 	101.0	102.0	99.0	102.0	40173	2022/03/15 
2022/03/16 	102.5	103.5	100.0	103.5	65100	2022/03/16 
2022/03/17 	103.5	105.0	103.5	105.0	27088	2022/03/17 
2022/03/18 	103.5	104.5	102.5	104.5	42000	2022/03/18 
2022/03/21 	105.0	105.0	104.0	104.5	12184	2022/03/21 
2022/03/22 	104.5	105.0	102.5	104.5	102000	2022/03/22 
2022/03/23 	105.5	105.5	103.0	103.5	41000	2022/03/23 
2022/03/24 	103.0	103.5	103.0	103.5	7000	2022/03/24 
2022/03/25 	103.5	103.5	101.5	102.0	22000	2022/03/25 
2022/03/28 	101.5	103.0	99.5999984741211	103.0	56000	2022/03/28 
2022/03/29 	102.0	103.0	101.5	102.0	20000	2022/03/29 
2022/03/30 	102.5	103.5	102.5	103.0	39460	2022/03/30 
2022/03/31 	102.5	103.0	102.0	102.5	20000	2022/03/31 
2022/04/01 	102.5	103.5	102.0	103.5	18000	2022/04/01 
2022/04/06 	103.0	105.0	102.0	104.0	27046	2022/04/06 
2022/04/07 	104.0	105.0	102.0	103.5	47000	2022/04/07 
2022/04/08 	104.5	104.5	103.5	103.5	8000	2022/04/08 
2022/04/11 	103.5	103.5	101.5	101.5	27046	2022/04/11 
2022/04/12 	101.0	101.5	100.0	101.5	28000	2022/04/12 
2022/04/13 	101.5	103.5	101.0	103.5	15000	2022/04/13 
2022/04/14 	103.5	103.5	101.5	101.5	18000	2022/04/14 
2022/04/15 	100.0	100.0	99.5999984741211	99.5999984741211	16000	2022/04/15 
2022/04/18 	98.0	100.0	98.0	99.30000305175781	26000	2022/04/18 
2022/04/19 	99.30000305175781	99.5	98.5999984741211	99.0	9000	2022/04/19 
2022/04/20 	99.0	103.5	99.0	103.5	52460	2022/04/20 
2022/04/21 	102.0	103.0	100.0	103.0	42000	2022/04/21 
2022/04/22 	100.5	102.0	100.5	101.5	19000	2022/04/22 
2022/04/25 	102.0	102.0	98.5	101.5	24000	2022/04/25 
2022/04/26 	101.0	102.0	101.0	102.0	19000	2022/04/26 
2022/04/27 	98.0	100.0	98.0	98.0999984741211	83000	2022/04/27 
2022/04/28 	99.0	100.5	98.9000015258789	100.5	10000	2022/04/28 
2022/04/29 	100.0	102.0	100.0	102.0	32000	2022/04/29 
2022/05/03 	102.0	102.0	100.0	101.5	60795	2022/05/03 
2022/05/04 	100.5	103.0	100.0	103.0	43002	2022/05/04 
2022/05/05 	103.5	103.5	102.0	103.5	43000	2022/05/05 
2022/05/06 	100.5	103.0	99.9000015258789	103.0	63000	2022/05/06 
2022/05/09 	101.0	101.5	100.0	100.5	53000	2022/05/09 
2022/05/10 	101.5	101.5	99.5999984741211	100.0	80000	2022/05/10 
2022/05/11 	100.5	102.0	100.0	102.0	82004	2022/05/11 
2022/05/12 	102.0	102.0	99.69999694824219	100.5	76000	2022/05/12 
2022/05/13 	101.5	109.0	101.5	106.5	144666	2022/05/13 
2022/05/16 	107.0	107.5	104.5	107.0	77046	2022/05/16 
2022/05/17 	107.0	107.5	106.5	107.0	39145	2022/05/17 
2022/05/18 	107.0	110.0	106.5	109.5	98388	2022/05/18 
2022/05/19 	108.5	110.0	106.5	109.0	85375	2022/05/19 
2022/05/20 	110.0	112.0	108.5	110.5	121000	2022/05/20 
2022/05/23 	111.0	111.0	108.0	110.5	102000	2022/05/23 
2022/05/24 	110.5	110.5	106.0	106.0	86000	2022/05/24 
2022/05/25 	107.0	109.5	107.0	107.5	89000	2022/05/25 
2022/05/26 	108.0	109.0	107.0	109.0	111000	2022/05/26 
2022/05/27 	109.0	109.5	107.5	109.0	52160	2022/05/27 
2022/05/30 	109.0	111.5	108.5	111.0	110206	2022/05/30 
2022/05/31 	110.0	111.5	110.0	111.5	30112	2022/05/31 
2022/06/01 	111.5	112.0	111.0	111.5	103000	2022/06/01 
2022/06/02 	112.0	112.5	109.5	112.0	131000	2022/06/02 
2022/06/06 	112.0	112.5	108.0	108.5	359368	2022/06/06 
2022/06/07 	108.5	112.5	108.5	112.5	219000	2022/06/07 
2022/06/08 	113.0	123.5	113.0	123.5	1927185	2022/06/08 
2022/06/09 	124.0	131.5	123.5	131.0	2889866	2022/06/09 
2022/06/10 	128.5	137.5	128.0	135.0	2450298	2022/06/10 
2022/06/13 	134.0	139.5	132.5	134.0	2299598	2022/06/13 
2022/06/14 	135.0	137.5	130.0	137.5	1562500	2022/06/14 
2022/06/15 	138.5	138.5	133.0	134.5	878552	2022/06/15 
2022/06/16 	137.5	137.5	127.0	127.5	1238242	2022/06/16 
2022/06/17 	129.5	133.0	126.0	130.0	1424276	2022/06/17 
2022/06/20 	129.5	129.5	124.0	126.0	796782	2022/06/20 
2022/06/21 	127.5	136.0	127.5	135.5	1145691	2022/06/21 
2022/06/22 	135.0	137.5	128.5	130.5	1485506	2022/06/22 
2022/06/23 	131.0	142.5	131.0	141.5	3081614	2022/06/23 
2022/06/24 	141.0	145.0	137.0	145.0	3676009	2022/06/24 
2022/06/27 	145.0	148.0	140.5	143.0	1944520	2022/06/27 
2022/06/28 	144.0	146.0	141.0	145.5	843276	2022/06/28 
2022/06/29 	143.5	146.0	136.5	143.0	1273250	2022/06/29 
2022/06/30 	143.5	143.5	139.5	141.0	914435	2022/06/30 
2022/07/01 	141.0	144.0	135.5	140.5	1034000	2022/07/01 
2022/07/04 	138.5	141.5	137.0	140.0	622182	2022/07/04 
2022/07/05 	141.0	144.5	137.0	144.5	616572	2022/07/05 
2022/07/06 	145.5	145.5	139.5	142.5	679114	2022/07/06 
2022/07/07 	143.5	152.0	141.0	147.0	1223300	2022/07/07 
2022/07/08 	148.5	159.5	147.0	157.0	1981430	2022/07/08 
2022/07/11 	159.5	161.0	154.0	156.0	1321552	2022/07/11 
2022/07/12 	158.5	161.0	147.0	149.5	1822062	2022/07/12 
2022/07/13 	153.5	160.0	151.0	154.5	1002385	2022/07/13 
2022/07/14 	150.0	156.5	150.0	155.5	851184	2022/07/14 
2022/07/15 	157.5	159.0	151.0	151.5	1015344	2022/07/15 
2022/07/18 	151.5	155.0	149.0	155.0	832127	2022/07/18 
2022/07/19 	154.5	157.0	153.5	156.0	391868	2022/07/19 
2022/07/20 	157.5	157.5	152.5	154.5	371002	2022/07/20 
2022/07/21 	154.0	163.0	153.5	160.5	1267690	2022/07/21 
2022/07/22 	161.5	161.5	152.5	154.5	994077	2022/07/22 
2022/07/25 	153.5	155.5	153.0	155.0	241100	2022/07/25 
2022/07/26 	154.5	154.5	146.5	151.5	616030	2022/07/26 
2022/07/27 	151.0	157.0	151.0	157.0	597188	2022/07/27 
2022/07/28 	157.5	159.0	156.0	156.5	299138	2022/07/28 
2022/07/29 	158.0	164.5	155.5	156.0	1040363	2022/07/29 
2022/08/01 	156.5	160.5	155.0	159.0	306050	2022/08/01 
2022/08/02 	156.0	158.5	154.5	156.0	299005	2022/08/02 
2022/08/03 	154.0	155.5	145.5	148.0	1191397	2022/08/03 
2022/08/04 	149.0	152.0	146.0	150.5	303494	2022/08/04 
2022/08/05 	152.5	156.0	150.0	155.0	301000	2022/08/05 
2022/08/08 	155.5	159.5	153.5	159.5	608000	2022/08/08 
2022/08/09 	157.5	169.0	157.5	167.0	2218734	2022/08/09 
2022/08/10 	165.0	170.0	160.5	162.5	1569056	2022/08/10 
2022/08/11 	164.0	165.5	156.5	156.5	830344	2022/08/11 
2022/08/12 	156.0	156.5	152.0	152.0	803114	2022/08/12 
2022/08/15 	151.0	154.0	148.5	152.0	455117	2022/08/15 
2022/08/16 	153.0	153.5	151.0	152.0	294050	2022/08/16 
2022/08/17 	152.0	153.0	147.0	151.5	436184	2022/08/17 
2022/08/18 	151.5	152.0	148.5	151.0	356005	2022/08/18 
2022/08/19 	151.0	151.0	149.0	150.5	281000	2022/08/19 
2022/08/22 	150.0	150.5	146.5	148.5	222000	2022/08/22 
2022/08/23 	146.5	146.5	143.0	146.0	237050	2022/08/23 
2022/08/24 	146.5	148.5	146.0	146.0	164005	2022/08/24 
2022/08/25 	147.0	150.0	146.5	148.0	271000	2022/08/25 
2022/08/26 	149.0	150.5	147.0	147.0	193000	2022/08/26 
2022/08/29 	143.0	144.0	140.0	141.5	352000	2022/08/29 
2022/08/30 	138.5	143.0	138.5	142.5	125000	2022/08/30 
2022/08/31 	142.0	142.0	140.0	141.5	103450	2022/08/31 
2022/09/01 	141.0	142.0	138.5	141.0	212107	2022/09/01 
2022/09/02 	141.0	154.5	141.0	153.5	620160	2022/09/02 
2022/09/05 	153.5	155.5	151.0	153.5	667507	2022/09/05 
2022/09/06 	153.0	155.5	151.5	153.0	362000	2022/09/06 
2022/09/07 	153.0	158.0	152.0	154.0	444040	2022/09/07 
2022/09/08 	154.5	158.0	154.5	157.0	350000	2022/09/08 
2022/09/12 	161.5	162.0	155.0	155.0	468013	2022/09/12 
2022/09/13 	155.0	155.5	152.5	152.5	222000	2022/09/13 
2022/09/14 	149.0	154.5	149.0	152.5	196007	2022/09/14 
2022/09/15 	155.0	155.0	150.5	150.5	184000	2022/09/15 
2022/09/16 	149.5	151.0	148.0	149.0	153013	2022/09/16 
2022/09/19 	149.0	149.0	144.5	149.0	224130	2022/09/19 
2022/09/20 	149.0	149.5	145.5	148.5	179030	2022/09/20 
2022/09/21 	148.5	149.5	146.5	146.5	92050	2022/09/21 
2022/09/22 	147.5	149.5	145.5	147.0	157020	2022/09/22 
2022/09/23 	148.0	154.0	148.0	148.5	594000	2022/09/23 
2022/09/26 	149.5	149.5	141.0	141.0	379169	2022/09/26 
2022/09/27 	141.0	143.0	133.0	141.5	487000	2022/09/27 
2022/09/28 	140.0	140.0	133.5	134.5	371060	2022/09/28 
2022/09/29 	137.0	142.0	137.0	140.0	298100	2022/09/29 
2022/09/30 	137.5	140.0	136.0	139.5	168000	2022/09/30 
2022/10/03 	140.0	140.0	137.0	138.5	118000	2022/10/03 
2022/10/04 	140.5	144.5	140.5	143.5	177065	2022/10/04 
2022/10/05 	146.0	147.0	141.0	142.0	219000	2022/10/05 
2022/10/06 	144.0	145.5	141.5	142.5	93000	2022/10/06 
2022/10/07 	142.5	143.0	141.0	141.5	119000	2022/10/07 
2022/10/11 	136.0	146.0	136.0	137.0	1417060	2022/10/11 
2022/10/12 	136.5	138.5	133.5	134.0	263000	2022/10/12 
2022/10/13 	134.0	137.5	126.0	129.0	311238	2022/10/13 
2022/10/14 	131.0	135.5	131.0	133.5	156000	2022/10/14 
2022/10/17 	131.0	132.5	127.0	129.5	167000	2022/10/17 
2022/10/18 	130.0	130.0	125.0	128.0	128000	2022/10/18 
2022/10/19 	129.0	129.0	121.0	123.5	209000	2022/10/19 
2022/10/20 	121.5	121.5	117.0	117.0	252102	2022/10/20 
2022/10/21 	117.5	117.5	111.5	111.5	669054	2022/10/21 
2022/10/24 	115.5	115.5	109.5	112.5	489000	2022/10/24 
2022/10/25 	112.0	112.0	106.0	110.0	313100	2022/10/25 
2022/10/26 	110.0	110.0	102.5	107.0	959100	2022/10/26 
2022/10/27 	106.5	114.0	106.5	113.5	201000	2022/10/27 
2022/10/28 	116.0	116.0	108.0	108.5	562000	2022/10/28 
2022/10/31 	112.0	113.5	110.5	113.5	133000	2022/10/31 
2022/11/01 	112.0	115.5	112.0	114.0	100177	2022/11/01 
2022/11/02 	113.5	119.0	113.5	119.0	211100	2022/11/02 
2022/11/03 	115.0	118.0	115.0	117.5	115000	2022/11/03 
2022/11/04 	118.0	119.0	115.5	118.0	62000	2022/11/04 
2022/11/07 	118.0	120.0	117.5	118.5	151000	2022/11/07 
2022/11/08 	120.5	121.5	119.0	119.0	271000	2022/11/08 
2022/11/09 	120.5	125.5	120.5	124.0	370000	2022/11/09 
2022/11/10 	124.5	124.5	120.0	122.0	213000	2022/11/10 
2022/11/11 	126.5	128.0	119.0	119.0	521110	2022/11/11 
2022/11/14 	121.0	122.0	119.5	121.0	151007	2022/11/14 
2022/11/15 	121.0	121.5	119.0	121.0	99000	2022/11/15 
2022/11/16 	120.0	120.5	118.0	118.5	162000	2022/11/16 
2022/11/17 	119.5	124.5	117.5	123.0	318000	2022/11/17 
2022/11/18 	125.0	135.0	124.0	135.0	701987	2022/11/18 
2022/11/21 	138.0	138.0	131.0	135.5	941135	2022/11/21 
2022/11/22 	135.5	138.5	132.5	133.5	452050	2022/11/22 
2022/11/23 	132.5	138.5	132.0	132.0	363065	2022/11/23 
2022/11/24 	132.0	134.0	130.0	132.5	228000	2022/11/24 
2022/11/25 	132.0	133.5	129.0	129.0	188010	2022/11/25 
2022/11/28 	130.0	130.5	128.0	128.0	111058	2022/11/28 
2022/11/29 	127.0	128.5	126.5	128.0	106149	2022/11/29 
2022/11/30 	127.0	138.0	127.0	136.5	502001	2022/11/30 
2022/12/01 	137.5	142.0	135.0	136.5	401040	2022/12/01 
2022/12/02 	137.5	140.0	135.0	135.0	295036	2022/12/02 
2022/12/05 	135.0	135.5	133.0	133.5	212100	2022/12/05 
2022/12/06 	133.5	135.5	130.0	132.0	448000	2022/12/06 
2022/12/07 	133.0	133.0	129.0	129.5	200000	2022/12/07 
2022/12/08 	130.0	138.0	129.5	137.5	428135	2022/12/08 
2022/12/09 	139.5	140.5	135.5	136.0	277100	2022/12/09 
2022/12/12 	135.0	139.0	133.5	136.5	259000	2022/12/12 
2022/12/13 	140.0	147.0	136.5	138.0	1372046	2022/12/13 
2022/12/14 	141.5	151.5	140.0	148.0	2603302	2022/12/14 
2022/12/15 	146.5	149.5	142.0	143.0	1056160	2022/12/15 
2022/12/16 	142.0	143.5	140.0	140.5	599020	2022/12/16 
2022/12/19 	138.0	140.0	136.0	136.0	320307	2022/12/19 
2022/12/20 	135.5	137.5	129.5	132.0	629110	2022/12/20 
2022/12/21 	132.5	133.5	131.0	131.5	245001	2022/12/21 
2022/12/22 	135.0	136.0	131.5	133.0	420000	2022/12/22 
2022/12/23 	130.0	135.0	129.5	130.0	386020	2022/12/23 
2022/12/26 	132.5	132.5	128.0	129.0	187012	2022/12/26 
2022/12/27 	130.5	133.0	128.5	130.0	625020	2022/12/27 
2022/12/28 	129.5	131.5	122.5	123.0	936080	2022/12/28 
2022/12/29 	123.0	124.0	120.5	123.5	222010	2022/12/29 
2022/12/30 	125.0	126.0	123.0	124.0	558000	2022/12/30 
2023/01/03 	124.5	128.0	122.0	127.5	144000	2023/01/03 
2023/01/04 	126.0	127.0	125.0	125.0	83000	2023/01/04 
2023/01/05 	127.0	127.0	123.5	123.5	109000	2023/01/05 
2023/01/06 	122.5	124.0	122.5	123.0	85000	2023/01/06 
2023/01/09 	124.0	130.0	123.0	128.0	282030	2023/01/09 
2023/01/10 	128.5	129.0	125.5	126.0	157000	2023/01/10 
2023/01/11 	126.5	127.5	125.5	126.0	133000	2023/01/11 
2023/01/12 	126.5	129.0	125.5	125.5	206000	2023/01/12 
2023/01/13 	127.0	128.0	124.5	124.5	110000	2023/01/13 
2023/01/16 	124.0	124.5	120.0	121.0	270100	2023/01/16 
2023/01/17 	121.5	123.0	119.5	121.0	98108	2023/01/17 
2023/01/30 	123.0	129.5	122.5	125.5	231100	2023/01/30 
2023/01/31 	126.0	128.5	125.0	126.5	262010	2023/01/31 
2023/02/01 	127.0	130.0	126.0	130.0	203000	2023/02/01 
2023/02/02 	131.0	134.0	130.5	133.0	293029	2023/02/02 
2023/02/03 	133.0	133.0	128.0	130.0	243000	2023/02/03 
2023/02/06 	130.0	132.0	128.5	131.0	172000	2023/02/06 
2023/02/07 	130.0	132.5	129.0	129.0	173000	2023/02/07 
2023/02/08 	130.0	137.5	128.5	137.0	622164	2023/02/08 
2023/02/09 	135.5	136.5	134.0	135.0	256000	2023/02/09 
2023/02/10 	135.5	135.5	128.0	129.0	435020	2023/02/10 
2023/02/13 	128.5	130.0	127.5	128.0	148000	2023/02/13 
2023/02/14 	129.0	130.5	127.5	127.5	160001	2023/02/14 
2023/02/15 	128.0	130.5	127.5	127.5	220000	2023/02/15 
2023/02/16 	128.0	130.0	128.0	128.5	188000	2023/02/16 
2023/02/17 	129.5	141.0	129.5	141.0	2291309	2023/02/17 
2023/02/20 	144.0	152.0	143.5	147.0	4279007	2023/02/20 
2023/02/21 	145.5	154.5	143.5	152.0	2591413	2023/02/21 
2023/02/22 	152.5	156.0	150.0	153.0	2840167	2023/02/22 
2023/02/23 	154.5	155.0	148.5	152.0	1622273	2023/02/23 
