Date	Open	High	Low	Close	Volume	Date
2019/12/05 	26.838281631469727	30.90236473083496	22.927560806274414	23.70970344543457	344241	2019/12/05 
2019/12/06 	23.387645721435547	23.471994400024414	21.623987197875977	21.623987197875977	201341	2019/12/06 
2019/12/09 	20.55045509338379	20.55045509338379	20.113374710083008	20.427766799926758	71313	2019/12/09 
2019/12/10 	20.32041358947754	20.70381736755371	20.197723388671875	20.55045509338379	19561	2019/12/10 
2019/12/11 	21.593313217163086	22.59783363342285	20.93385887145996	22.352453231811523	117657	2019/12/11 
2019/12/12 	21.593313217163086	22.59783363342285	20.93385887145996	22.352453231811523	117657	2019/12/12 
2019/12/13 	23.387645721435547	25.0056095123291	23.004241943359375	23.878402709960938	148604	2019/12/13 
2019/12/16 	24.13144874572754	24.15445327758789	23.77104949951172	23.94741439819336	49516	2019/12/16 
2019/12/17 	24.15445327758789	24.384496688842773	23.97041893005371	24.15445327758789	52164	2019/12/17 
2019/12/18 	24.15445327758789	24.384496688842773	23.97041893005371	24.15445327758789	52164	2019/12/18 
2019/12/19 	24.346155166625977	27.428722381591797	24.246469497680664	26.224834442138672	186613	2019/12/19 
2019/12/20 	25.8414306640625	26.608238220214844	25.8414306640625	26.454877853393555	57380	2019/12/20 
2019/12/23 	26.98397445678711	27.988492965698242	26.301515579223633	26.838281631469727	79811	2019/12/23 
2019/12/24 	26.14815330505371	26.224834442138672	25.994792938232422	26.086809158325195	24778	2019/12/24 
2019/12/25 	25.964120864868164	26.07147216796875	25.65739631652832	26.07147216796875	91287	2019/12/25 
2019/12/26 	25.964120864868164	26.07147216796875	25.65739631652832	26.07147216796875	91287	2019/12/26 
2019/12/27 	25.688068389892578	26.117481231689453	25.542375564575195	25.5500431060791	42513	2019/12/27 
2019/12/30 	25.803089141845703	25.803089141845703	25.458026885986328	25.688068389892578	61553	2019/12/30 
2019/12/31 	25.749414443969727	25.757081985473633	25.53470802307129	25.619056701660156	99503	2019/12/31 
2020/01/02 	25.53470802307129	25.8414306640625	25.304664611816406	25.65739631652832	122846	2020/01/02 
2020/01/03 	25.542375564575195	25.91811180114746	25.542375564575195	25.91811180114746	41731	2020/01/03 
2020/01/06 	25.672733306884766	26.117481231689453	25.6343936920166	26.040800094604492	75899	2020/01/06 
2020/01/07 	25.872102737426758	26.194162368774414	25.780086517333984	25.987123489379883	110862	2020/01/07 
2020/01/08 	25.695737838745117	26.830612182617188	25.396682739257812	26.086809158325195	186030	2020/01/08 
2020/01/09 	26.447208404541016	26.914962768554688	26.339855194091797	26.899625778198242	98068	2020/01/09 
2020/01/10 	26.899625778198242	28.8549861907959	26.899625778198242	28.716960906982422	498938	2020/01/10 
2020/01/13 	28.8549861907959	29.828832626342773	27.835132598876953	29.077360153198242	242816	2020/01/13 
2020/01/14 	29.21538543701172	30.87936019897461	29.06202507019043	30.656984329223633	390666	2020/01/14 
2020/01/15 	30.51896095275879	31.05572509765625	30.288917541503906	30.572635650634766	337489	2020/01/15 
2020/01/16 	30.5342960357666	30.756669998168945	30.365598678588867	30.503623962402344	158449	2020/01/16 
2020/01/17 	30.756669998168945	30.90236473083496	30.56496810913086	30.725997924804688	117408	2020/01/17 
2020/01/20 	30.71833038330078	30.756669998168945	30.442279815673828	30.710662841796875	125194	2020/01/20 
2020/01/30 	29.230722427368164	30.51896095275879	29.138704299926758	29.568117141723633	205050	2020/01/30 
2020/01/31 	29.568117141723633	29.752151489257812	29.21538543701172	29.59878921508789	170668	2020/01/31 
2020/02/03 	29.491437911987305	29.491437911987305	25.335336685180664	26.77693748474121	191051	2020/02/03 
2020/02/04 	26.82294464111328	26.98397445678711	26.815277099609375	26.830612182617188	197181	2020/02/04 
2020/02/05 	26.82294464111328	26.98397445678711	26.815277099609375	26.830612182617188	197181	2020/02/05 
2020/02/06 	27.068323135375977	27.075992584228516	26.838281631469727	26.838281631469727	133018	2020/02/06 
2020/02/07 	27.06065559387207	27.2216854095459	26.9302978515625	26.99164390563965	144755	2020/02/07 
2020/02/10 	26.838281631469727	26.922630310058594	26.07147216796875	26.631242752075195	160405	2020/02/10 
2020/02/11 	26.62357521057129	28.74763298034668	26.224834442138672	28.302885055541992	307769	2020/02/11 
2020/02/12 	28.448577880859375	30.77200698852539	28.448577880859375	29.138704299926758	343697	2020/02/12 
2020/02/13 	29.453096389770508	30.357929229736328	29.16937828063965	29.905513763427734	74464	2020/02/13 
2020/02/14 	29.154041290283203	30.212236404418945	29.154041290283203	29.752151489257812	46947	2020/02/14 
2020/02/17 	29.146373748779297	29.805828094482422	29.146373748779297	29.52210807800293	50860	2020/02/17 
2020/02/18 	29.667802810668945	29.667802810668945	29.3994197845459	29.52210807800293	15649	2020/02/18 
2020/02/19 	29.667802810668945	29.667802810668945	29.3994197845459	29.52210807800293	15649	2020/02/19 
2020/02/20 	29.514440536499023	29.67547035217285	29.21538543701172	29.4454288482666	52164	2020/02/20 
2020/02/21 	29.36874771118164	29.752151489257812	29.16937828063965	29.36874771118164	95330	2020/02/21 
2020/02/24 	29.430091857910156	29.514440536499023	28.601940155029297	28.993011474609375	92591	2020/02/24 
2020/02/25 	28.448577880859375	29.138704299926758	27.827463150024414	28.51759147644043	835280	2020/02/25 
2020/02/26 	28.647947311401367	28.831981658935547	27.68177032470703	28.525259017944336	166925	2020/02/26 
2020/02/27 	28.61727523803711	29.13103675842285	28.37956428527832	28.37956428527832	149972	2020/02/27 
2020/03/02 	28.37956428527832	28.448577880859375	27.37504768371582	28.065174102783203	831629	2020/03/02 
2020/03/03 	28.218536376953125	29.13103675842285	28.218536376953125	28.678621292114258	133018	2020/03/03 
2020/03/04 	28.678621292114258	28.970008850097656	28.371896743774414	28.755300521850586	841149	2020/03/04 
2020/03/05 	29.13103675842285	29.284399032592773	28.95467185974121	29.138704299926758	100416	2020/03/05 
2020/03/06 	28.908662796020508	29.138704299926758	28.816646575927734	29.13103675842285	26342	2020/03/06 
2020/03/09 	29.13103675842285	29.13103675842285	29.13103675842285	29.13103675842285	0	2020/03/09 
2020/03/10 	28.07284164428711	28.755300521850586	27.988492965698242	28.678621292114258	95199	2020/03/10 
2020/03/11 	28.601940155029297	28.601940155029297	28.111183166503906	28.58660316467285	33906	2020/03/11 
2020/03/12 	28.12651824951172	28.371896743774414	26.98397445678711	28.218536376953125	323418	2020/03/12 
2020/03/13 	28.218536376953125	28.218536376953125	28.218536376953125	28.218536376953125	0	2020/03/13 
2020/03/16 	27.60508918762207	28.12651824951172	27.459396362304688	27.505403518676758	130410	2020/03/16 
2020/03/17 	27.505403518676758	27.60508918762207	26.07147216796875	26.684919357299805	329939	2020/03/17 
2020/03/18 	26.914962768554688	27.2216854095459	26.14815330505371	26.14815330505371	114761	2020/03/18 
2020/03/19 	25.18964385986328	25.18964385986328	18.94015884399414	19.17020034790039	255826	2020/03/19 
2020/03/20 	20.174718856811523	22.2374324798584	19.193204879760742	19.193204879760742	487479	2020/03/20 
2020/03/23 	20.32041358947754	20.780498504638672	20.243732452392578	20.55045509338379	133018	2020/03/23 
2020/03/24 	20.780498504638672	21.087221145629883	20.70381736755371	21.087221145629883	19561	2020/03/24 
2020/03/25 	21.623987197875977	21.854028701782227	21.35560417175293	21.777347564697266	52164	2020/03/25 
2020/03/26 	21.930709838867188	22.735858917236328	21.89236831665039	22.2374324798584	75899	2020/03/26 
2020/03/27 	23.27262306213379	23.27262306213379	22.352453231811523	22.927560806274414	83723	2020/03/27 
2020/03/30 	22.927560806274414	22.927560806274414	22.927560806274414	22.927560806274414	0	2020/03/30 
2020/03/31 	22.927560806274414	22.927560806274414	22.927560806274414	22.927560806274414	0	2020/03/31 
2020/04/01 	22.927560806274414	22.927560806274414	22.927560806274414	22.927560806274414	0	2020/04/01 
2020/04/06 	22.965900421142578	23.157602310180664	22.62083625793457	23.157602310180664	59988	2020/04/06 
2020/04/07 	23.080921173095703	23.157602310180664	23.004241943359375	23.080921173095703	59988	2020/04/07 
2020/04/08 	23.080921173095703	23.080921173095703	23.004241943359375	23.004241943359375	11736	2020/04/08 
2020/04/09 	23.004241943359375	23.310964584350586	22.927560806274414	23.1192626953125	66797	2020/04/09 
2020/04/10 	23.157602310180664	24.15445327758789	23.004241943359375	23.77104949951172	102242	2020/04/10 
2020/04/13 	24.07777214050293	24.07777214050293	23.157602310180664	23.157602310180664	49816	2020/04/13 
2020/04/14 	24.039432525634766	26.761600494384766	24.039432525634766	26.224834442138672	127985	2020/04/14 
2020/04/15 	26.838281631469727	27.068323135375977	25.8414306640625	25.994792938232422	63249	2020/04/15 
2020/04/16 	26.224834442138672	26.914962768554688	25.994792938232422	26.914962768554688	45643	2020/04/16 
2020/04/17 	26.838281631469727	26.838281631469727	26.301515579223633	26.339855194091797	62597	2020/04/17 
2020/04/20 	26.109813690185547	26.79994010925293	26.109813690185547	26.224834442138672	28690	2020/04/20 
2020/04/21 	26.263174057006836	26.7232608795166	26.109813690185547	26.454877853393555	56076	2020/04/21 
2020/04/22 	26.263174057006836	27.45172882080078	26.14815330505371	27.45172882080078	78246	2020/04/22 
2020/04/23 	27.45172882080078	27.45172882080078	27.45172882080078	27.45172882080078	0	2020/04/23 
2020/04/24 	27.45172882080078	27.45172882080078	27.45172882080078	27.45172882080078	0	2020/04/24 
2020/04/27 	27.45172882080078	27.45172882080078	27.45172882080078	27.45172882080078	0	2020/04/27 
2020/04/28 	27.45172882080078	27.45172882080078	27.45172882080078	27.45172882080078	0	2020/04/28 
2020/04/29 	27.45172882080078	27.45172882080078	27.45172882080078	27.45172882080078	0	2020/04/29 
2020/04/30 	27.45172882080078	27.45172882080078	27.45172882080078	27.45172882080078	0	2020/04/30 
2020/05/04 	27.45172882080078	27.45172882080078	27.45172882080078	27.45172882080078	0	2020/05/04 
2020/05/05 	27.45172882080078	27.45172882080078	27.45172882080078	27.45172882080078	0	2020/05/05 
2020/05/06 	27.45172882080078	27.45172882080078	27.45172882080078	27.45172882080078	0	2020/05/06 
2020/05/07 	27.45172882080078	27.45172882080078	27.45172882080078	27.45172882080078	0	2020/05/07 
2020/05/08 	27.45172882080078	27.45172882080078	27.45172882080078	27.45172882080078	0	2020/05/08 
2020/05/11 	27.45172882080078	27.45172882080078	27.45172882080078	27.45172882080078	0	2020/05/11 
2020/05/12 	27.45172882080078	27.45172882080078	27.45172882080078	27.45172882080078	0	2020/05/12 
2020/05/13 	27.45172882080078	27.45172882080078	27.45172882080078	27.45172882080078	0	2020/05/13 
2020/05/14 	27.45172882080078	27.45172882080078	27.45172882080078	27.45172882080078	0	2020/05/14 
2020/05/15 	27.45172882080078	27.45172882080078	27.45172882080078	27.45172882080078	0	2020/05/15 
2020/05/18 	27.45172882080078	27.45172882080078	27.45172882080078	27.45172882080078	0	2020/05/18 
2020/05/19 	27.45172882080078	27.45172882080078	27.45172882080078	27.45172882080078	0	2020/05/19 
2020/05/20 	27.45172882080078	27.45172882080078	27.45172882080078	27.45172882080078	0	2020/05/20 
2020/05/21 	27.45172882080078	27.45172882080078	27.45172882080078	27.45172882080078	0	2020/05/21 
2020/05/22 	27.45172882080078	27.45172882080078	27.45172882080078	27.45172882080078	0	2020/05/22 
2020/05/25 	27.45172882080078	27.45172882080078	27.45172882080078	27.45172882080078	0	2020/05/25 
2020/05/26 	27.45172882080078	27.45172882080078	27.45172882080078	27.45172882080078	0	2020/05/26 
2020/05/27 	27.45172882080078	27.45172882080078	27.45172882080078	27.45172882080078	0	2020/05/27 
2020/05/28 	27.45172882080078	27.45172882080078	27.45172882080078	27.45172882080078	0	2020/05/28 
2020/05/29 	27.45172882080078	27.45172882080078	27.45172882080078	27.45172882080078	0	2020/05/29 
2020/06/01 	27.45172882080078	27.45172882080078	27.45172882080078	27.45172882080078	0	2020/06/01 
2020/06/02 	27.45172882080078	27.45172882080078	27.45172882080078	27.45172882080078	0	2020/06/02 
2020/06/03 	27.45172882080078	27.45172882080078	27.45172882080078	27.45172882080078	0	2020/06/03 
2020/06/04 	27.45172882080078	27.45172882080078	27.45172882080078	27.45172882080078	0	2020/06/04 
2020/06/05 	27.45172882080078	27.45172882080078	27.45172882080078	27.45172882080078	0	2020/06/05 
2020/06/08 	27.45172882080078	27.45172882080078	27.45172882080078	27.45172882080078	0	2020/06/08 
2020/06/09 	27.45172882080078	27.45172882080078	27.45172882080078	27.45172882080078	0	2020/06/09 
2020/06/10 	27.45172882080078	27.45172882080078	27.45172882080078	27.45172882080078	0	2020/06/10 
2020/06/11 	27.45172882080078	27.45172882080078	27.45172882080078	27.45172882080078	0	2020/06/11 
2020/06/12 	27.45172882080078	27.45172882080078	27.45172882080078	27.45172882080078	0	2020/06/12 
2020/06/15 	27.45172882080078	27.45172882080078	27.45172882080078	27.45172882080078	0	2020/06/15 
2020/06/16 	27.45172882080078	27.45172882080078	27.45172882080078	27.45172882080078	0	2020/06/16 
2020/06/17 	27.45172882080078	27.45172882080078	27.45172882080078	27.45172882080078	0	2020/06/17 
2020/06/18 	27.45172882080078	27.45172882080078	27.45172882080078	27.45172882080078	0	2020/06/18 
2020/06/19 	27.45172882080078	27.45172882080078	27.45172882080078	27.45172882080078	0	2020/06/19 
2020/06/22 	27.45172882080078	27.45172882080078	27.45172882080078	27.45172882080078	0	2020/06/22 
2020/06/23 	27.45172882080078	27.45172882080078	27.45172882080078	27.45172882080078	0	2020/06/23 
2020/06/24 	27.45172882080078	27.45172882080078	27.45172882080078	27.45172882080078	0	2020/06/24 
2020/06/29 	27.45172882080078	27.45172882080078	27.45172882080078	27.45172882080078	0	2020/06/29 
2020/06/30 	27.45172882080078	27.45172882080078	27.45172882080078	27.45172882080078	0	2020/06/30 
2020/07/01 	27.45172882080078	27.45172882080078	27.45172882080078	27.45172882080078	0	2020/07/01 
2020/07/02 	27.45172882080078	27.45172882080078	27.45172882080078	27.45172882080078	0	2020/07/02 
2020/07/03 	27.45172882080078	27.45172882080078	27.45172882080078	27.45172882080078	0	2020/07/03 
2020/07/06 	27.45172882080078	27.45172882080078	27.45172882080078	27.45172882080078	0	2020/07/06 
2020/07/07 	27.45172882080078	27.45172882080078	27.45172882080078	27.45172882080078	0	2020/07/07 
2020/07/08 	27.45172882080078	27.45172882080078	27.45172882080078	27.45172882080078	0	2020/07/08 
2020/07/09 	27.45172882080078	27.45172882080078	27.45172882080078	27.45172882080078	0	2020/07/09 
2020/07/10 	27.45172882080078	27.45172882080078	27.45172882080078	27.45172882080078	0	2020/07/10 
2020/07/13 	27.45172882080078	27.45172882080078	27.45172882080078	27.45172882080078	0	2020/07/13 
2020/07/14 	27.45172882080078	27.45172882080078	27.45172882080078	27.45172882080078	0	2020/07/14 
2020/07/15 	27.45172882080078	27.45172882080078	27.45172882080078	27.45172882080078	0	2020/07/15 
2020/07/16 	27.45172882080078	27.45172882080078	27.45172882080078	27.45172882080078	0	2020/07/16 
2020/07/17 	27.45172882080078	27.45172882080078	27.45172882080078	27.45172882080078	0	2020/07/17 
2020/07/20 	27.45172882080078	27.45172882080078	27.45172882080078	27.45172882080078	0	2020/07/20 
2020/07/21 	27.45172882080078	27.45172882080078	27.45172882080078	27.45172882080078	0	2020/07/21 
2020/07/22 	27.45172882080078	27.45172882080078	27.45172882080078	27.45172882080078	0	2020/07/22 
2020/07/23 	27.45172882080078	27.45172882080078	27.45172882080078	27.45172882080078	0	2020/07/23 
2020/07/24 	27.45172882080078	27.45172882080078	27.45172882080078	27.45172882080078	0	2020/07/24 
2020/07/27 	81.66505432128906	83.58207702636719	76.68080139160156	81.28165435791016	1598736	2020/07/27 
2020/07/28 	80.13143920898438	83.19866943359375	74.38037872314453	80.13143920898438	1234666	2020/07/28 
2020/07/29 	79.36463165283203	80.51484680175781	77.44761657714844	80.13143920898438	293228	2020/07/29 
2020/07/30 	80.51484680175781	90.86675262451172	79.74803924560547	89.71653747558594	2066822	2020/07/30 
2020/07/31 	89.71653747558594	90.86675262451172	86.26590728759766	88.9497299194336	844272	2020/07/31 
2020/08/03 	89.33313751220703	93.16717529296875	89.33313751220703	92.4003677368164	798134	2020/08/03 
2020/08/04 	92.78377532958984	93.16717529296875	90.09994506835938	91.25016021728516	666856	2020/08/04 
2020/08/05 	91.25016021728516	91.25016021728516	89.71653747558594	90.09994506835938	306465	2020/08/05 
2020/08/06 	89.71653747558594	90.48335266113281	86.26590728759766	86.64930725097656	579726	2020/08/06 
2020/08/07 	87.4161148071289	87.4161148071289	81.66505432128906	82.81526947021484	740080	2020/08/07 
2020/08/10 	83.58207702636719	92.0169677734375	82.0484619140625	89.71653747558594	1806169	2020/08/10 
2020/08/11 	89.33313751220703	89.33313751220703	81.28165435791016	84.34888458251953	705656	2020/08/11 
2020/08/12 	83.58207702636719	85.88249969482422	81.28165435791016	82.81526947021484	999196	2020/08/12 
2020/08/13 	82.81526947021484	93.55058288574219	82.81526947021484	85.88249969482422	1425325	2020/08/13 
2020/08/14 	85.49909973144531	86.26590728759766	83.19866943359375	85.88249969482422	661462	2020/08/14 
2020/08/17 	85.11569213867188	88.56632995605469	84.34888458251953	88.18292236328125	594036	2020/08/17 
2020/08/18 	90.54624938964844	91.35110473632812	89.74139404296875	90.1438217163086	264959	2020/08/18 
2020/08/19 	90.94867706298828	94.97295379638672	90.94867706298828	91.75353240966797	348153	2020/08/19 
2020/08/20 	90.54624938964844	91.75353240966797	80.48554992675781	83.70497131347656	1102912	2020/08/20 
2020/08/21 	85.71711730957031	88.13168334960938	85.31468963623047	85.71711730957031	217237	2020/08/21 
2020/08/24 	86.92440032958984	87.72925567626953	84.9122543334961	85.71711730957031	161706	2020/08/24 
2020/08/25 	86.11953735351562	92.55838775634766	85.31468963623047	90.1438217163086	722555	2020/08/25 
2020/08/26 	88.13168334960938	89.74139404296875	87.32682800292969	89.74139404296875	123624	2020/08/26 
2020/08/27 	89.3389663696289	92.15596008300781	88.13168334960938	88.93653869628906	321388	2020/08/27 
2020/08/28 	89.3389663696289	90.54624938964844	88.53411102294922	89.74139404296875	174233	2020/08/28 
2020/08/31 	89.74139404296875	90.54624938964844	88.13168334960938	88.53411102294922	398147	2020/08/31 
2020/09/01 	88.93653869628906	89.3389663696289	86.92440032958984	87.32682800292969	198855	2020/09/01 
2020/09/02 	86.52197265625	87.32682800292969	86.11953735351562	86.52197265625	105800	2020/09/02 
2020/09/03 	86.52197265625	86.52197265625	85.31468963623047	86.52197265625	265267	2020/09/03 
2020/09/04 	83.70497131347656	85.31468963623047	82.49768829345703	85.31468963623047	389796	2020/09/04 
2020/09/07 	86.92440032958984	87.32682800292969	84.50982666015625	84.9122543334961	227556	2020/09/07 
2020/09/08 	86.92440032958984	86.92440032958984	82.09526062011719	83.30254364013672	314201	2020/09/08 
2020/09/09 	83.70497131347656	83.70497131347656	82.49768829345703	82.90011596679688	150248	2020/09/09 
2020/09/10 	83.70497131347656	84.10740661621094	82.49768829345703	82.90011596679688	129961	2020/09/10 
2020/09/11 	83.70497131347656	85.71711730957031	82.90011596679688	85.31468963623047	371358	2020/09/11 
2020/09/14 	86.11953735351562	92.55838775634766	85.71711730957031	90.1438217163086	828249	2020/09/14 
2020/09/15 	90.94867706298828	93.36324310302734	84.10740661621094	86.92440032958984	897716	2020/09/15 
2020/09/16 	87.32682800292969	91.75353240966797	87.32682800292969	90.1438217163086	327139	2020/09/16 
2020/09/17 	89.74139404296875	91.35110473632812	89.74139404296875	91.35110473632812	292995	2020/09/17 
2020/09/18 	91.35110473632812	92.55838775634766	89.3389663696289	91.35110473632812	290366	2020/09/18 
2020/09/21 	91.35110473632812	92.55838775634766	87.72925567626953	88.13168334960938	439537	2020/09/21 
2020/09/22 	90.1438217163086	90.1438217163086	86.92440032958984	87.32682800292969	181879	2020/09/22 
2020/09/23 	88.53411102294922	88.53411102294922	85.71711730957031	86.11953735351562	167905	2020/09/23 
2020/09/24 	86.11953735351562	86.11953735351562	84.10740661621094	84.50982666015625	241881	2020/09/24 
2020/09/25 	84.50982666015625	86.11953735351562	84.10740661621094	85.71711730957031	252778	2020/09/25 
2020/09/28 	86.11953735351562	88.13168334960938	85.31468963623047	88.13168334960938	142511	2020/09/28 
2020/09/29 	85.71711730957031	88.53411102294922	85.71711730957031	88.13168334960938	280857	2020/09/29 
2020/09/30 	88.53411102294922	88.93653869628906	87.32682800292969	88.13168334960938	226193	2020/09/30 
2020/10/05 	89.3389663696289	91.75353240966797	88.53411102294922	90.1438217163086	640550	2020/10/05 
2020/10/06 	90.94867706298828	94.16809844970703	89.3389663696289	93.76567077636719	956823	2020/10/06 
2020/10/07 	93.36324310302734	97.38751983642578	92.55838775634766	94.57052612304688	1039478	2020/10/07 
2020/10/08 	94.16809844970703	95.37538146972656	89.3389663696289	91.75353240966797	829137	2020/10/08 
2020/10/12 	92.15596008300781	93.76567077636719	90.94867706298828	92.15596008300781	539211	2020/10/12 
2020/10/13 	91.35110473632812	93.36324310302734	90.54624938964844	93.36324310302734	284720	2020/10/13 
2020/10/14 	91.35110473632812	94.57052612304688	90.94867706298828	92.15596008300781	118884	2020/10/14 
2020/10/15 	94.57052612304688	96.98509216308594	92.55838775634766	95.7778091430664	1074118	2020/10/15 
2020/10/16 	94.97295379638672	103.0215072631836	94.97295379638672	101.41179656982422	2318551	2020/10/16 
2020/10/19 	100.20451354980469	104.22879028320312	100.20451354980469	103.0215072631836	822665	2020/10/19 
2020/10/20 	103.0215072631836	103.42393493652344	101.00936889648438	101.41179656982422	266798	2020/10/20 
2020/10/21 	102.61907958984375	105.43607330322266	102.2166519165039	104.22879028320312	1447837	2020/10/21 
2020/10/22 	106.24092864990234	106.24092864990234	103.42393493652344	103.42393493652344	391799	2020/10/22 
2020/10/23 	105.03364562988281	105.43607330322266	104.22879028320312	105.03364562988281	412401	2020/10/23 
2020/10/26 	105.03364562988281	105.43607330322266	100.60694122314453	101.41179656982422	682823	2020/10/26 
2020/10/27 	102.61907958984375	102.61907958984375	100.20451354980469	101.00936889648438	346283	2020/10/27 
2020/10/28 	103.0215072631836	104.63121795654297	97.38751983642578	98.59480285644531	873495	2020/10/28 
2020/10/29 	97.38751983642578	98.99723052978516	94.57052612304688	96.98509216308594	485062	2020/10/29 
2020/10/30 	96.5826644897461	96.98509216308594	94.97295379638672	95.37538146972656	432864	2020/10/30 
2020/11/02 	95.37538146972656	95.7778091430664	92.55838775634766	93.36324310302734	485288	2020/11/02 
2020/11/03 	93.36324310302734	94.16809844970703	92.15596008300781	92.55838775634766	363990	2020/11/03 
2020/11/04 	92.9608154296875	94.16809844970703	92.15596008300781	92.55838775634766	452149	2020/11/04 
2020/11/05 	92.9608154296875	96.98509216308594	92.15596008300781	95.7778091430664	606503	2020/11/05 
2020/11/06 	95.37538146972656	98.59480285644531	95.37538146972656	97.38751983642578	741926	2020/11/06 
2020/11/09 	97.38751983642578	100.60694122314453	96.5826644897461	98.59480285644531	453600	2020/11/09 
2020/11/10 	96.98509216308594	97.38751983642578	93.76567077636719	94.16809844970703	782365	2020/11/10 
2020/11/11 	94.57052612304688	96.18023681640625	94.57052612304688	95.37538146972656	192981	2020/11/11 
2020/11/12 	95.37538146972656	95.37538146972656	93.76567077636719	94.97295379638672	180782	2020/11/12 
2020/11/13 	96.5826644897461	96.5826644897461	94.57052612304688	94.97295379638672	182952	2020/11/13 
2020/11/16 	94.57052612304688	96.98509216308594	94.57052612304688	96.98509216308594	368442	2020/11/16 
2020/11/17 	97.38751983642578	105.03364562988281	96.5826644897461	104.22879028320312	1680930	2020/11/17 
2020/11/18 	106.64335632324219	109.05792236328125	103.42393493652344	108.25306701660156	2045009	2020/11/18 
2020/11/19 	109.05792236328125	113.88705444335938	104.22879028320312	105.43607330322266	1391801	2020/11/19 
2020/11/20 	105.43607330322266	106.24092864990234	102.2166519165039	103.82636260986328	1046278	2020/11/20 
2020/11/23 	104.63121795654297	105.03364562988281	103.42393493652344	103.82636260986328	688281	2020/11/23 
2020/11/24 	104.63121795654297	104.63121795654297	102.2166519165039	103.82636260986328	777355	2020/11/24 
2020/11/25 	104.22879028320312	108.6554946899414	103.42393493652344	105.43607330322266	1247524	2020/11/25 
2020/11/26 	106.64335632324219	107.44821166992188	105.03364562988281	107.04578399658203	1037460	2020/11/26 
2020/11/27 	106.64335632324219	108.6554946899414	105.43607330322266	108.25306701660156	952311	2020/11/27 
2020/11/30 	110.26520538330078	110.66763305664062	103.42393493652344	105.03364562988281	1606524	2020/11/30 
2020/12/01 	104.63121795654297	106.64335632324219	103.82636260986328	104.63121795654297	676752	2020/12/01 
2020/12/02 	105.03364562988281	105.43607330322266	104.22879028320312	104.22879028320312	454920	2020/12/02 
2020/12/03 	104.22879028320312	105.43607330322266	104.22879028320312	104.22879028320312	377999	2020/12/03 
2020/12/04 	105.03364562988281	105.03364562988281	103.42393493652344	104.22879028320312	488984	2020/12/04 
2020/12/07 	104.22879028320312	104.63121795654297	102.2166519165039	103.42393493652344	687780	2020/12/07 
2020/12/08 	104.63121795654297	105.43607330322266	103.0215072631836	105.03364562988281	801634	2020/12/08 
2020/12/09 	105.03364562988281	115.8991928100586	104.63121795654297	108.6554946899414	2294995	2020/12/09 
2020/12/10 	113.48462677001953	115.8991928100586	108.25306701660156	112.67977142333984	1813254	2020/12/10 
2020/12/11 	111.07006072998047	114.28948211669922	104.63121795654297	106.24092864990234	1819926	2020/12/11 
2020/12/14 	103.0215072631836	103.0215072631836	94.57052612304688	96.5826644897461	5339909	2020/12/14 
2020/12/15 	97.78994750976562	107.04578399658203	97.78994750976562	104.63121795654297	4375254	2020/12/15 
2020/12/16 	107.04578399658203	113.48462677001953	104.22879028320312	111.87491607666016	4553137	2020/12/16 
2020/12/17 	111.07006072998047	114.28948211669922	108.25306701660156	112.67977142333984	2555570	2020/12/17 
2020/12/18 	111.87491607666016	114.28948211669922	111.07006072998047	114.28948211669922	1907972	2020/12/18 
2020/12/21 	114.28948211669922	121.1307601928711	113.48462677001953	120.3259048461914	4933730	2020/12/21 
2020/12/22 	116.70405578613281	117.91133880615234	108.6554946899414	108.6554946899414	5836790	2020/12/22 
2020/12/23 	108.6554946899414	109.4603500366211	103.42393493652344	105.03364562988281	2206116	2020/12/23 
2020/12/24 	105.43607330322266	112.67977142333984	105.43607330322266	108.25306701660156	2029636	2020/12/24 
2020/12/25 	111.47248840332031	118.71619415283203	109.86277770996094	117.91133880615234	4524990	2020/12/25 
2020/12/28 	115.0943374633789	116.70405578613281	109.4603500366211	112.67977142333984	4194658	2020/12/28 
2020/12/29 	110.66763305664062	111.47248840332031	103.82636260986328	106.64335632324219	3147409	2020/12/29 
2020/12/30 	104.22879028320312	106.24092864990234	103.0215072631836	104.63121795654297	2527708	2020/12/30 
2020/12/31 	105.03364562988281	107.04578399658203	103.82636260986328	104.63121795654297	886462	2020/12/31 
2021/01/04 	105.03364562988281	105.03364562988281	99.80208587646484	102.2166519165039	1744944	2021/01/04 
2021/01/05 	103.0215072631836	108.6554946899414	101.41179656982422	107.04578399658203	2084222	2021/01/05 
2021/01/06 	104.63121795654297	105.8385009765625	101.41179656982422	102.2166519165039	1605093	2021/01/06 
2021/01/07 	103.82636260986328	103.82636260986328	100.60694122314453	100.60694122314453	1130744	2021/01/07 
2021/01/08 	100.20451354980469	100.20451354980469	95.7778091430664	97.78994750976562	1525980	2021/01/08 
2021/01/11 	94.97295379638672	102.61907958984375	93.36324310302734	98.99723052978516	1464859	2021/01/11 
2021/01/12 	99.80208587646484	99.80208587646484	96.5826644897461	96.5826644897461	913207	2021/01/12 
2021/01/13 	96.5826644897461	98.99723052978516	94.97295379638672	95.7778091430664	1071573	2021/01/13 
2021/01/14 	95.7778091430664	98.59480285644531	94.16809844970703	98.59480285644531	757253	2021/01/14 
2021/01/15 	98.59480285644531	98.99723052978516	96.18023681640625	96.5826644897461	518353	2021/01/15 
2021/01/18 	96.18023681640625	97.78994750976562	94.16809844970703	96.18023681640625	419631	2021/01/18 
2021/01/19 	96.98509216308594	97.38751983642578	94.97295379638672	95.7778091430664	345652	2021/01/19 
2021/01/20 	96.5826644897461	96.5826644897461	94.16809844970703	94.57052612304688	481204	2021/01/20 
2021/01/21 	95.37538146972656	97.78994750976562	94.57052612304688	94.57052612304688	766608	2021/01/21 
2021/01/22 	94.97295379638672	94.97295379638672	94.16809844970703	94.57052612304688	377734	2021/01/22 
2021/01/25 	94.57052612304688	96.18023681640625	94.16809844970703	95.7778091430664	253461	2021/01/25 
2021/01/26 	96.5826644897461	103.42393493652344	96.5826644897461	102.61907958984375	2373960	2021/01/26 
2021/01/27 	103.42393493652344	112.67977142333984	103.42393493652344	112.67977142333984	3775813	2021/01/27 
2021/01/28 	109.4603500366211	119.11861419677734	109.05792236328125	112.67977142333984	5182194	2021/01/28 
2021/01/29 	115.8991928100586	116.30162048339844	106.64335632324219	107.04578399658203	3007629	2021/01/29 
2021/02/01 	107.85063934326172	112.67977142333984	105.03364562988281	112.27734375	2017646	2021/02/01 
2021/02/02 	110.26520538330078	110.66763305664062	107.44821166992188	108.25306701660156	1517104	2021/02/02 
2021/02/03 	108.6554946899414	110.26520538330078	107.04578399658203	107.44821166992188	682681	2021/02/03 
2021/02/04 	107.85063934326172	108.6554946899414	106.24092864990234	106.64335632324219	516313	2021/02/04 
2021/02/05 	107.85063934326172	113.08219909667969	107.04578399658203	110.66763305664062	1375886	2021/02/05 
2021/02/17 	106.64335632324219	109.86277770996094	103.0215072631836	104.22879028320312	2925183	2021/02/17 
2021/02/18 	104.22879028320312	106.24092864990234	103.42393493652344	104.63121795654297	687241	2021/02/18 
2021/02/19 	110.26520538330078	115.0943374633789	109.86277770996094	115.0943374633789	5315577	2021/02/19 
2021/02/22 	114.28948211669922	126.36231994628906	113.08219909667969	126.36231994628906	7193146	2021/02/22 
2021/02/23 	127.16717529296875	131.1914520263672	121.53318786621094	130.3865966796875	4040041	2021/02/23 
2021/02/24 	125.95989227294922	132.80116271972656	123.94775390625	126.7647476196289	2427644	2021/02/24 
2021/02/25 	131.1914520263672	139.24000549316406	129.17930603027344	135.6181640625	5161712	2021/02/25 
2021/02/26 	130.3865966796875	139.64244079589844	130.3865966796875	136.4230194091797	3058058	2021/02/26 
2021/03/02 	137.6302947998047	138.03273010253906	123.14289855957031	124.35018157958984	3978691	2021/03/02 
2021/03/03 	124.75260925292969	127.16717529296875	122.33804321289062	125.95989227294922	1414134	2021/03/03 
2021/03/04 	123.54532623291016	125.55746459960938	120.72833251953125	120.72833251953125	1982370	2021/03/04 
2021/03/05 	117.50890350341797	123.14289855957031	117.10647583007812	122.33804321289062	1201215	2021/03/05 
2021/03/08 	122.74047088623047	128.77688598632812	121.53318786621094	125.15503692626953	1806734	2021/03/08 
2021/03/09 	123.54532623291016	131.5938720703125	123.54532623291016	131.1914520263672	2586354	2021/03/09 
2021/03/10 	133.60601806640625	136.0205841064453	129.17930603027344	130.3865966796875	2655815	2021/03/10 
2021/03/11 	131.1914520263672	134.81329345703125	127.97203063964844	129.17930603027344	2163257	2021/03/11 
2021/03/12 	130.3865966796875	130.3865966796875	126.36231994628906	127.5696029663086	1320858	2021/03/12 
2021/03/15 	127.5696029663086	129.17930603027344	126.36231994628906	127.97203063964844	944355	2021/03/15 
2021/03/16 	129.17930603027344	129.5817413330078	125.55746459960938	126.7647476196289	1104570	2021/03/16 
2021/03/17 	125.95989227294922	139.24000549316406	125.95989227294922	139.24000549316406	4091134	2021/03/17 
2021/03/18 	142.4594268798828	152.11769104003906	136.0205841064453	146.08128356933594	10098586	2021/03/18 
2021/03/19 	142.8618621826172	151.71527099609375	141.2521514892578	144.87399291992188	4889707	2021/03/19 
2021/03/22 	144.87399291992188	145.27642822265625	136.825439453125	138.43515014648438	3802062	2021/03/22 
2021/03/23 	138.83758544921875	144.0691375732422	134.41087341308594	140.04486083984375	3768051	2021/03/23 
2021/03/24 	136.825439453125	138.43515014648438	135.6181640625	136.4230194091797	1051629	2021/03/24 
2021/03/25 	137.22787475585938	139.64244079589844	136.0205841064453	136.825439453125	1133122	2021/03/25 
2021/03/26 	138.43515014648438	138.43515014648438	135.21572875976562	136.4230194091797	1138216	2021/03/26 
2021/03/29 	137.22787475585938	140.04486083984375	136.4230194091797	137.22787475585938	1056336	2021/03/29 
2021/03/30 	137.6302947998047	138.03273010253906	134.41087341308594	134.81329345703125	1670276	2021/03/30 
2021/03/31 	135.6181640625	138.83758544921875	135.21572875976562	135.21572875976562	1292800	2021/03/31 
2021/04/01 	136.4230194091797	138.43515014648438	134.81329345703125	137.22787475585938	1133764	2021/04/01 
2021/04/07 	138.43515014648438	138.83758544921875	136.0205841064453	136.825439453125	1260816	2021/04/07 
2021/04/08 	138.43515014648438	146.88613891601562	136.825439453125	142.0570068359375	3607376	2021/04/08 
2021/04/09 	144.0691375732422	144.47157287597656	139.24000549316406	140.44729614257812	1955744	2021/04/09 
2021/04/12 	144.0691375732422	146.08128356933594	139.64244079589844	139.64244079589844	2391173	2021/04/12 
2021/04/13 	140.04486083984375	143.2642822265625	136.825439453125	137.22787475585938	2530324	2021/04/13 
2021/04/14 	139.64244079589844	141.2521514892578	132.3987274169922	135.21572875976562	2516314	2021/04/14 
2021/04/15 	136.4230194091797	137.22787475585938	133.60601806640625	134.00845336914062	1012616	2021/04/15 
2021/04/16 	134.41087341308594	134.41087341308594	131.5938720703125	132.3987274169922	1042920	2021/04/16 
2021/04/19 	131.99630737304688	131.99630737304688	125.15503692626953	125.15503692626953	3060549	2021/04/19 
2021/04/20 	125.95989227294922	130.3865966796875	124.75260925292969	126.36231994628906	1464958	2021/04/20 
2021/04/21 	125.95989227294922	129.17930603027344	125.95989227294922	126.36231994628906	911144	2021/04/21 
2021/04/22 	127.5696029663086	128.37445068359375	118.71619415283203	119.11861419677734	3094178	2021/04/22 
2021/04/23 	119.11861419677734	119.11861419677734	107.85063934326172	111.47248840332031	4041862	2021/04/23 
2021/04/26 	112.67977142333984	114.69190979003906	112.67977142333984	113.88705444335938	945542	2021/04/26 
2021/04/27 	113.88705444335938	114.28948211669922	111.47248840332031	111.87491607666016	633818	2021/04/27 
2021/04/28 	112.27734375	116.30162048339844	112.27734375	112.67977142333984	848982	2021/04/28 
2021/04/29 	113.48462677001953	116.30162048339844	111.07006072998047	112.67977142333984	1020486	2021/04/29 
2021/05/03 	112.67977142333984	112.67977142333984	104.63121795654297	104.63121795654297	1553201	2021/05/03 
2021/05/04 	103.82636260986328	110.26520538330078	96.5826644897461	106.64335632324219	1806576	2021/05/04 
2021/05/05 	106.64335632324219	109.4603500366211	103.82636260986328	104.22879028320312	606469	2021/05/05 
2021/05/06 	104.63121795654297	105.8385009765625	101.00936889648438	104.22879028320312	536988	2021/05/06 
2021/05/07 	104.22879028320312	107.85063934326172	103.42393493652344	107.44821166992188	396204	2021/05/07 
2021/05/10 	107.85063934326172	107.85063934326172	104.63121795654297	104.63121795654297	349419	2021/05/10 
2021/05/11 	100.60694122314453	101.81422424316406	96.98509216308594	97.38751983642578	1044365	2021/05/11 
2021/05/12 	94.57052612304688	94.57052612304688	87.72925567626953	87.72925567626953	2052090	2021/05/12 
2021/05/13 	82.09526062011719	87.32682800292969	78.95632934570312	81.69283294677734	1874200	2021/05/13 
2021/05/14 	82.09526062011719	89.74139404296875	82.09526062011719	86.52197265625	2139837	2021/05/14 
2021/05/17 	78.31244659423828	83.30254364013672	77.9100112915039	77.9100112915039	1296663	2021/05/17 
2021/05/18 	80.08312225341797	84.50982666015625	78.31244659423828	82.49768829345703	869998	2021/05/18 
2021/05/19 	82.49768829345703	84.50982666015625	81.2904052734375	82.90011596679688	436761	2021/05/19 
2021/05/20 	83.70497131347656	86.52197265625	82.90011596679688	82.90011596679688	484689	2021/05/20 
2021/05/21 	83.70497131347656	86.52197265625	83.70497131347656	85.31468963623047	410274	2021/05/21 
2021/05/24 	81.2904052734375	89.74139404296875	81.2904052734375	88.53411102294922	568244	2021/05/24 
2021/05/25 	90.1438217163086	97.38751983642578	90.1438217163086	97.38751983642578	1214125	2021/05/25 
2021/05/26 	101.41179656982422	104.22879028320312	96.98509216308594	102.61907958984375	2120927	2021/05/26 
2021/05/27 	100.60694122314453	103.42393493652344	99.399658203125	100.60694122314453	1645040	2021/05/27 
2021/05/28 	102.61907958984375	104.63121795654297	101.00936889648438	101.00936889648438	756894	2021/05/28 
2021/05/31 	101.41179656982422	102.2166519165039	97.38751983642578	97.78994750976562	688508	2021/05/31 
2021/06/01 	98.99723052978516	99.80208587646484	97.38751983642578	97.38751983642578	366963	2021/06/01 
2021/06/02 	97.38751983642578	98.19237518310547	93.76567077636719	93.76567077636719	484767	2021/06/02 
2021/06/03 	94.57052612304688	98.19237518310547	93.76567077636719	97.38751983642578	457784	2021/06/03 
2021/06/04 	97.38751983642578	97.38751983642578	94.97295379638672	94.97295379638672	272371	2021/06/04 
2021/06/07 	95.37538146972656	95.37538146972656	89.74139404296875	92.9608154296875	270980	2021/06/07 
2021/06/08 	94.16809844970703	96.98509216308594	93.36324310302734	94.57052612304688	218672	2021/06/08 
2021/06/09 	94.57052612304688	97.38751983642578	94.57052612304688	94.97295379638672	254767	2021/06/09 
2021/06/10 	97.38751983642578	97.78994750976562	94.16809844970703	96.18023681640625	261363	2021/06/10 
2021/06/11 	96.18023681640625	96.98509216308594	93.76567077636719	94.16809844970703	294231	2021/06/11 
2021/06/15 	94.16809844970703	94.97295379638672	90.54624938964844	90.94867706298828	733675	2021/06/15 
2021/06/16 	90.94867706298828	90.94867706298828	88.53411102294922	88.53411102294922	392629	2021/06/16 
2021/06/17 	88.53411102294922	92.55838775634766	87.72925567626953	91.75353240966797	423052	2021/06/17 
2021/06/18 	91.75353240966797	91.75353240966797	90.1438217163086	90.54624938964844	345956	2021/06/18 
2021/06/21 	89.74139404296875	89.74139404296875	87.32682800292969	87.72925567626953	428685	2021/06/21 
2021/06/22 	88.93653869628906	88.93653869628906	84.9122543334961	84.9122543334961	499468	2021/06/22 
2021/06/23 	87.72925567626953	93.36324310302734	85.71711730957031	93.36324310302734	1083424	2021/06/23 
2021/06/24 	96.18023681640625	102.61907958984375	96.18023681640625	102.61907958984375	3229150	2021/06/24 
2021/06/25 	105.8385009765625	112.67977142333984	104.63121795654297	111.07006072998047	9241745	2021/06/25 
2021/06/28 	113.88705444335938	114.69190979003906	107.85063934326172	107.85063934326172	3667858	2021/06/28 
2021/06/29 	109.4603500366211	111.87491607666016	106.24092864990234	107.04578399658203	1352217	2021/06/29 
2021/06/30 	107.44821166992188	111.07006072998047	105.8385009765625	106.64335632324219	1414104	2021/06/30 
2021/07/01 	107.04578399658203	107.85063934326172	96.98509216308594	96.98509216308594	2678913	2021/07/01 
2021/07/02 	96.5826644897461	98.19237518310547	93.36324310302734	93.76567077636719	1636442	2021/07/02 
2021/07/05 	93.36324310302734	93.36324310302734	86.11953735351562	90.94867706298828	2882952	2021/07/05 
2021/07/06 	94.57052612304688	95.37538146972656	92.55838775634766	92.9608154296875	1003668	2021/07/06 
2021/07/07 	92.9608154296875	94.57052612304688	90.94867706298828	90.94867706298828	656142	2021/07/07 
2021/07/08 	91.75353240966797	92.55838775634766	89.3389663696289	90.1438217163086	692173	2021/07/08 
2021/07/09 	90.1438217163086	91.75353240966797	88.53411102294922	88.93653869628906	882208	2021/07/09 
2021/07/12 	88.53411102294922	90.54624938964844	86.52197265625	90.1438217163086	1642095	2021/07/12 
2021/07/13 	89.74139404296875	94.16809844970703	88.13168334960938	89.3389663696289	1274762	2021/07/13 
2021/07/14 	88.93653869628906	90.94867706298828	88.53411102294922	89.3389663696289	688665	2021/07/14 
2021/07/15 	89.74139404296875	92.15596008300781	89.3389663696289	89.74139404296875	669716	2021/07/15 
2021/07/16 	88.13168334960938	90.94867706298828	88.13168334960938	88.93653869628906	514937	2021/07/16 
2021/07/19 	88.93653869628906	88.93653869628906	86.92440032958984	87.32682800292969	641525	2021/07/19 
2021/07/20 	86.52197265625	86.52197265625	84.50982666015625	84.50982666015625	886496	2021/07/20 
2021/07/21 	85.71711730957031	86.92440032958984	83.30254364013672	83.30254364013672	590728	2021/07/21 
2021/07/22 	84.9122543334961	84.9122543334961	82.09526062011719	82.09526062011719	659251	2021/07/22 
2021/07/23 	82.49768829345703	83.70497131347656	80.88797760009766	81.69283294677734	1310048	2021/07/23 
2021/07/26 	83.30254364013672	85.71711730957031	82.09526062011719	82.49768829345703	958196	2021/07/26 
2021/07/27 	83.70497131347656	83.70497131347656	81.2904052734375	81.2904052734375	529716	2021/07/27 
2021/07/28 	82.09526062011719	82.09526062011719	78.87583923339844	80.88797760009766	577743	2021/07/28 
2021/07/29 	81.69283294677734	83.70497131347656	81.69283294677734	82.09526062011719	343005	2021/07/29 
2021/07/30 	82.09526062011719	83.30254364013672	81.2904052734375	81.2904052734375	330618	2021/07/30 
2021/08/02 	81.2904052734375	82.90011596679688	81.2904052734375	82.49768829345703	240255	2021/08/02 
2021/08/03 	83.70497131347656	83.70497131347656	82.09526062011719	82.49768829345703	228614	2021/08/03 
2021/08/04 	83.30254364013672	90.54624938964844	83.30254364013672	90.54624938964844	2317312	2021/08/04 
2021/08/05 	91.75353240966797	94.97295379638672	85.31468963623047	87.72925567626953	2610598	2021/08/05 
2021/08/06 	84.50982666015625	86.52197265625	83.30254364013672	83.30254364013672	806480	2021/08/06 
2021/08/09 	84.10740661621094	84.9122543334961	81.2904052734375	81.2904052734375	645457	2021/08/09 
2021/08/10 	82.09526062011719	82.90011596679688	81.2904052734375	81.2904052734375	360330	2021/08/10 
2021/08/11 	81.2904052734375	81.2904052734375	76.46127319335938	77.6685562133789	1098644	2021/08/11 
2021/08/12 	77.10516357421875	77.26612854003906	70.02243041992188	70.50534057617188	2439319	2021/08/12 
2021/08/13 	70.02243041992188	70.02243041992188	64.38844299316406	65.0323257446289	2059236	2021/08/13 
2021/08/16 	64.22747039794922	66.48106384277344	63.02018737792969	65.5957260131836	750445	2021/08/16 
2021/08/17 	65.43475341796875	66.23960876464844	65.11280822753906	65.19329833984375	323051	2021/08/17 
2021/08/18 	62.21533203125	64.22747039794922	60.20319366455078	64.14698791503906	869741	2021/08/18 
2021/08/19 	64.06649780273438	64.06649780273438	60.7665901184082	60.847076416015625	633983	2021/08/19 
2021/08/20 	60.44464874267578	61.571449279785156	56.33988571166992	57.9495964050293	1298615	2021/08/20 
2021/08/23 	58.512996673583984	63.74455642700195	58.512996673583984	63.74455642700195	1090446	2021/08/23 
2021/08/24 	66.40058135986328	68.01029205322266	63.74455642700195	64.14698791503906	1445033	2021/08/24 
2021/08/25 	64.38844299316406	70.50534057617188	63.18115997314453	70.50534057617188	1528270	2021/08/25 
2021/08/26 	71.63214111328125	74.04670715332031	69.78097534179688	71.63214111328125	2063218	2021/08/26 
2021/08/27 	71.7931137084961	77.10516357421875	70.90776824951172	72.83942413330078	1322684	2021/08/27 
2021/08/30 	73.80525207519531	74.52962493896484	70.58583068847656	70.90776824951172	483345	2021/08/30 
2021/08/31 	71.4711685180664	72.43699645996094	69.70048522949219	70.50534057617188	355343	2021/08/31 
2021/09/01 	70.50534057617188	71.4711685180664	69.86145782470703	70.42485809326172	251038	2021/09/01 
2021/09/02 	71.63214111328125	71.87359619140625	70.26388549804688	70.66631317138672	318069	2021/09/02 
2021/09/03 	70.66631317138672	71.39068603515625	69.45903015136719	69.45903015136719	274590	2021/09/03 
2021/09/06 	69.45903015136719	70.7468032836914	66.80300903320312	68.73466491699219	446042	2021/09/06 
2021/09/07 	68.81514739990234	70.02243041992188	68.01029205322266	68.1712646484375	217460	2021/09/07 
2021/09/08 	69.13709259033203	69.13709259033203	65.8371810913086	65.8371810913086	417578	2021/09/08 
2021/09/09 	65.3542709350586	68.1712646484375	65.3542709350586	67.60786437988281	401602	2021/09/09 
2021/09/10 	67.60786437988281	71.4711685180664	67.60786437988281	70.42485809326172	551758	2021/09/10 
2021/09/13 	68.49320220947266	71.63214111328125	67.76883697509766	70.82728576660156	880263	2021/09/13 
2021/09/14 	71.2297134399414	73.00039672851562	71.14923095703125	72.35651397705078	1453365	2021/09/14 
2021/09/15 	72.0	76.0999984741211	72.0	74.0999984741211	1317021	2021/09/15 
2021/09/16 	75.0	75.30000305175781	73.5999984741211	74.0999984741211	451250	2021/09/16 
2021/09/17 	74.5	74.5	73.0	73.5999984741211	413720	2021/09/17 
2021/09/22 	73.19999694824219	73.4000015258789	71.80000305175781	72.5	297100	2021/09/22 
2021/09/23 	72.5999984741211	75.4000015258789	72.5999984741211	73.30000305175781	329175	2021/09/23 
2021/09/24 	73.30000305175781	74.9000015258789	73.30000305175781	74.30000305175781	283061	2021/09/24 
2021/09/27 	74.0	74.4000015258789	73.0999984741211	73.19999694824219	195001	2021/09/27 
2021/09/28 	72.30000305175781	72.80000305175781	71.80000305175781	72.5999984741211	235024	2021/09/28 
2021/09/29 	71.80000305175781	71.80000305175781	68.9000015258789	69.30000305175781	337000	2021/09/29 
2021/09/30 	69.4000015258789	70.80000305175781	68.0999984741211	69.0999984741211	245000	2021/09/30 
2021/10/01 	67.80000305175781	67.9000015258789	65.0	65.5999984741211	493068	2021/10/01 
2021/10/04 	66.19999694824219	67.5	63.900001525878906	65.30000305175781	342123	2021/10/04 
2021/10/05 	63.099998474121094	66.0999984741211	63.0	66.0	247450	2021/10/05 
2021/10/06 	65.5999984741211	67.5	65.5999984741211	66.5	156571	2021/10/06 
2021/10/07 	67.5	69.30000305175781	67.5	69.19999694824219	217017	2021/10/07 
2021/10/08 	69.5	72.5	69.5	71.0	376032	2021/10/08 
2021/10/12 	72.0999984741211	72.0999984741211	68.19999694824219	69.5	277000	2021/10/12 
2021/10/13 	70.0	70.80000305175781	69.4000015258789	70.5	241679	2021/10/13 
2021/10/14 	70.5999984741211	71.5	69.9000015258789	71.5	216028	2021/10/14 
2021/10/15 	72.0	73.0	71.30000305175781	72.5	284044	2021/10/15 
2021/10/18 	73.9000015258789	74.5	72.4000015258789	74.0	318028	2021/10/18 
2021/10/19 	74.9000015258789	77.0	74.0999984741211	76.5999984741211	385339	2021/10/19 
2021/10/20 	77.0	79.5	77.0	78.5	672219	2021/10/20 
2021/10/21 	79.0999984741211	80.69999694824219	78.4000015258789	79.4000015258789	554529	2021/10/21 
2021/10/22 	79.4000015258789	79.5999984741211	77.0	78.5999984741211	432606	2021/10/22 
2021/10/25 	79.5999984741211	79.5999984741211	78.0	79.19999694824219	342024	2021/10/25 
2021/10/26 	79.5999984741211	79.5999984741211	77.0	77.0	156127	2021/10/26 
2021/10/27 	77.80000305175781	77.80000305175781	74.5	75.30000305175781	179777	2021/10/27 
2021/10/28 	74.0999984741211	75.30000305175781	73.0	73.9000015258789	190500	2021/10/28 
2021/10/29 	74.0	74.9000015258789	72.30000305175781	74.5	375079	2021/10/29 
2021/11/01 	74.5	75.9000015258789	74.5	75.5	211563	2021/11/01 
2021/11/02 	76.0	78.30000305175781	74.30000305175781	74.5999984741211	334897	2021/11/02 
2021/11/03 	74.0	75.0	72.80000305175781	73.0999984741211	266986	2021/11/03 
2021/11/04 	73.4000015258789	73.5	72.5	72.5999984741211	131359	2021/11/04 
2021/11/05 	72.9000015258789	73.0999984741211	70.80000305175781	72.80000305175781	253519	2021/11/05 
2021/11/08 	72.0	73.30000305175781	71.9000015258789	72.0	159604	2021/11/08 
2021/11/09 	72.0	72.0	71.30000305175781	71.69999694824219	159035	2021/11/09 
2021/11/10 	72.19999694824219	77.5999984741211	72.19999694824219	76.5	750828	2021/11/10 
2021/11/11 	75.5	75.9000015258789	72.9000015258789	73.19999694824219	540583	2021/11/11 
2021/11/12 	73.19999694824219	73.5999984741211	72.5	72.69999694824219	189072	2021/11/12 
2021/11/15 	72.69999694824219	73.4000015258789	72.5	73.0999984741211	188857	2021/11/15 
2021/11/16 	73.0	73.0	71.0999984741211	71.0999984741211	212589	2021/11/16 
2021/11/17 	71.0999984741211	74.0999984741211	71.0999984741211	72.19999694824219	183537	2021/11/17 
2021/11/18 	74.0	76.80000305175781	73.9000015258789	75.30000305175781	874297	2021/11/18 
2021/11/19 	76.5	82.80000305175781	76.0	81.0	3776306	2021/11/19 
2021/11/22 	79.0999984741211	81.5	79.0999984741211	79.9000015258789	1024103	2021/11/22 
2021/11/23 	80.0	80.0	78.0	78.19999694824219	501086	2021/11/23 
2021/11/24 	78.30000305175781	78.9000015258789	76.5	78.0	391169	2021/11/24 
2021/11/25 	78.19999694824219	80.80000305175781	77.0999984741211	79.80000305175781	448581	2021/11/25 
2021/11/26 	78.9000015258789	80.0	76.4000015258789	77.30000305175781	470334	2021/11/26 
2021/11/29 	76.0999984741211	77.4000015258789	73.0	76.19999694824219	454229	2021/11/29 
2021/11/30 	76.19999694824219	77.19999694824219	75.30000305175781	75.5999984741211	284260	2021/11/30 
2021/12/01 	75.9000015258789	79.80000305175781	74.0	76.9000015258789	463615	2021/12/01 
2021/12/02 	77.0	77.0999984741211	74.30000305175781	74.69999694824219	362100	2021/12/02 
2021/12/03 	74.69999694824219	75.9000015258789	74.5	74.80000305175781	236931	2021/12/03 
2021/12/06 	74.5	74.80000305175781	73.5999984741211	74.80000305175781	341849	2021/12/06 
2021/12/07 	75.30000305175781	75.30000305175781	74.0999984741211	74.9000015258789	182266	2021/12/07 
2021/12/08 	75.80000305175781	79.0	75.69999694824219	76.5	254006	2021/12/08 
2021/12/09 	76.69999694824219	77.5999984741211	75.9000015258789	76.0	238107	2021/12/09 
2021/12/10 	77.0	77.4000015258789	76.0999984741211	76.19999694824219	147165	2021/12/10 
2021/12/13 	76.19999694824219	76.5999984741211	74.69999694824219	75.30000305175781	258766	2021/12/13 
2021/12/14 	75.30000305175781	75.30000305175781	71.9000015258789	72.80000305175781	627972	2021/12/14 
2021/12/15 	74.19999694824219	76.0	72.0	72.69999694824219	496787	2021/12/15 
2021/12/16 	72.9000015258789	73.5	72.19999694824219	72.80000305175781	185855	2021/12/16 
2021/12/17 	72.5	72.80000305175781	71.9000015258789	72.30000305175781	122458	2021/12/17 
2021/12/20 	72.69999694824219	72.69999694824219	71.30000305175781	71.5999984741211	159541	2021/12/20 
2021/12/21 	71.19999694824219	72.69999694824219	71.0999984741211	72.0	99978	2021/12/21 
2021/12/22 	72.4000015258789	72.80000305175781	72.0	72.0999984741211	95676	2021/12/22 
2021/12/23 	72.0999984741211	72.19999694824219	71.4000015258789	72.0	165184	2021/12/23 
2021/12/24 	72.9000015258789	74.0	71.5	71.5	162686	2021/12/24 
2021/12/27 	72.0	72.0	71.5	71.80000305175781	84548	2021/12/27 
2021/12/28 	71.80000305175781	72.30000305175781	71.30000305175781	71.9000015258789	108835	2021/12/28 
2021/12/29 	72.19999694824219	72.19999694824219	71.19999694824219	71.80000305175781	54312	2021/12/29 
2021/12/30 	71.5	71.9000015258789	71.0	71.5999984741211	129512	2021/12/30 
2022/01/03 	71.69999694824219	72.5999984741211	71.0	72.0999984741211	248310	2022/01/03 
2022/01/04 	72.5999984741211	72.69999694824219	71.4000015258789	71.69999694824219	181836	2022/01/04 
2022/01/05 	71.69999694824219	71.69999694824219	70.19999694824219	70.5	188164	2022/01/05 
2022/01/06 	70.0	70.0	68.0	68.4000015258789	382376	2022/01/06 
2022/01/07 	68.69999694824219	68.69999694824219	66.4000015258789	67.5	260229	2022/01/07 
2022/01/10 	67.0	68.0	66.19999694824219	67.5	80025	2022/01/10 
2022/01/11 	68.5	68.5	66.0	66.4000015258789	185229	2022/01/11 
2022/01/12 	66.4000015258789	66.4000015258789	65.4000015258789	66.4000015258789	255688	2022/01/12 
2022/01/13 	66.0999984741211	66.4000015258789	65.5	66.0	93215	2022/01/13 
2022/01/14 	66.0	66.0	64.0	64.69999694824219	179723	2022/01/14 
2022/01/17 	65.0	67.0	64.5	65.0	284885	2022/01/17 
2022/01/18 	66.0	66.0	64.19999694824219	64.4000015258789	236000	2022/01/18 
2022/01/19 	64.0	64.0	63.20000076293945	63.599998474121094	226131	2022/01/19 
2022/01/20 	64.0	65.5	63.20000076293945	65.19999694824219	143322	2022/01/20 
2022/01/21 	64.19999694824219	66.30000305175781	64.19999694824219	65.69999694824219	142573	2022/01/21 
2022/01/24 	65.5999984741211	66.80000305175781	64.5	66.69999694824219	159229	2022/01/24 
2022/01/25 	66.80000305175781	68.0	65.5999984741211	66.80000305175781	214312	2022/01/25 
2022/01/26 	66.80000305175781	67.5999984741211	66.4000015258789	67.30000305175781	178346	2022/01/26 
2022/02/07 	67.80000305175781	72.30000305175781	67.80000305175781	71.5999984741211	512819	2022/02/07 
2022/02/08 	72.5	73.5	71.30000305175781	71.5999984741211	413513	2022/02/08 
2022/02/09 	72.9000015258789	72.9000015258789	71.0999984741211	71.5999984741211	249895	2022/02/09 
2022/02/10 	72.4000015258789	73.19999694824219	71.5	72.19999694824219	296326	2022/02/10 
2022/02/11 	74.0	74.9000015258789	72.80000305175781	73.4000015258789	595649	2022/02/11 
2022/02/14 	72.80000305175781	72.80000305175781	71.30000305175781	71.5	245282	2022/02/14 
2022/02/15 	71.5	72.9000015258789	71.0	71.0999984741211	175008	2022/02/15 
2022/02/16 	72.4000015258789	73.5	72.0999984741211	73.0999984741211	273921	2022/02/16 
2022/02/17 	73.5	77.5	73.5	76.0	1571926	2022/02/17 
2022/02/18 	76.0	77.30000305175781	75.0	75.30000305175781	769654	2022/02/18 
2022/02/21 	76.30000305175781	76.30000305175781	74.9000015258789	75.0999984741211	375816	2022/02/21 
2022/02/22 	75.0	76.0999984741211	73.30000305175781	73.5999984741211	556017	2022/02/22 
2022/02/23 	73.5999984741211	80.9000015258789	73.5999984741211	76.30000305175781	2484719	2022/02/23 
2022/02/24 	76.5	77.5999984741211	73.80000305175781	75.0	727300	2022/02/24 
2022/02/25 	77.0	77.0	71.9000015258789	71.9000015258789	780435	2022/02/25 
2022/03/01 	72.0999984741211	73.5999984741211	72.0999984741211	73.30000305175781	149500	2022/03/01 
2022/03/02 	72.9000015258789	76.30000305175781	70.9000015258789	76.0	1616902	2022/03/02 
2022/03/03 	77.0	81.5999984741211	75.80000305175781	77.19999694824219	2805949	2022/03/03 
2022/03/04 	76.0	78.5	76.0	76.19999694824219	817026	2022/03/04 
2022/03/07 	75.5	75.5	71.9000015258789	72.0	794308	2022/03/07 
2022/03/08 	71.0	72.5	68.4000015258789	68.4000015258789	804790	2022/03/08 
2022/03/09 	68.5999984741211	70.5999984741211	68.5999984741211	69.69999694824219	381312	2022/03/09 
2022/03/10 	71.0999984741211	72.0	70.69999694824219	70.69999694824219	226450	2022/03/10 
2022/03/11 	71.0	71.0	68.9000015258789	68.9000015258789	254147	2022/03/11 
2022/03/14 	69.0	69.9000015258789	68.5	68.69999694824219	147764	2022/03/14 
2022/03/15 	68.80000305175781	68.80000305175781	66.0	66.19999694824219	316003	2022/03/15 
2022/03/16 	67.0	67.69999694824219	65.0	66.5	258788	2022/03/16 
2022/03/17 	67.5	69.0	67.5	68.4000015258789	159000	2022/03/17 
2022/03/18 	69.80000305175781	69.80000305175781	68.4000015258789	69.5	213229	2022/03/18 
2022/03/21 	70.0999984741211	70.4000015258789	69.0	69.4000015258789	101918	2022/03/21 
2022/03/22 	69.4000015258789	69.9000015258789	68.5999984741211	68.69999694824219	149257	2022/03/22 
2022/03/23 	69.0	69.5	68.30000305175781	68.4000015258789	188459	2022/03/23 
2022/03/24 	68.4000015258789	69.0	67.5	68.0999984741211	138029	2022/03/24 
2022/03/25 	67.5999984741211	68.0	66.5999984741211	66.80000305175781	322688	2022/03/25 
2022/03/28 	66.5	67.4000015258789	65.80000305175781	67.0999984741211	161200	2022/03/28 
2022/03/29 	68.5999984741211	68.5999984741211	66.5	66.69999694824219	109459	2022/03/29 
2022/03/30 	67.4000015258789	67.5999984741211	66.30000305175781	66.80000305175781	125604	2022/03/30 
2022/03/31 	67.30000305175781	67.30000305175781	66.30000305175781	66.30000305175781	123082	2022/03/31 
2022/04/01 	66.0	66.0999984741211	65.5999984741211	65.80000305175781	196740	2022/04/01 
2022/04/06 	65.80000305175781	66.80000305175781	65.69999694824219	66.80000305175781	106835	2022/04/06 
2022/04/07 	67.30000305175781	67.4000015258789	65.5999984741211	65.5999984741211	128926	2022/04/07 
2022/04/08 	65.80000305175781	66.19999694824219	65.30000305175781	65.5	83254	2022/04/08 
2022/04/11 	65.0	65.0	59.0	59.0	800602	2022/04/11 
2022/04/12 	59.0	59.0	55.0	55.79999923706055	502094	2022/04/12 
2022/04/13 	58.400001525878906	58.400001525878906	55.0	56.70000076293945	275792	2022/04/13 
2022/04/14 	56.70000076293945	56.70000076293945	55.20000076293945	55.5	188865	2022/04/14 
2022/04/15 	55.79999923706055	56.599998474121094	55.0	55.20000076293945	213801	2022/04/15 
2022/04/18 	55.20000076293945	55.599998474121094	51.099998474121094	52.099998474121094	492460	2022/04/18 
2022/04/19 	52.20000076293945	53.400001525878906	51.29999923706055	51.79999923706055	236416	2022/04/19 
2022/04/20 	51.900001525878906	52.900001525878906	51.79999923706055	52.0	148229	2022/04/20 
2022/04/21 	52.0	52.0	50.29999923706055	50.70000076293945	238316	2022/04/21 
2022/04/22 	50.0	51.20000076293945	48.650001525878906	51.0	613074	2022/04/22 
2022/04/25 	50.099998474121094	50.099998474121094	46.5	47.400001525878906	513000	2022/04/25 
2022/04/26 	47.900001525878906	48.849998474121094	47.599998474121094	48.0	205100	2022/04/26 
2022/04/27 	47.25	47.70000076293945	45.04999923706055	47.70000076293945	322101	2022/04/27 
2022/04/28 	47.75	47.849998474121094	46.75	47.25	123154	2022/04/28 
2022/04/29 	47.400001525878906	48.25	47.349998474121094	47.79999923706055	106284	2022/04/29 
2022/05/03 	47.79999923706055	50.400001525878906	47.79999923706055	50.0	260229	2022/05/03 
2022/05/04 	50.599998474121094	50.599998474121094	47.70000076293945	47.849998474121094	185103	2022/05/04 
2022/05/05 	47.900001525878906	48.650001525878906	46.849998474121094	46.95000076293945	150312	2022/05/05 
2022/05/06 	45.75	45.75	45.0	45.0	216198	2022/05/06 
2022/05/09 	44.29999923706055	44.29999923706055	42.099998474121094	43.79999923706055	370965	2022/05/09 
2022/05/10 	43.79999923706055	44.5	42.20000076293945	43.5	269146	2022/05/10 
2022/05/11 	43.5	43.5	41.20000076293945	41.54999923706055	261232	2022/05/11 
2022/05/12 	42.599998474121094	42.599998474121094	40.150001525878906	40.25	246224	2022/05/12 
2022/05/13 	41.650001525878906	44.25	40.75	44.25	597458	2022/05/13 
2022/05/16 	45.0	47.0	43.54999923706055	44.900001525878906	751491	2022/05/16 
2022/05/17 	44.29999923706055	45.75	44.04999923706055	44.79999923706055	160509	2022/05/17 
2022/05/18 	45.0	45.95000076293945	44.20000076293945	44.20000076293945	178964	2022/05/18 
2022/05/19 	44.0	44.25	42.599998474121094	43.599998474121094	129000	2022/05/19 
2022/05/20 	44.0	44.400001525878906	43.45000076293945	43.79999923706055	101000	2022/05/20 
2022/05/23 	44.04999923706055	45.099998474121094	43.29999923706055	44.29999923706055	165229	2022/05/23 
2022/05/24 	44.29999923706055	44.75	43.0	43.0	204000	2022/05/24 
2022/05/25 	42.20000076293945	47.29999923706055	42.20000076293945	44.54999923706055	938078	2022/05/25 
2022/05/26 	44.650001525878906	45.04999923706055	43.04999923706055	43.04999923706055	251045	2022/05/26 
2022/05/27 	43.5	43.849998474121094	42.650001525878906	42.900001525878906	102100	2022/05/27 
2022/05/30 	43.599998474121094	43.599998474121094	43.04999923706055	43.400001525878906	126229	2022/05/30 
2022/05/31 	43.599998474121094	45.25	42.79999923706055	45.25	1014096	2022/05/31 
2022/06/01 	45.04999923706055	49.75	44.650001525878906	49.75	1342541	2022/06/01 
2022/06/02 	49.54999923706055	49.54999923706055	47.20000076293945	47.75	968771	2022/06/02 
2022/06/06 	47.400001525878906	47.900001525878906	47.099998474121094	47.5	271000	2022/06/06 
2022/06/07 	47.5	48.0	47.099998474121094	47.400001525878906	157303	2022/06/07 
2022/06/08 	47.400001525878906	48.75	47.400001525878906	47.5	208200	2022/06/08 
2022/06/09 	47.29999923706055	47.599998474121094	47.29999923706055	47.54999923706055	61200	2022/06/09 
2022/06/10 	47.29999923706055	47.29999923706055	46.79999923706055	47.099998474121094	90210	2022/06/10 
2022/06/13 	46.5	46.5	44.5	44.5	303312	2022/06/13 
2022/06/14 	43.900001525878906	44.54999923706055	42.650001525878906	43.400001525878906	251000	2022/06/14 
2022/06/15 	44.099998474121094	44.70000076293945	43.599998474121094	43.79999923706055	112860	2022/06/15 
2022/06/16 	44.79999923706055	45.150001525878906	42.29999923706055	42.79999923706055	218000	2022/06/16 
2022/06/17 	41.5	42.599998474121094	41.0	41.25	203000	2022/06/17 
2022/06/20 	41.25	41.45000076293945	38.79999923706055	38.79999923706055	381490	2022/06/20 
2022/06/21 	39.5	40.75	39.099998474121094	40.29999923706055	405219	2022/06/21 
2022/06/22 	41.400001525878906	41.400001525878906	38.0	38.29999923706055	256983	2022/06/22 
2022/06/23 	39.599998474121094	39.599998474121094	37.54999923706055	38.0	185000	2022/06/23 
2022/06/24 	38.29999923706055	40.5	38.29999923706055	39.400001525878906	169530	2022/06/24 
2022/06/27 	39.400001525878906	40.79999923706055	39.400001525878906	40.5	189058	2022/06/27 
2022/06/28 	40.150001525878906	40.25	39.0	39.29999923706055	49000	2022/06/28 
2022/06/29 	38.099998474121094	39.0	38.099998474121094	38.45000076293945	123000	2022/06/29 
2022/06/30 	38.20000076293945	38.45000076293945	35.5	36.54999923706055	304500	2022/06/30 
2022/07/01 	36.54999923706055	37.5	34.599998474121094	34.79999923706055	232244	2022/07/01 
2022/07/04 	34.900001525878906	37.79999923706055	34.79999923706055	35.95000076293945	180758	2022/07/04 
2022/07/05 	36.70000076293945	37.70000076293945	35.54999923706055	36.900001525878906	117229	2022/07/05 
2022/07/06 	36.900001525878906	36.900001525878906	35.0	35.20000076293945	134150	2022/07/06 
2022/07/07 	35.400001525878906	37.849998474121094	35.29999923706055	36.70000076293945	184771	2022/07/07 
2022/07/08 	36.79999923706055	38.25	36.70000076293945	37.20000076293945	149000	2022/07/08 
2022/07/11 	37.0	37.400001525878906	36.349998474121094	36.79999923706055	83000	2022/07/11 
2022/07/12 	36.04999923706055	36.04999923706055	35.29999923706055	35.400001525878906	110147	2022/07/12 
2022/07/13 	35.79999923706055	37.04999923706055	35.79999923706055	36.099998474121094	133000	2022/07/13 
2022/07/14 	36.099998474121094	36.849998474121094	35.75	36.20000076293945	130000	2022/07/14 
2022/07/15 	36.95000076293945	36.95000076293945	35.650001525878906	36.04999923706055	86331	2022/07/15 
2022/07/18 	35.95000076293945	38.0	35.95000076293945	37.79999923706055	269093	2022/07/18 
2022/07/19 	38.0	38.400001525878906	37.75	37.95000076293945	133147	2022/07/19 
2022/07/20 	38.400001525878906	39.099998474121094	38.04999923706055	38.04999923706055	160071	2022/07/20 
2022/07/21 	38.20000076293945	39.5	38.04999923706055	39.5	123150	2022/07/21 
2022/07/22 	39.70000076293945	39.70000076293945	38.400001525878906	38.400001525878906	106000	2022/07/22 
2022/07/25 	37.849998474121094	38.29999923706055	37.70000076293945	37.75	63000	2022/07/25 
2022/07/26 	37.54999923706055	37.54999923706055	35.75	35.75	178030	2022/07/26 
2022/07/27 	35.75	36.79999923706055	35.25	35.849998474121094	142459	2022/07/27 
2022/07/28 	36.650001525878906	36.650001525878906	35.45000076293945	35.599998474121094	85077	2022/07/28 
2022/07/29 	35.79999923706055	36.70000076293945	35.70000076293945	36.29999923706055	116000	2022/07/29 
2022/08/01 	36.29999923706055	37.150001525878906	36.29999923706055	36.349998474121094	57086	2022/08/01 
2022/08/02 	36.349998474121094	36.45000076293945	35.5	35.5	98229	2022/08/02 
2022/08/03 	34.95000076293945	35.79999923706055	34.900001525878906	35.5	68860	2022/08/03 
2022/08/04 	36.099998474121094	36.20000076293945	34.650001525878906	35.900001525878906	78000	2022/08/04 
2022/08/05 	35.900001525878906	36.79999923706055	35.900001525878906	36.5	55688	2022/08/05 
2022/08/08 	36.650001525878906	36.900001525878906	36.0	36.650001525878906	42328	2022/08/08 
2022/08/09 	36.849998474121094	37.099998474121094	36.29999923706055	36.79999923706055	44490	2022/08/09 
2022/08/10 	36.099998474121094	37.0	36.099998474121094	36.900001525878906	32377	2022/08/10 
2022/08/11 	37.099998474121094	37.099998474121094	35.900001525878906	36.0	171295	2022/08/11 
2022/08/12 	36.0	36.849998474121094	36.0	36.29999923706055	88454	2022/08/12 
2022/08/15 	36.29999923706055	37.75	36.099998474121094	37.5	284249	2022/08/15 
2022/08/16 	37.5	41.25	37.5	41.25	689845	2022/08/16 
2022/08/17 	41.349998474121094	42.75	39.5	39.54999923706055	1295582	2022/08/17 
2022/08/18 	39.599998474121094	39.599998474121094	38.75	39.0	126406	2022/08/18 
2022/08/19 	39.79999923706055	42.900001525878906	39.54999923706055	42.900001525878906	1566298	2022/08/19 
2022/08/22 	44.79999923706055	46.650001525878906	44.099998474121094	44.900001525878906	2658000	2022/08/22 
2022/08/23 	43.900001525878906	43.900001525878906	43.04999923706055	43.25	478720	2022/08/23 
2022/08/24 	43.45000076293945	45.349998474121094	43.20000076293945	43.79999923706055	681121	2022/08/24 
2022/08/25 	44.099998474121094	45.099998474121094	44.0	44.04999923706055	358681	2022/08/25 
2022/08/26 	44.400001525878906	44.400001525878906	42.599998474121094	42.599998474121094	390278	2022/08/26 
2022/08/29 	41.0	41.79999923706055	40.099998474121094	40.349998474121094	340068	2022/08/29 
2022/08/30 	40.45000076293945	42.349998474121094	40.45000076293945	40.95000076293945	283042	2022/08/30 
2022/08/31 	41.0	41.849998474121094	40.599998474121094	41.54999923706055	206541	2022/08/31 
2022/09/01 	41.150001525878906	41.75	40.900001525878906	40.900001525878906	188000	2022/09/01 
2022/09/02 	41.599998474121094	41.599998474121094	40.54999923706055	41.400001525878906	143771	2022/09/02 
2022/09/05 	41.400001525878906	41.400001525878906	39.0	39.0	262073	2022/09/05 
2022/09/06 	39.5	40.099998474121094	38.5	38.54999923706055	156069	2022/09/06 
2022/09/07 	38.54999923706055	38.849998474121094	37.95000076293945	38.25	125688	2022/09/07 
2022/09/08 	38.5	38.95000076293945	38.45000076293945	38.75	56030	2022/09/08 
2022/09/12 	38.29999923706055	39.79999923706055	38.29999923706055	39.25	130231	2022/09/12 
2022/09/13 	39.79999923706055	41.0	39.79999923706055	40.349998474121094	167229	2022/09/13 
2022/09/14 	39.099998474121094	39.400001525878906	39.0	39.29999923706055	160000	2022/09/14 
2022/09/15 	39.29999923706055	40.150001525878906	39.29999923706055	39.29999923706055	115000	2022/09/15 
2022/09/16 	38.54999923706055	39.20000076293945	38.400001525878906	38.400001525878906	124000	2022/09/16 
2022/09/19 	38.400001525878906	38.400001525878906	36.5	36.5	129234	2022/09/19 
2022/09/20 	37.0	37.75	36.79999923706055	36.79999923706055	108215	2022/09/20 
2022/09/21 	37.0	37.5	36.5	36.5	81143	2022/09/21 
2022/09/22 	36.5	36.5	35.599998474121094	36.5	111853	2022/09/22 
2022/09/23 	36.5	37.70000076293945	36.20000076293945	36.400001525878906	75000	2022/09/23 
2022/09/26 	35.54999923706055	37.0	34.5	34.650001525878906	213300	2022/09/26 
2022/09/27 	34.650001525878906	35.5	34.650001525878906	34.70000076293945	149988	2022/09/27 
2022/09/28 	34.79999923706055	35.04999923706055	32.5	32.5	322824	2022/09/28 
2022/09/29 	33.20000076293945	34.0	32.900001525878906	33.25	86000	2022/09/29 
2022/09/30 	32.150001525878906	33.849998474121094	32.150001525878906	33.849998474121094	216000	2022/09/30 
2022/10/03 	33.0	34.0	33.0	33.599998474121094	68005	2022/10/03 
2022/10/04 	34.5	35.0	34.0	34.150001525878906	109000	2022/10/04 
2022/10/05 	34.599998474121094	35.25	34.20000076293945	34.20000076293945	93000	2022/10/05 
2022/10/06 	33.349998474121094	34.5	33.349998474121094	34.04999923706055	17122	2022/10/06 
2022/10/07 	33.599998474121094	34.0	32.95000076293945	33.0	88100	2022/10/07 
2022/10/11 	33.0	33.0	31.0	32.04999923706055	215368	2022/10/11 
2022/10/12 	31.850000381469727	32.29999923706055	31.799999237060547	31.950000762939453	70558	2022/10/12 
2022/10/13 	31.950000762939453	32.0	29.5	29.5	243050	2022/10/13 
2022/10/14 	29.899999618530273	31.25	29.899999618530273	30.25	116010	2022/10/14 
2022/10/17 	29.5	29.799999237060547	28.149999618530273	29.799999237060547	153000	2022/10/17 
2022/10/18 	30.299999237060547	30.5	29.25	30.399999618530273	83459	2022/10/18 
2022/10/19 	30.299999237060547	31.149999618530273	30.299999237060547	30.600000381469727	65005	2022/10/19 
2022/10/20 	29.850000381469727	30.25	29.350000381469727	29.850000381469727	43072	2022/10/20 
2022/10/21 	29.649999618530273	29.75	29.049999237060547	29.049999237060547	85180	2022/10/21 
2022/10/24 	29.799999237060547	30.149999618530273	29.5	29.549999237060547	70459	2022/10/24 
2022/10/25 	29.25	29.75	28.950000762939453	29.299999237060547	44407	2022/10/25 
2022/10/26 	29.299999237060547	30.149999618530273	29.299999237060547	29.75	50100	2022/10/26 
2022/10/27 	30.5	30.75	29.950000762939453	30.549999237060547	58000	2022/10/27 
2022/10/28 	30.25	30.25	29.399999618530273	29.549999237060547	26229	2022/10/28 
2022/10/31 	29.549999237060547	30.5	29.549999237060547	29.649999618530273	52229	2022/10/31 
2022/11/01 	30.0	30.75	29.5	30.200000762939453	79099	2022/11/01 
2022/11/02 	30.0	31.700000762939453	30.0	31.200000762939453	128100	2022/11/02 
2022/11/03 	30.75	30.799999237060547	30.549999237060547	30.799999237060547	21142	2022/11/03 
2022/11/04 	30.5	31.0	30.5	30.950000762939453	32000	2022/11/04 
2022/11/07 	31.049999237060547	31.5	31.049999237060547	31.299999237060547	35000	2022/11/07 
2022/11/08 	31.299999237060547	32.0	31.299999237060547	31.75	61329	2022/11/08 
2022/11/09 	32.0	33.5	31.649999618530273	31.899999618530273	133839	2022/11/09 
2022/11/10 	31.549999237060547	31.850000381469727	31.049999237060547	31.200000762939453	27228	2022/11/10 
2022/11/11 	32.099998474121094	32.5	31.100000381469727	31.149999618530273	106657	2022/11/11 
2022/11/14 	31.200000762939453	32.0	31.0	31.600000381469727	84584	2022/11/14 
2022/11/15 	31.0	31.600000381469727	30.5	31.25	76110	2022/11/15 
2022/11/16 	31.5	31.799999237060547	30.899999618530273	31.0	92975	2022/11/16 
2022/11/17 	31.100000381469727	31.100000381469727	30.799999237060547	30.950000762939453	64147	2022/11/17 
2022/11/18 	31.299999237060547	34.0	31.100000381469727	34.0	646773	2022/11/18 
2022/11/21 	34.29999923706055	34.5	33.04999923706055	33.79999923706055	487002	2022/11/21 
2022/11/22 	33.79999923706055	34.25	33.29999923706055	33.599998474121094	156150	2022/11/22 
2022/11/23 	33.650001525878906	33.95000076293945	33.25	33.25	99638	2022/11/23 
2022/11/24 	33.29999923706055	33.54999923706055	33.29999923706055	33.5	46459	2022/11/24 
2022/11/25 	33.70000076293945	36.5	33.599998474121094	35.400001525878906	453229	2022/11/25 
2022/11/28 	35.349998474121094	37.79999923706055	35.150001525878906	37.400001525878906	529505	2022/11/28 
2022/11/29 	37.099998474121094	37.29999923706055	36.349998474121094	36.650001525878906	209374	2022/11/29 
2022/11/30 	36.650001525878906	37.25	36.099998474121094	36.099998474121094	207688	2022/11/30 
2022/12/01 	36.650001525878906	38.5	36.29999923706055	37.849998474121094	275229	2022/12/01 
2022/12/02 	37.599998474121094	37.900001525878906	37.0	37.04999923706055	135229	2022/12/02 
2022/12/05 	37.20000076293945	40.5	37.20000076293945	39.04999923706055	723130	2022/12/05 
2022/12/06 	39.5	39.95000076293945	38.54999923706055	39.099998474121094	268434	2022/12/06 
2022/12/07 	39.099998474121094	40.400001525878906	38.5	39.150001525878906	253229	2022/12/07 
2022/12/08 	39.150001525878906	39.150001525878906	38.5	38.54999923706055	126238	2022/12/08 
2022/12/09 	38.650001525878906	39.400001525878906	37.25	37.650001525878906	177541	2022/12/09 
2022/12/12 	37.0	37.5	36.5	36.5	135172	2022/12/12 
2022/12/13 	36.5	36.599998474121094	36.0	36.0	111000	2022/12/13 
2022/12/14 	36.150001525878906	38.25	36.150001525878906	37.70000076293945	201065	2022/12/14 
2022/12/15 	37.599998474121094	38.099998474121094	37.599998474121094	37.70000076293945	75229	2022/12/15 
2022/12/16 	36.5	37.099998474121094	36.5	36.79999923706055	44782	2022/12/16 
2022/12/19 	36.099998474121094	36.349998474121094	36.099998474121094	36.29999923706055	35278	2022/12/19 
2022/12/20 	36.5	36.900001525878906	35.54999923706055	35.79999923706055	94000	2022/12/20 
2022/12/21 	35.900001525878906	36.0	35.79999923706055	35.900001525878906	23000	2022/12/21 
2022/12/22 	36.0	37.400001525878906	36.0	36.04999923706055	76000	2022/12/22 
2022/12/23 	35.150001525878906	37.25	35.150001525878906	36.04999923706055	49377	2022/12/23 
2022/12/26 	36.04999923706055	36.650001525878906	36.0	36.150001525878906	42387	2022/12/26 
2022/12/27 	36.0	36.650001525878906	36.0	36.25	72412	2022/12/27 
2022/12/28 	36.70000076293945	36.70000076293945	36.150001525878906	36.150001525878906	35000	2022/12/28 
2022/12/29 	35.70000076293945	36.400001525878906	35.650001525878906	35.900001525878906	34000	2022/12/29 
2022/12/30 	35.900001525878906	36.29999923706055	35.900001525878906	35.95000076293945	46022	2022/12/30 
2023/01/03 	36.5	36.5	35.79999923706055	35.95000076293945	38300	2023/01/03 
2023/01/04 	36.0	36.79999923706055	36.0	36.5	35000	2023/01/04 
2023/01/05 	36.849998474121094	36.900001525878906	36.5	36.75	25001	2023/01/05 
2023/01/06 	36.75	37.400001525878906	36.75	37.04999923706055	66081	2023/01/06 
2023/01/09 	37.04999923706055	37.95000076293945	37.04999923706055	37.400001525878906	106100	2023/01/09 
2023/01/10 	38.0	38.20000076293945	37.650001525878906	37.75	86407	2023/01/10 
2023/01/11 	37.599998474121094	37.599998474121094	37.0	37.29999923706055	84355	2023/01/11 
2023/01/12 	38.099998474121094	38.5	37.099998474121094	37.20000076293945	118000	2023/01/12 
2023/01/13 	38.20000076293945	38.20000076293945	36.5	36.54999923706055	74000	2023/01/13 
2023/01/16 	36.900001525878906	36.95000076293945	36.400001525878906	36.70000076293945	70000	2023/01/16 
2023/01/17 	36.70000076293945	37.25	36.70000076293945	36.900001525878906	57864	2023/01/17 
2023/01/30 	37.5	38.650001525878906	37.5	38.5	162459	2023/01/30 
2023/01/31 	38.5	39.5	38.5	39.45000076293945	142147	2023/01/31 
2023/02/01 	39.400001525878906	40.150001525878906	39.400001525878906	39.75	180500	2023/02/01 
2023/02/02 	40.0	41.0	40.0	40.849998474121094	303014	2023/02/02 
2023/02/03 	40.900001525878906	41.79999923706055	40.20000076293945	40.54999923706055	289376	2023/02/03 
2023/02/06 	40.0	40.95000076293945	40.0	40.599998474121094	108312	2023/02/06 
2023/02/07 	40.20000076293945	41.20000076293945	40.20000076293945	41.0	291650	2023/02/07 
2023/02/08 	41.0	42.599998474121094	41.0	42.400001525878906	280500	2023/02/08 
2023/02/09 	42.400001525878906	43.70000076293945	42.400001525878906	42.79999923706055	218827	2023/02/09 
2023/02/10 	42.900001525878906	43.79999923706055	42.70000076293945	43.650001525878906	280072	2023/02/10 
2023/02/13 	43.650001525878906	44.04999923706055	43.150001525878906	43.5	155259	2023/02/13 
2023/02/14 	43.900001525878906	44.0	42.5	42.599998474121094	198000	2023/02/14 
2023/02/15 	42.599998474121094	42.79999923706055	42.20000076293945	42.45000076293945	181379	2023/02/15 
2023/02/16 	42.45000076293945	43.150001525878906	42.45000076293945	42.5	91065	2023/02/16 
2023/02/17 	42.599998474121094	43.099998474121094	42.599998474121094	43.04999923706055	43296	2023/02/17 
2023/02/20 	44.0	44.79999923706055	43.400001525878906	44.45000076293945	308229	2023/02/20 
2023/02/21 	44.599998474121094	44.599998474121094	44.29999923706055	44.5	169360	2023/02/21 
2023/02/22 	44.349998474121094	44.349998474121094	43.29999923706055	43.45000076293945	194321	2023/02/22 
