Date	Open	High	Low	Close	Volume	Date
2019/10/16 	49.0	64.0	49.0	59.88999938964844	48950	2019/10/16 
2019/10/17 	57.0	57.0	47.5	51.4900016784668	34100	2019/10/17 
2019/10/18 	49.20000076293945	49.5	47.5	48.0	19371	2019/10/18 
2019/10/21 	47.209999084472656	47.70000076293945	46.9900016784668	47.36000061035156	59100	2019/10/21 
2019/10/22 	47.189998626708984	47.189998626708984	47.189998626708984	47.189998626708984	1000	2019/10/22 
2019/10/23 	46.20000076293945	47.0	46.0	46.0	43700	2019/10/23 
2019/10/24 	46.0	46.20000076293945	45.79999923706055	46.0	8100	2019/10/24 
2019/10/25 	45.5	45.599998474121094	45.0	45.599998474121094	3801	2019/10/25 
2019/10/28 	45.5	45.5	45.4900016784668	45.5	6300	2019/10/28 
2019/10/29 	45.79999923706055	55.0	45.79999923706055	54.52000045776367	200573	2019/10/29 
2019/10/30 	52.5	52.5	49.0	49.5	104663	2019/10/30 
2019/10/31 	50.0	50.9900016784668	48.5	49.5	34700	2019/10/31 
2019/11/01 	50.0	50.599998474121094	50.0	50.400001525878906	27000	2019/11/01 
2019/11/04 	51.900001525878906	51.900001525878906	48.0	48.0	48900	2019/11/04 
2019/11/05 	48.29999923706055	48.5	48.29999923706055	48.5	8300	2019/11/05 
2019/11/06 	48.29999923706055	48.29999923706055	46.0	47.0	17000	2019/11/06 
2019/11/07 	46.79999923706055	47.5	46.79999923706055	47.5	22088	2019/11/07 
2019/11/08 	46.79999923706055	47.5	46.79999923706055	47.5	22088	2019/11/08 
2019/11/11 	46.79999923706055	46.79999923706055	46.5	46.79999923706055	4000	2019/11/11 
2019/11/12 	47.0	47.310001373291016	47.0	47.0	14200	2019/11/12 
2019/11/13 	46.900001525878906	47.0	45.79999923706055	47.0	26400	2019/11/13 
2019/11/14 	46.900001525878906	47.0	45.79999923706055	47.0	26400	2019/11/14 
2019/11/15 	46.0	46.20000076293945	46.0	46.20000076293945	5300	2019/11/15 
2019/11/18 	46.0	46.29999923706055	46.0	46.29999923706055	3000	2019/11/18 
2019/11/19 	46.29999923706055	46.29999923706055	46.29999923706055	46.29999923706055	3000	2019/11/19 
2019/11/20 	46.29999923706055	46.29999923706055	46.29999923706055	46.29999923706055	3000	2019/11/20 
2019/11/21 	46.099998474121094	46.099998474121094	45.70000076293945	45.70000076293945	19000	2019/11/21 
2019/11/22 	45.79999923706055	46.0099983215332	45.79999923706055	46.0099983215332	2300	2019/11/22 
2019/11/25 	46.0099983215332	46.0099983215332	46.0099983215332	46.0099983215332	0	2019/11/25 
2019/11/26 	46.0099983215332	46.0099983215332	46.0099983215332	46.0099983215332	0	2019/11/26 
2019/11/27 	46.20000076293945	46.20000076293945	46.0	46.0	5000	2019/11/27 
2019/11/28 	46.20000076293945	46.20000076293945	46.0	46.0	5000	2019/11/28 
2019/11/29 	46.0	46.20000076293945	46.0	46.0	6750	2019/11/29 
2019/12/02 	45.900001525878906	46.20000076293945	45.900001525878906	46.20000076293945	3000	2019/12/02 
2019/12/03 	46.189998626708984	46.20000076293945	46.0	46.0	9000	2019/12/03 
2019/12/04 	46.20000076293945	47.0	46.20000076293945	47.0	14010	2019/12/04 
2019/12/05 	46.20000076293945	47.0	46.20000076293945	47.0	14010	2019/12/05 
2019/12/06 	46.20000076293945	46.5	46.150001525878906	46.290000915527344	4330	2019/12/06 
2019/12/09 	46.0	46.29999923706055	46.0	46.29999923706055	4530	2019/12/09 
2019/12/10 	46.20000076293945	46.20000076293945	46.20000076293945	46.20000076293945	5000	2019/12/10 
2019/12/11 	46.400001525878906	46.79999923706055	46.400001525878906	46.79999923706055	12020	2019/12/11 
2019/12/12 	46.400001525878906	46.79999923706055	46.400001525878906	46.79999923706055	12020	2019/12/12 
2019/12/13 	46.209999084472656	46.29999923706055	46.0	46.18000030517578	14000	2019/12/13 
2019/12/16 	45.900001525878906	46.0	45.900001525878906	46.0	10000	2019/12/16 
2019/12/17 	45.900001525878906	46.0	45.900001525878906	46.0	10000	2019/12/17 
2019/12/18 	46.0	46.0	46.0	46.0	200	2019/12/18 
2019/12/19 	46.0	46.0	46.0	46.0	200	2019/12/19 
2019/12/20 	46.0	46.0	46.0	46.0	0	2019/12/20 
2019/12/23 	46.09000015258789	46.5	46.09000015258789	46.459999084472656	12000	2019/12/23 
2019/12/24 	51.900001525878906	53.0	49.0	50.29999923706055	47743	2019/12/24 
2019/12/25 	49.099998474121094	50.45000076293945	49.099998474121094	50.0	1320	2019/12/25 
2019/12/26 	49.0	49.29999923706055	49.0	49.20000076293945	3303	2019/12/26 
2019/12/27 	49.29999923706055	49.5	49.0	49.0	12000	2019/12/27 
2019/12/30 	49.29999923706055	49.5	48.9900016784668	49.5	10830	2019/12/30 
2019/12/31 	49.5	50.5	49.5	50.5	4424	2019/12/31 
2020/01/02 	49.79999923706055	50.0	49.79999923706055	50.0	4000	2020/01/02 
2020/01/03 	49.0	49.0	47.0	48.5	17220	2020/01/03 
2020/01/06 	49.0	49.0	49.0	49.0	10	2020/01/06 
2020/01/07 	49.0	49.0	49.0	49.0	10	2020/01/07 
2020/01/08 	48.5	48.70000076293945	48.5	48.70000076293945	4210	2020/01/08 
2020/01/09 	49.0	49.0	49.0	49.0	10	2020/01/09 
2020/01/10 	49.0	49.0	49.0	49.0	10	2020/01/10 
2020/01/13 	48.209999084472656	48.209999084472656	48.209999084472656	48.209999084472656	300	2020/01/13 
2020/01/14 	49.0	49.0	49.0	49.0	5000	2020/01/14 
2020/01/15 	49.47999954223633	49.47999954223633	49.400001525878906	49.400001525878906	2010	2020/01/15 
2020/01/16 	49.0	49.0	49.0	49.0	3000	2020/01/16 
2020/01/17 	49.0	49.0	49.0	49.0	3000	2020/01/17 
2020/01/20 	49.20000076293945	50.0	49.20000076293945	49.70000076293945	9060	2020/01/20 
2020/01/30 	49.11000061035156	49.20000076293945	48.0	48.5	24600	2020/01/30 
2020/01/31 	49.0	49.09000015258789	48.849998474121094	49.0	8560	2020/01/31 
2020/02/03 	49.099998474121094	49.189998626708984	49.099998474121094	49.189998626708984	20	2020/02/03 
2020/02/04 	49.0	49.20000076293945	48.810001373291016	49.20000076293945	7232	2020/02/04 
2020/02/05 	51.0	51.400001525878906	51.0	51.150001525878906	26520	2020/02/05 
2020/02/06 	51.0	51.400001525878906	51.0	51.150001525878906	26520	2020/02/06 
2020/02/07 	50.5	50.5	50.0	50.5	1320	2020/02/07 
2020/02/10 	50.400001525878906	50.47999954223633	47.79999923706055	48.5	44961	2020/02/10 
2020/02/11 	49.0	49.0	49.0	49.0	1010	2020/02/11 
2020/02/12 	48.88999938964844	48.9900016784668	48.88999938964844	48.9900016784668	70	2020/02/12 
2020/02/13 	48.9900016784668	48.9900016784668	48.29999923706055	48.29999923706055	601	2020/02/13 
2020/02/14 	48.33000183105469	48.5	48.209999084472656	48.209999084472656	4000	2020/02/14 
2020/02/17 	48.0	48.0	48.0	48.0	10	2020/02/17 
2020/02/18 	48.099998474121094	48.20000076293945	48.0	48.20000076293945	6020	2020/02/18 
2020/02/19 	48.0	48.20000076293945	48.0	48.150001525878906	16030	2020/02/19 
2020/02/20 	48.13999938964844	48.13999938964844	48.13999938964844	48.13999938964844	10	2020/02/20 
2020/02/21 	48.13999938964844	48.13999938964844	48.0	48.0	1310	2020/02/21 
2020/02/24 	48.13999938964844	48.13999938964844	47.79999923706055	48.0	5020	2020/02/24 
2020/02/25 	48.0	48.0	48.0	48.0	10	2020/02/25 
2020/02/26 	47.52000045776367	47.70000076293945	46.0	47.0	17030	2020/02/26 
2020/02/27 	47.0	47.0	47.0	47.0	1010	2020/02/27 
2020/03/02 	45.310001373291016	45.310001373291016	44.0	45.0	19210	2020/03/02 
2020/03/03 	45.459999084472656	45.900001525878906	45.0	45.20000076293945	11010	2020/03/03 
2020/03/04 	44.70000076293945	45.0	44.29999923706055	45.0	13510	2020/03/04 
2020/03/05 	44.779998779296875	44.779998779296875	44.5	44.5	2000	2020/03/05 
2020/03/06 	44.0	44.5	44.0	44.5	3010	2020/03/06 
2020/03/09 	44.5	45.20000076293945	44.5	45.20000076293945	3020	2020/03/09 
2020/03/10 	44.5	44.5	44.5	44.5	3000	2020/03/10 
2020/03/11 	44.5	44.5	44.5	44.5	0	2020/03/11 
2020/03/12 	44.20000076293945	44.20000076293945	43.349998474121094	43.349998474121094	9000	2020/03/12 
2020/03/13 	43.349998474121094	43.349998474121094	41.31999969482422	41.31999969482422	15100	2020/03/13 
2020/03/16 	41.79999923706055	41.9900016784668	40.79999923706055	40.79999923706055	3120	2020/03/16 
2020/03/17 	40.0	40.0	39.5	39.5	5000	2020/03/17 
2020/03/18 	39.5	39.5	39.5	39.5	3000	2020/03/18 
2020/03/19 	39.5	39.5	39.5	39.5	0	2020/03/19 
2020/03/20 	38.0	39.5	38.0	39.5	6120	2020/03/20 
2020/03/23 	39.0	39.0	39.0	39.0	1000	2020/03/23 
2020/03/24 	39.0	39.20000076293945	39.0	39.0	13000	2020/03/24 
2020/03/25 	39.0	39.79999923706055	39.0	39.79999923706055	26100	2020/03/25 
2020/03/26 	40.0	41.0	40.0	41.0	20250	2020/03/26 
2020/03/27 	41.0	42.0	41.0	42.0	6000	2020/03/27 
2020/03/30 	42.0	42.0	42.0	42.0	0	2020/03/30 
2020/03/31 	42.0	42.0	42.0	42.0	0	2020/03/31 
2020/04/01 	42.0	42.0	42.0	42.0	0	2020/04/01 
2020/04/06 	40.5	40.5	40.0	40.400001525878906	4010	2020/04/06 
2020/04/07 	40.29999923706055	40.29999923706055	40.29999923706055	40.29999923706055	1000	2020/04/07 
2020/04/08 	40.0	40.29999923706055	40.0	40.0	4570	2020/04/08 
2020/04/09 	40.29999923706055	40.29999923706055	39.70000076293945	40.20000076293945	6020	2020/04/09 
2020/04/10 	40.29999923706055	40.29999923706055	40.0	40.0	10100	2020/04/10 
2020/04/13 	40.0	40.0	39.70000076293945	40.0	7500	2020/04/13 
2020/04/14 	39.70000076293945	39.900001525878906	39.04999923706055	39.20000076293945	17000	2020/04/14 
2020/04/15 	39.20000076293945	39.70000076293945	39.20000076293945	39.650001525878906	8000	2020/04/15 
2020/04/16 	40.0	40.20000076293945	39.5	40.20000076293945	12305	2020/04/16 
2020/04/17 	40.20000076293945	41.20000076293945	40.0	41.0	27800	2020/04/17 
2020/04/20 	40.0	40.25	39.0	40.25	17605	2020/04/20 
2020/04/21 	40.29999923706055	41.20000076293945	40.0	40.0	38900	2020/04/21 
2020/04/22 	39.79999923706055	39.79999923706055	39.0	39.400001525878906	30100	2020/04/22 
2020/04/23 	39.400001525878906	39.400001525878906	39.400001525878906	39.400001525878906	0	2020/04/23 
2020/04/24 	39.400001525878906	39.400001525878906	39.400001525878906	39.400001525878906	0	2020/04/24 
2020/04/27 	39.400001525878906	39.400001525878906	39.400001525878906	39.400001525878906	0	2020/04/27 
2020/04/28 	39.400001525878906	39.400001525878906	39.400001525878906	39.400001525878906	0	2020/04/28 
2020/04/29 	39.400001525878906	39.400001525878906	39.400001525878906	39.400001525878906	0	2020/04/29 
2020/04/30 	39.400001525878906	39.400001525878906	39.400001525878906	39.400001525878906	0	2020/04/30 
2020/05/04 	39.400001525878906	39.400001525878906	39.400001525878906	39.400001525878906	0	2020/05/04 
2020/05/05 	39.400001525878906	39.400001525878906	39.400001525878906	39.400001525878906	0	2020/05/05 
2020/05/06 	39.400001525878906	39.400001525878906	39.400001525878906	39.400001525878906	0	2020/05/06 
2020/05/07 	39.400001525878906	39.400001525878906	39.400001525878906	39.400001525878906	0	2020/05/07 
2020/05/08 	39.400001525878906	39.400001525878906	39.400001525878906	39.400001525878906	0	2020/05/08 
2020/05/11 	39.400001525878906	39.400001525878906	39.400001525878906	39.400001525878906	0	2020/05/11 
2020/05/12 	39.400001525878906	39.400001525878906	39.400001525878906	39.400001525878906	0	2020/05/12 
2020/05/13 	39.400001525878906	39.400001525878906	39.400001525878906	39.400001525878906	0	2020/05/13 
2020/05/14 	39.400001525878906	39.400001525878906	39.400001525878906	39.400001525878906	0	2020/05/14 
2020/05/15 	39.400001525878906	39.400001525878906	39.400001525878906	39.400001525878906	0	2020/05/15 
2020/05/18 	39.400001525878906	39.400001525878906	39.400001525878906	39.400001525878906	0	2020/05/18 
2020/05/19 	39.400001525878906	39.400001525878906	39.400001525878906	39.400001525878906	0	2020/05/19 
2020/05/20 	39.400001525878906	39.400001525878906	39.400001525878906	39.400001525878906	0	2020/05/20 
2020/05/21 	39.400001525878906	39.400001525878906	39.400001525878906	39.400001525878906	0	2020/05/21 
2020/05/22 	39.400001525878906	39.400001525878906	39.400001525878906	39.400001525878906	0	2020/05/22 
2020/05/25 	39.400001525878906	39.400001525878906	39.400001525878906	39.400001525878906	0	2020/05/25 
2020/05/26 	39.400001525878906	39.400001525878906	39.400001525878906	39.400001525878906	0	2020/05/26 
2020/05/27 	39.400001525878906	39.400001525878906	39.400001525878906	39.400001525878906	0	2020/05/27 
2020/05/28 	39.400001525878906	39.400001525878906	39.400001525878906	39.400001525878906	0	2020/05/28 
2020/05/29 	39.400001525878906	39.400001525878906	39.400001525878906	39.400001525878906	0	2020/05/29 
2020/06/01 	39.400001525878906	39.400001525878906	39.400001525878906	39.400001525878906	0	2020/06/01 
2020/06/02 	39.400001525878906	39.400001525878906	39.400001525878906	39.400001525878906	0	2020/06/02 
2020/06/03 	39.400001525878906	39.400001525878906	39.400001525878906	39.400001525878906	0	2020/06/03 
2020/06/04 	39.400001525878906	39.400001525878906	39.400001525878906	39.400001525878906	0	2020/06/04 
2020/06/05 	39.400001525878906	39.400001525878906	39.400001525878906	39.400001525878906	0	2020/06/05 
2020/06/08 	39.400001525878906	39.400001525878906	39.400001525878906	39.400001525878906	0	2020/06/08 
2020/06/09 	39.400001525878906	39.400001525878906	39.400001525878906	39.400001525878906	0	2020/06/09 
2020/06/10 	39.400001525878906	39.400001525878906	39.400001525878906	39.400001525878906	0	2020/06/10 
2020/06/11 	39.400001525878906	39.400001525878906	39.400001525878906	39.400001525878906	0	2020/06/11 
2020/06/12 	39.400001525878906	39.400001525878906	39.400001525878906	39.400001525878906	0	2020/06/12 
2020/06/15 	39.400001525878906	39.400001525878906	39.400001525878906	39.400001525878906	0	2020/06/15 
2020/06/16 	39.400001525878906	39.400001525878906	39.400001525878906	39.400001525878906	0	2020/06/16 
2020/06/17 	39.400001525878906	39.400001525878906	39.400001525878906	39.400001525878906	0	2020/06/17 
2020/06/18 	39.400001525878906	39.400001525878906	39.400001525878906	39.400001525878906	0	2020/06/18 
2020/06/19 	39.400001525878906	39.400001525878906	39.400001525878906	39.400001525878906	0	2020/06/19 
2020/06/22 	39.400001525878906	39.400001525878906	39.400001525878906	39.400001525878906	0	2020/06/22 
2020/06/23 	39.400001525878906	39.400001525878906	39.400001525878906	39.400001525878906	0	2020/06/23 
2020/06/24 	39.400001525878906	39.400001525878906	39.400001525878906	39.400001525878906	0	2020/06/24 
2020/06/29 	39.400001525878906	39.400001525878906	39.400001525878906	39.400001525878906	0	2020/06/29 
2020/06/30 	39.400001525878906	39.400001525878906	39.400001525878906	39.400001525878906	0	2020/06/30 
2020/07/01 	39.400001525878906	39.400001525878906	39.400001525878906	39.400001525878906	0	2020/07/01 
2020/07/02 	39.400001525878906	39.400001525878906	39.400001525878906	39.400001525878906	0	2020/07/02 
2020/07/03 	39.400001525878906	39.400001525878906	39.400001525878906	39.400001525878906	0	2020/07/03 
2020/07/06 	39.400001525878906	39.400001525878906	39.400001525878906	39.400001525878906	0	2020/07/06 
2020/07/07 	39.400001525878906	39.400001525878906	39.400001525878906	39.400001525878906	0	2020/07/07 
2020/07/08 	39.400001525878906	39.400001525878906	39.400001525878906	39.400001525878906	0	2020/07/08 
2020/07/09 	39.400001525878906	39.400001525878906	39.400001525878906	39.400001525878906	0	2020/07/09 
2020/07/10 	39.400001525878906	39.400001525878906	39.400001525878906	39.400001525878906	0	2020/07/10 
2020/07/13 	39.400001525878906	39.400001525878906	39.400001525878906	39.400001525878906	0	2020/07/13 
2020/07/14 	39.400001525878906	39.400001525878906	39.400001525878906	39.400001525878906	0	2020/07/14 
2020/07/15 	39.400001525878906	39.400001525878906	39.400001525878906	39.400001525878906	0	2020/07/15 
2020/07/16 	39.400001525878906	39.400001525878906	39.400001525878906	39.400001525878906	0	2020/07/16 
2020/07/17 	39.400001525878906	39.400001525878906	39.400001525878906	39.400001525878906	0	2020/07/17 
2020/07/20 	39.400001525878906	39.400001525878906	39.400001525878906	39.400001525878906	0	2020/07/20 
2020/07/21 	39.400001525878906	39.400001525878906	39.400001525878906	39.400001525878906	0	2020/07/21 
2020/07/22 	39.400001525878906	39.400001525878906	39.400001525878906	39.400001525878906	0	2020/07/22 
2020/07/23 	39.400001525878906	39.400001525878906	39.400001525878906	39.400001525878906	0	2020/07/23 
2020/07/24 	39.400001525878906	39.400001525878906	39.400001525878906	39.400001525878906	0	2020/07/24 
2020/07/27 	56.5	56.5	51.900001525878906	55.79999923706055	350700	2020/07/27 
2020/07/28 	56.5	66.5999984741211	55.79999923706055	65.30000305175781	714000	2020/07/28 
2020/07/29 	65.5	73.30000305175781	64.5	66.0	593547	2020/07/29 
2020/07/30 	65.5	67.0	60.0	65.0	151108	2020/07/30 
2020/07/31 	64.19999694824219	67.5	63.29999923706055	65.80000305175781	150250	2020/07/31 
2020/08/03 	66.30000305175781	67.30000305175781	66.0	67.30000305175781	83270	2020/08/03 
2020/08/04 	67.30000305175781	68.0	67.0	68.0	99814	2020/08/04 
2020/08/05 	68.0	69.69999694824219	67.19999694824219	68.0	160853	2020/08/05 
2020/08/06 	68.5	68.5	67.0	68.5	124702	2020/08/06 
2020/08/07 	68.0	68.0	65.0	65.30000305175781	94150	2020/08/07 
2020/08/10 	65.0999984741211	65.0999984741211	60.0	60.70000076293945	190750	2020/08/10 
2020/08/11 	62.0	64.30000305175781	61.5	63.5	88300	2020/08/11 
2020/08/12 	64.5	66.0	64.5	65.5	83920	2020/08/12 
2020/08/13 	66.5	66.5	64.19999694824219	64.5	49690	2020/08/13 
2020/08/14 	65.5	65.5	62.5	63.5	50020	2020/08/14 
2020/08/17 	63.5	63.79999923706055	62.70000076293945	62.79999923706055	15011	2020/08/17 
2020/08/18 	63.0	63.20000076293945	62.0	62.599998474121094	48000	2020/08/18 
2020/08/19 	62.5	64.0	62.0	63.70000076293945	85200	2020/08/19 
2020/08/20 	63.5	65.0	63.5	64.0	120610	2020/08/20 
2020/08/21 	65.0	66.0	64.5	65.30000305175781	91250	2020/08/21 
2020/08/24 	66.0	68.5	65.80000305175781	68.0	225814	2020/08/24 
2020/08/25 	60.900001525878906	60.900001525878906	54.0	56.5	1262507	2020/08/25 
2020/08/26 	56.599998474121094	56.79999923706055	51.20000076293945	51.70000076293945	838960	2020/08/26 
2020/08/27 	51.70000076293945	52.5	50.099998474121094	51.400001525878906	384500	2020/08/27 
2020/08/28 	51.099998474121094	51.5	50.400001525878906	51.5	271500	2020/08/28 
2020/08/31 	51.5	51.900001525878906	51.29999923706055	51.599998474121094	205130	2020/08/31 
2020/09/01 	51.400001525878906	51.79999923706055	51.0	51.5	273156	2020/09/01 
2020/09/02 	51.5	51.5	50.599998474121094	51.0	196567	2020/09/02 
2020/09/03 	51.20000076293945	51.29999923706055	50.900001525878906	51.0	203402	2020/09/03 
2020/09/04 	49.5	50.5	49.0	50.5	191280	2020/09/04 
2020/09/07 	50.29999923706055	50.599998474121094	50.0	50.599998474121094	201100	2020/09/07 
2020/09/08 	50.5	51.400001525878906	50.5	51.400001525878906	87070	2020/09/08 
2020/09/09 	51.5	54.5	51.5	53.20000076293945	192120	2020/09/09 
2020/09/10 	53.70000076293945	53.70000076293945	52.70000076293945	53.0	150030	2020/09/10 
2020/09/11 	52.79999923706055	52.900001525878906	52.0	52.400001525878906	142010	2020/09/11 
2020/09/14 	52.0	52.5	51.70000076293945	52.5	153200	2020/09/14 
2020/09/15 	52.900001525878906	53.20000076293945	52.79999923706055	52.79999923706055	59100	2020/09/15 
2020/09/16 	53.400001525878906	53.400001525878906	52.0	52.0	109100	2020/09/16 
2020/09/17 	52.0	52.400001525878906	51.400001525878906	51.5	82000	2020/09/17 
2020/09/18 	51.400001525878906	51.70000076293945	51.29999923706055	51.29999923706055	132030	2020/09/18 
2020/09/21 	51.29999923706055	51.5	49.599998474121094	49.75	128700	2020/09/21 
2020/09/22 	49.099998474121094	49.099998474121094	47.29999923706055	47.29999923706055	150387	2020/09/22 
2020/09/23 	47.29999923706055	47.29999923706055	45.650001525878906	45.95000076293945	124151	2020/09/23 
2020/09/24 	45.900001525878906	45.900001525878906	44.29999923706055	44.650001525878906	193000	2020/09/24 
2020/09/25 	44.650001525878906	45.75	44.0	44.54999923706055	89110	2020/09/25 
2020/09/28 	44.599998474121094	44.650001525878906	43.04999923706055	43.95000076293945	79000	2020/09/28 
2020/09/29 	43.900001525878906	44.099998474121094	42.849998474121094	42.849998474121094	53000	2020/09/29 
2020/09/30 	42.849998474121094	43.0	42.349998474121094	42.54999923706055	65000	2020/09/30 
2020/10/05 	42.79999923706055	42.79999923706055	41.5	41.650001525878906	92000	2020/10/05 
2020/10/06 	41.849998474121094	43.79999923706055	41.849998474121094	43.79999923706055	68170	2020/10/06 
2020/10/07 	43.75	43.75	43.0	43.349998474121094	73450	2020/10/07 
2020/10/08 	43.099998474121094	43.349998474121094	42.849998474121094	43.099998474121094	37003	2020/10/08 
2020/10/12 	42.95000076293945	42.95000076293945	40.849998474121094	40.900001525878906	97380	2020/10/12 
2020/10/13 	41.0	41.04999923706055	40.70000076293945	40.900001525878906	44000	2020/10/13 
2020/10/14 	41.0	41.650001525878906	41.0	41.45000076293945	20000	2020/10/14 
2020/10/15 	41.5	41.650001525878906	41.150001525878906	41.150001525878906	21000	2020/10/15 
2020/10/16 	41.150001525878906	41.25	40.599998474121094	40.599998474121094	35000	2020/10/16 
2020/10/19 	40.599998474121094	41.04999923706055	40.54999923706055	41.0	66000	2020/10/19 
2020/10/20 	41.0	41.75	41.0	41.25	39000	2020/10/20 
2020/10/21 	41.349998474121094	41.75	41.29999923706055	41.5	24000	2020/10/21 
2020/10/22 	41.599998474121094	41.650001525878906	41.400001525878906	41.5	46000	2020/10/22 
2020/10/23 	41.5	41.849998474121094	41.45000076293945	41.599998474121094	20000	2020/10/23 
2020/10/26 	41.650001525878906	41.70000076293945	41.5	41.5	45000	2020/10/26 
2020/10/27 	40.29999923706055	41.5	40.29999923706055	41.25	57415	2020/10/27 
2020/10/28 	41.099998474121094	41.400001525878906	40.650001525878906	40.79999923706055	82000	2020/10/28 
2020/10/29 	40.400001525878906	40.79999923706055	40.400001525878906	40.79999923706055	33000	2020/10/29 
2020/10/30 	40.400001525878906	40.900001525878906	40.400001525878906	40.54999923706055	40000	2020/10/30 
2020/11/02 	40.45000076293945	40.599998474121094	40.400001525878906	40.400001525878906	30000	2020/11/02 
2020/11/03 	40.79999923706055	41.0	40.5	40.5	18239	2020/11/03 
2020/11/04 	40.54999923706055	40.70000076293945	40.45000076293945	40.650001525878906	33030	2020/11/04 
2020/11/05 	41.20000076293945	41.20000076293945	40.70000076293945	40.70000076293945	14001	2020/11/05 
2020/11/06 	40.75	40.849998474121094	40.70000076293945	40.70000076293945	15235	2020/11/06 
2020/11/09 	41.0	42.150001525878906	41.0	41.29999923706055	53000	2020/11/09 
2020/11/10 	41.900001525878906	41.900001525878906	41.0	41.0	40000	2020/11/10 
2020/11/11 	40.95000076293945	41.0	40.599998474121094	40.79999923706055	25000	2020/11/11 
2020/11/12 	41.0	41.04999923706055	40.70000076293945	40.79999923706055	117000	2020/11/12 
2020/11/13 	40.900001525878906	41.79999923706055	40.79999923706055	41.400001525878906	140000	2020/11/13 
2020/11/16 	41.349998474121094	41.400001525878906	41.20000076293945	41.400001525878906	85000	2020/11/16 
2020/11/17 	42.650001525878906	42.650001525878906	41.599998474121094	41.650001525878906	114000	2020/11/17 
2020/11/18 	41.75	42.20000076293945	41.75	42.04999923706055	260000	2020/11/18 
2020/11/19 	42.29999923706055	43.0	42.29999923706055	42.70000076293945	185000	2020/11/19 
2020/11/20 	43.099998474121094	45.150001525878906	43.099998474121094	44.54999923706055	174000	2020/11/20 
2020/11/23 	44.95000076293945	44.95000076293945	43.5	43.599998474121094	163052	2020/11/23 
2020/11/24 	43.54999923706055	44.150001525878906	43.54999923706055	43.900001525878906	98000	2020/11/24 
2020/11/25 	44.099998474121094	44.099998474121094	43.75	43.75	74002	2020/11/25 
2020/11/26 	43.75	43.95000076293945	43.75	43.900001525878906	74319	2020/11/26 
2020/11/27 	43.849998474121094	44.79999923706055	43.849998474121094	44.5	252000	2020/11/27 
2020/11/30 	45.099998474121094	45.099998474121094	44.20000076293945	44.29999923706055	131020	2020/11/30 
2020/12/01 	44.900001525878906	44.900001525878906	43.79999923706055	44.29999923706055	136235	2020/12/01 
2020/12/02 	44.5	44.5	43.849998474121094	43.849998474121094	103002	2020/12/02 
2020/12/03 	44.0	44.0	43.400001525878906	43.599998474121094	110001	2020/12/03 
2020/12/04 	43.70000076293945	43.70000076293945	41.95000076293945	43.0	155002	2020/12/04 
2020/12/07 	43.0	43.0	42.099998474121094	42.150001525878906	99002	2020/12/07 
2020/12/08 	42.45000076293945	42.45000076293945	41.79999923706055	42.29999923706055	119000	2020/12/08 
2020/12/09 	42.349998474121094	42.5	42.150001525878906	42.25	70002	2020/12/09 
2020/12/10 	42.900001525878906	42.900001525878906	41.79999923706055	42.29999923706055	135000	2020/12/10 
2020/12/11 	42.25	42.25	41.54999923706055	42.04999923706055	44001	2020/12/11 
2020/12/14 	41.54999923706055	42.099998474121094	41.5	41.79999923706055	253001	2020/12/14 
2020/12/15 	41.75	41.75	41.400001525878906	41.400001525878906	38060	2020/12/15 
2020/12/16 	41.5	42.0	41.45000076293945	41.95000076293945	328235	2020/12/16 
2020/12/17 	42.45000076293945	42.45000076293945	41.79999923706055	42.0	21000	2020/12/17 
2020/12/18 	42.25	42.25	41.599998474121094	41.599998474121094	20001	2020/12/18 
2020/12/21 	41.849998474121094	41.849998474121094	41.0	41.599998474121094	20001	2020/12/21 
2020/12/22 	41.599998474121094	41.599998474121094	40.79999923706055	40.79999923706055	30181	2020/12/22 
2020/12/23 	41.20000076293945	41.25	40.099998474121094	41.25	32030	2020/12/23 
2020/12/24 	41.45000076293945	41.599998474121094	40.70000076293945	41.599998474121094	43000	2020/12/24 
2020/12/25 	41.70000076293945	41.70000076293945	41.0	41.04999923706055	16001	2020/12/25 
2020/12/28 	41.349998474121094	41.349998474121094	40.849998474121094	41.150001525878906	41010	2020/12/28 
2020/12/29 	41.099998474121094	41.099998474121094	40.70000076293945	40.95000076293945	85068	2020/12/29 
2020/12/30 	41.099998474121094	41.099998474121094	40.70000076293945	40.849998474121094	14010	2020/12/30 
2020/12/31 	41.349998474121094	41.349998474121094	40.849998474121094	41.25	24000	2020/12/31 
2021/01/04 	41.20000076293945	41.20000076293945	40.79999923706055	40.79999923706055	74010	2021/01/04 
2021/01/05 	40.79999923706055	40.79999923706055	40.650001525878906	40.70000076293945	27000	2021/01/05 
2021/01/06 	41.25	41.25	40.650001525878906	40.650001525878906	41000	2021/01/06 
2021/01/07 	40.650001525878906	40.70000076293945	40.400001525878906	40.70000076293945	22040	2021/01/07 
2021/01/08 	41.04999923706055	41.04999923706055	40.5	40.5	39000	2021/01/08 
2021/01/11 	40.29999923706055	40.29999923706055	39.5	39.70000076293945	90000	2021/01/11 
2021/01/12 	39.650001525878906	39.849998474121094	39.29999923706055	39.45000076293945	80025	2021/01/12 
2021/01/13 	39.45000076293945	40.599998474121094	39.45000076293945	40.599998474121094	45000	2021/01/13 
2021/01/14 	39.95000076293945	39.95000076293945	39.849998474121094	39.900001525878906	23000	2021/01/14 
2021/01/15 	39.900001525878906	40.0	39.599998474121094	40.0	23000	2021/01/15 
2021/01/18 	39.599998474121094	39.599998474121094	39.599998474121094	39.599998474121094	6000	2021/01/18 
2021/01/19 	39.5	39.54999923706055	39.400001525878906	39.400001525878906	41001	2021/01/19 
2021/01/20 	39.349998474121094	39.349998474121094	38.20000076293945	38.5	90086	2021/01/20 
2021/01/21 	38.5	38.5	38.349998474121094	38.45000076293945	31030	2021/01/21 
2021/01/22 	38.400001525878906	38.5	38.25	38.5	57000	2021/01/22 
2021/01/25 	38.70000076293945	38.849998474121094	38.599998474121094	38.849998474121094	41000	2021/01/25 
2021/01/26 	38.849998474121094	39.5	38.70000076293945	38.849998474121094	61000	2021/01/26 
2021/01/27 	39.0	39.45000076293945	39.0	39.29999923706055	51000	2021/01/27 
2021/01/28 	39.29999923706055	39.29999923706055	38.79999923706055	39.0	43000	2021/01/28 
2021/01/29 	38.95000076293945	39.650001525878906	38.95000076293945	39.0	108000	2021/01/29 
2021/02/01 	39.349998474121094	39.400001525878906	38.79999923706055	39.150001525878906	36000	2021/02/01 
2021/02/02 	39.25	39.5	39.25	39.349998474121094	21000	2021/02/02 
2021/02/03 	39.25	39.900001525878906	39.25	39.79999923706055	48000	2021/02/03 
2021/02/04 	39.599998474121094	40.099998474121094	39.599998474121094	39.900001525878906	52000	2021/02/04 
2021/02/05 	40.54999923706055	40.79999923706055	40.0	40.70000076293945	148000	2021/02/05 
2021/02/17 	40.70000076293945	41.20000076293945	40.70000076293945	41.099998474121094	71000	2021/02/17 
2021/02/18 	41.0	42.20000076293945	41.0	42.099998474121094	60000	2021/02/18 
2021/02/19 	42.0	42.150001525878906	41.5	42.150001525878906	83000	2021/02/19 
2021/02/22 	42.150001525878906	42.45000076293945	42.150001525878906	42.400001525878906	63000	2021/02/22 
2021/02/23 	42.29999923706055	42.650001525878906	42.29999923706055	42.650001525878906	135000	2021/02/23 
2021/02/24 	42.5	42.650001525878906	42.400001525878906	42.650001525878906	105000	2021/02/24 
2021/02/25 	42.70000076293945	43.099998474121094	42.70000076293945	42.900001525878906	90000	2021/02/25 
2021/02/26 	42.849998474121094	42.849998474121094	42.29999923706055	42.349998474121094	85000	2021/02/26 
2021/03/02 	42.349998474121094	42.650001525878906	42.349998474121094	42.599998474121094	167300	2021/03/02 
2021/03/03 	42.54999923706055	42.75	42.400001525878906	42.75	88000	2021/03/03 
2021/03/04 	42.54999923706055	42.650001525878906	42.45000076293945	42.54999923706055	77000	2021/03/04 
2021/03/05 	42.650001525878906	42.650001525878906	42.400001525878906	42.599998474121094	78000	2021/03/05 
2021/03/08 	42.70000076293945	43.54999923706055	42.54999923706055	43.0	632000	2021/03/08 
2021/03/09 	42.79999923706055	43.0	42.70000076293945	42.900001525878906	59000	2021/03/09 
2021/03/10 	42.70000076293945	43.04999923706055	42.70000076293945	43.0	75000	2021/03/10 
2021/03/11 	43.0	43.75	43.0	43.650001525878906	167000	2021/03/11 
2021/03/12 	43.70000076293945	44.599998474121094	43.70000076293945	44.400001525878906	181028	2021/03/12 
2021/03/15 	44.45000076293945	44.79999923706055	44.20000076293945	44.79999923706055	106003	2021/03/15 
2021/03/16 	44.79999923706055	44.900001525878906	44.5	44.599998474121094	332036	2021/03/16 
2021/03/17 	44.5	44.650001525878906	43.79999923706055	44.0	194002	2021/03/17 
2021/03/18 	44.0	44.29999923706055	44.0	44.20000076293945	102020	2021/03/18 
2021/03/19 	44.25	44.25	43.599998474121094	44.0	139100	2021/03/19 
2021/03/22 	44.20000076293945	44.25	43.70000076293945	44.150001525878906	81000	2021/03/22 
2021/03/23 	44.29999923706055	44.29999923706055	43.70000076293945	44.150001525878906	67000	2021/03/23 
2021/03/24 	44.20000076293945	44.20000076293945	43.400001525878906	44.150001525878906	118000	2021/03/24 
2021/03/25 	44.150001525878906	44.20000076293945	43.75	43.900001525878906	69000	2021/03/25 
2021/03/26 	44.20000076293945	44.400001525878906	44.099998474121094	44.349998474121094	112000	2021/03/26 
2021/03/29 	44.5	44.599998474121094	44.25	44.5	118001	2021/03/29 
2021/03/30 	45.0	45.900001525878906	44.900001525878906	45.849998474121094	182026	2021/03/30 
2021/03/31 	45.849998474121094	46.099998474121094	45.849998474121094	46.099998474121094	95000	2021/03/31 
2021/04/01 	46.20000076293945	47.0	46.20000076293945	47.0	117000	2021/04/01 
2021/04/07 	47.20000076293945	47.29999923706055	46.650001525878906	47.20000076293945	103002	2021/04/07 
2021/04/08 	47.20000076293945	47.20000076293945	46.75	47.20000076293945	106004	2021/04/08 
2021/04/09 	47.5	47.849998474121094	47.150001525878906	47.25	93002	2021/04/09 
2021/04/12 	47.599998474121094	48.0	47.29999923706055	47.75	114800	2021/04/12 
2021/04/13 	47.79999923706055	48.0	47.599998474121094	47.79999923706055	108000	2021/04/13 
2021/04/14 	47.79999923706055	48.0	46.0	47.0	145000	2021/04/14 
2021/04/15 	47.0	47.5	46.599998474121094	47.29999923706055	118000	2021/04/15 
2021/04/16 	47.5	47.70000076293945	47.150001525878906	47.70000076293945	111000	2021/04/16 
2021/04/19 	47.70000076293945	47.79999923706055	47.349998474121094	47.70000076293945	119002	2021/04/19 
2021/04/20 	47.70000076293945	47.900001525878906	47.650001525878906	47.79999923706055	95003	2021/04/20 
2021/04/21 	47.849998474121094	47.900001525878906	47.349998474121094	47.349998474121094	113003	2021/04/21 
2021/04/22 	47.75	48.0	46.79999923706055	47.29999923706055	161020	2021/04/22 
2021/04/23 	47.5	47.5	47.0	47.29999923706055	81001	2021/04/23 
2021/04/26 	47.75	47.900001525878906	47.45000076293945	47.5	99001	2021/04/26 
2021/04/27 	47.75	47.849998474121094	47.5	47.650001525878906	128001	2021/04/27 
2021/04/28 	47.75	47.79999923706055	47.45000076293945	47.54999923706055	171001	2021/04/28 
2021/04/29 	47.75	48.349998474121094	47.54999923706055	48.349998474121094	150000	2021/04/29 
2021/05/03 	48.099998474121094	48.400001525878906	47.400001525878906	47.70000076293945	125050	2021/05/03 
2021/05/04 	47.900001525878906	48.0	46.150001525878906	46.599998474121094	149001	2021/05/04 
2021/05/05 	46.54999923706055	46.95000076293945	45.400001525878906	46.79999923706055	181000	2021/05/05 
2021/05/06 	47.20000076293945	47.45000076293945	46.599998474121094	47.20000076293945	85000	2021/05/06 
2021/05/07 	47.54999923706055	47.70000076293945	47.25	47.70000076293945	104000	2021/05/07 
2021/05/10 	48.0	49.95000076293945	48.0	49.0	143003	2021/05/10 
2021/05/11 	49.0	49.0	47.650001525878906	48.349998474121094	107000	2021/05/11 
2021/05/12 	48.0	48.599998474121094	43.599998474121094	45.650001525878906	215017	2021/05/12 
2021/05/13 	45.599998474121094	45.599998474121094	43.29999923706055	44.5	101051	2021/05/13 
2021/05/14 	45.54999923706055	45.54999923706055	44.0	44.45000076293945	89050	2021/05/14 
2021/05/17 	42.0	44.900001525878906	41.900001525878906	43.45000076293945	114001	2021/05/17 
2021/05/18 	43.5	45.54999923706055	43.45000076293945	45.04999923706055	66000	2021/05/18 
2021/05/19 	45.400001525878906	45.45000076293945	44.150001525878906	45.0	26000	2021/05/19 
2021/05/20 	44.95000076293945	44.95000076293945	43.75	43.75	114001	2021/05/20 
2021/05/21 	44.5	44.70000076293945	44.29999923706055	44.54999923706055	87001	2021/05/21 
2021/05/24 	44.400001525878906	44.599998474121094	44.099998474121094	44.5	120001	2021/05/24 
2021/05/25 	44.5	44.650001525878906	44.400001525878906	44.54999923706055	51016	2021/05/25 
2021/05/26 	44.599998474121094	45.20000076293945	44.599998474121094	45.0	99000	2021/05/26 
2021/05/27 	45.0	45.0	44.25	44.79999923706055	85012	2021/05/27 
2021/05/28 	44.849998474121094	44.95000076293945	44.54999923706055	44.900001525878906	90002	2021/05/28 
2021/05/31 	44.95000076293945	45.20000076293945	44.75	45.0	95010	2021/05/31 
2021/06/01 	45.29999923706055	45.79999923706055	45.150001525878906	45.650001525878906	95000	2021/06/01 
2021/06/02 	45.650001525878906	46.29999923706055	45.349998474121094	45.849998474121094	85000	2021/06/02 
2021/06/03 	45.400001525878906	46.400001525878906	45.400001525878906	46.25	92000	2021/06/03 
2021/06/04 	46.150001525878906	46.25	45.5	45.599998474121094	105000	2021/06/04 
2021/06/07 	45.650001525878906	45.650001525878906	45.0	45.29999923706055	92001	2021/06/07 
2021/06/08 	45.29999923706055	45.599998474121094	44.95000076293945	44.95000076293945	99000	2021/06/08 
2021/06/09 	45.29999923706055	46.5	45.29999923706055	46.099998474121094	133000	2021/06/09 
2021/06/10 	46.29999923706055	47.79999923706055	46.29999923706055	47.5	76020	2021/06/10 
2021/06/11 	47.79999923706055	47.95000076293945	47.25	47.5	62000	2021/06/11 
2021/06/15 	47.5	47.79999923706055	47.150001525878906	47.5	98503	2021/06/15 
2021/06/16 	47.45000076293945	47.79999923706055	47.04999923706055	47.04999923706055	106000	2021/06/16 
2021/06/17 	47.04999923706055	47.5	46.79999923706055	47.349998474121094	135000	2021/06/17 
2021/06/18 	46.79999923706055	47.45000076293945	46.79999923706055	47.29999923706055	97055	2021/06/18 
2021/06/21 	47.79999923706055	48.70000076293945	46.45000076293945	47.150001525878906	91001	2021/06/21 
2021/06/22 	47.29999923706055	47.599998474121094	47.0	47.45000076293945	89000	2021/06/22 
2021/06/23 	47.5	47.599998474121094	47.099998474121094	47.5	85000	2021/06/23 
2021/06/24 	47.5	47.54999923706055	47.099998474121094	47.5	103018	2021/06/24 
2021/06/25 	47.54999923706055	47.849998474121094	46.849998474121094	46.849998474121094	145000	2021/06/25 
2021/06/28 	46.849998474121094	46.849998474121094	45.79999923706055	46.29999923706055	159000	2021/06/28 
2021/06/29 	46.29999923706055	46.400001525878906	45.650001525878906	46.20000076293945	97149	2021/06/29 
2021/06/30 	46.45000076293945	46.54999923706055	45.650001525878906	46.0	127004	2021/06/30 
2021/07/01 	46.29999923706055	46.900001525878906	46.0	46.25	179000	2021/07/01 
2021/07/02 	46.25	46.349998474121094	46.0	46.25	157000	2021/07/02 
2021/07/05 	46.349998474121094	46.75	46.25	46.70000076293945	167026	2021/07/05 
2021/07/06 	46.79999923706055	47.20000076293945	46.70000076293945	47.099998474121094	172067	2021/07/06 
2021/07/07 	47.20000076293945	47.5	47.20000076293945	47.5	743005	2021/07/07 
2021/07/08 	49.150001525878906	49.150001525878906	45.400001525878906	46.0	348200	2021/07/08 
2021/07/09 	45.79999923706055	46.0	45.5	46.0	180100	2021/07/09 
2021/07/12 	46.099998474121094	47.099998474121094	45.900001525878906	46.54999923706055	157100	2021/07/12 
2021/07/13 	46.95000076293945	47.400001525878906	46.400001525878906	47.04999923706055	188100	2021/07/13 
2021/07/14 	46.599998474121094	47.650001525878906	46.599998474121094	47.349998474121094	151000	2021/07/14 
2021/07/15 	47.5	47.599998474121094	46.95000076293945	47.349998474121094	152022	2021/07/15 
2021/07/16 	47.349998474121094	47.45000076293945	47.0	47.099998474121094	136093	2021/07/16 
2021/07/19 	47.400001525878906	47.400001525878906	47.0	47.20000076293945	194000	2021/07/19 
2021/07/20 	47.20000076293945	47.25	47.04999923706055	47.04999923706055	46018	2021/07/20 
2021/07/21 	47.150001525878906	47.25	46.400001525878906	46.75	167100	2021/07/21 
2021/07/22 	46.849998474121094	47.20000076293945	45.95000076293945	46.70000076293945	149101	2021/07/22 
2021/07/23 	46.70000076293945	46.79999923706055	46.0	46.150001525878906	196100	2021/07/23 
2021/07/26 	46.150001525878906	46.20000076293945	44.599998474121094	44.79999923706055	173182	2021/07/26 
2021/07/27 	45.349998474121094	46.0	45.25	45.29999923706055	152060	2021/07/27 
2021/07/28 	45.79999923706055	45.79999923706055	45.04999923706055	45.099998474121094	90070	2021/07/28 
2021/07/29 	45.75	47.400001525878906	45.75	46.54999923706055	94000	2021/07/29 
2021/07/30 	47.099998474121094	47.20000076293945	46.70000076293945	46.900001525878906	121000	2021/07/30 
2021/08/02 	47.099998474121094	47.20000076293945	45.29999923706055	46.900001525878906	100032	2021/08/02 
2021/08/03 	47.099998474121094	47.150001525878906	46.95000076293945	46.95000076293945	86001	2021/08/03 
2021/08/04 	47.0	47.04999923706055	46.599998474121094	46.95000076293945	93000	2021/08/04 
2021/08/05 	47.25	47.29999923706055	46.70000076293945	46.95000076293945	94042	2021/08/05 
2021/08/06 	46.79999923706055	47.04999923706055	46.79999923706055	47.0	98200	2021/08/06 
2021/08/09 	46.900001525878906	46.95000076293945	46.29999923706055	46.5	72751	2021/08/09 
2021/08/10 	47.0	47.099998474121094	46.099998474121094	46.650001525878906	72000	2021/08/10 
2021/08/11 	46.900001525878906	47.0	46.0	46.79999923706055	53851	2021/08/11 
2021/08/12 	46.900001525878906	46.95000076293945	46.150001525878906	46.150001525878906	66000	2021/08/12 
2021/08/13 	44.150001525878906	44.54999923706055	41.70000076293945	43.099998474121094	543000	2021/08/13 
2021/08/16 	42.70000076293945	43.099998474121094	42.650001525878906	42.650001525878906	37000	2021/08/16 
2021/08/17 	42.900001525878906	42.95000076293945	41.79999923706055	42.20000076293945	104001	2021/08/17 
2021/08/18 	42.0	42.5	42.0	42.04999923706055	72030	2021/08/18 
2021/08/19 	42.0	42.650001525878906	41.20000076293945	41.20000076293945	69150	2021/08/19 
2021/08/20 	42.5	42.5	41.150001525878906	41.29999923706055	113204	2021/08/20 
2021/08/23 	41.45000076293945	41.650001525878906	40.70000076293945	41.54999923706055	197000	2021/08/23 
2021/08/24 	42.25	42.25	41.900001525878906	42.0	114000	2021/08/24 
2021/08/25 	42.650001525878906	42.70000076293945	42.0	42.20000076293945	63144	2021/08/25 
2021/08/26 	42.20000076293945	42.400001525878906	42.0	42.349998474121094	107000	2021/08/26 
2021/08/27 	42.599998474121094	42.650001525878906	42.04999923706055	42.54999923706055	130000	2021/08/27 
2021/08/30 	42.75	42.79999923706055	42.04999923706055	42.25	83001	2021/08/30 
2021/08/31 	42.5	42.599998474121094	42.25	42.5	172050	2021/08/31 
2021/09/01 	42.599998474121094	43.099998474121094	42.45000076293945	42.75	194000	2021/09/01 
2021/09/02 	43.29999923706055	43.5	42.70000076293945	43.45000076293945	89000	2021/09/02 
2021/09/03 	44.0	45.5	43.79999923706055	45.20000076293945	91044	2021/09/03 
2021/09/06 	45.5	45.599998474121094	45.0	45.5	73000	2021/09/06 
2021/09/07 	45.79999923706055	45.79999923706055	45.349998474121094	45.599998474121094	77000	2021/09/07 
2021/09/08 	45.599998474121094	45.599998474121094	44.04999923706055	45.5	72000	2021/09/08 
2021/09/09 	45.5	45.599998474121094	45.400001525878906	45.400001525878906	83000	2021/09/09 
2021/09/10 	45.54999923706055	45.54999923706055	45.099998474121094	45.099998474121094	35000	2021/09/10 
2021/09/13 	45.29999923706055	45.5	45.0	45.099998474121094	56000	2021/09/13 
2021/09/14 	44.70000076293945	45.400001525878906	44.70000076293945	45.29999923706055	41000	2021/09/14 
2021/09/15 	45.400001525878906	45.45000076293945	44.150001525878906	45.29999923706055	29000	2021/09/15 
2021/09/16 	45.349998474121094	45.5	45.349998474121094	45.400001525878906	30000	2021/09/16 
2021/09/17 	45.400001525878906	45.5	44.0	44.599998474121094	55000	2021/09/17 
2021/09/22 	44.599998474121094	44.599998474121094	44.04999923706055	44.150001525878906	22000	2021/09/22 
2021/09/23 	44.150001525878906	44.150001525878906	43.54999923706055	43.849998474121094	32000	2021/09/23 
2021/09/24 	44.400001525878906	44.45000076293945	43.5	43.79999923706055	26000	2021/09/24 
2021/09/27 	43.75	43.79999923706055	42.5	42.5	157204	2021/09/27 
2021/09/28 	42.650001525878906	42.650001525878906	41.099998474121094	42.0	104000	2021/09/28 
2021/09/29 	41.95000076293945	41.95000076293945	41.20000076293945	41.29999923706055	31000	2021/09/29 
2021/09/30 	42.5	42.5	40.54999923706055	41.099998474121094	92100	2021/09/30 
2021/10/01 	41.25	41.25	40.20000076293945	40.599998474121094	89000	2021/10/01 
2021/10/04 	40.79999923706055	40.95000076293945	39.599998474121094	40.20000076293945	141050	2021/10/04 
2021/10/05 	40.5	40.5	39.75	40.29999923706055	568000	2021/10/05 
2021/10/06 	40.54999923706055	40.849998474121094	39.79999923706055	40.25	95000	2021/10/06 
2021/10/07 	40.5	42.0	40.5	41.150001525878906	36000	2021/10/07 
2021/10/08 	41.75	41.79999923706055	41.20000076293945	41.400001525878906	25000	2021/10/08 
2021/10/12 	41.95000076293945	41.95000076293945	40.95000076293945	41.400001525878906	22000	2021/10/12 
2021/10/13 	41.900001525878906	41.900001525878906	41.0	41.150001525878906	12000	2021/10/13 
2021/10/14 	41.45000076293945	41.45000076293945	40.400001525878906	41.20000076293945	50000	2021/10/14 
2021/10/15 	41.349998474121094	41.599998474121094	41.0	41.25	29000	2021/10/15 
2021/10/18 	42.20000076293945	42.20000076293945	41.599998474121094	41.79999923706055	14051	2021/10/18 
2021/10/19 	41.5	42.0	41.04999923706055	41.04999923706055	62000	2021/10/19 
2021/10/20 	41.04999923706055	41.5	40.400001525878906	40.650001525878906	78001	2021/10/20 
2021/10/21 	40.95000076293945	41.0	40.70000076293945	40.79999923706055	17020	2021/10/21 
2021/10/22 	41.20000076293945	41.20000076293945	40.54999923706055	40.95000076293945	30000	2021/10/22 
2021/10/25 	41.20000076293945	41.25	40.849998474121094	41.150001525878906	33000	2021/10/25 
2021/10/26 	41.04999923706055	41.5	40.54999923706055	40.95000076293945	87000	2021/10/26 
2021/10/27 	41.150001525878906	41.20000076293945	40.79999923706055	40.95000076293945	19000	2021/10/27 
2021/10/28 	40.900001525878906	40.95000076293945	40.70000076293945	40.900001525878906	27000	2021/10/28 
2021/10/29 	41.5	41.5	40.5	40.900001525878906	101000	2021/10/29 
2021/11/01 	41.25	41.29999923706055	40.54999923706055	40.900001525878906	87000	2021/11/01 
2021/11/02 	41.349998474121094	41.349998474121094	40.29999923706055	40.900001525878906	81000	2021/11/02 
2021/11/03 	41.04999923706055	41.099998474121094	40.29999923706055	40.650001525878906	134000	2021/11/03 
2021/11/04 	40.79999923706055	40.79999923706055	40.54999923706055	40.75	12000	2021/11/04 
2021/11/05 	40.75	40.75	40.150001525878906	40.75	127000	2021/11/05 
2021/11/08 	40.900001525878906	40.95000076293945	40.900001525878906	40.95000076293945	18000	2021/11/08 
2021/11/09 	41.0	41.0	40.400001525878906	40.849998474121094	43000	2021/11/09 
2021/11/10 	41.0	42.349998474121094	41.0	41.45000076293945	127000	2021/11/10 
2021/11/11 	40.900001525878906	41.20000076293945	40.0	40.5	139000	2021/11/11 
2021/11/12 	40.20000076293945	40.5	40.150001525878906	40.5	73000	2021/11/12 
2021/11/15 	40.45000076293945	40.5	40.0	40.5	69000	2021/11/15 
2021/11/16 	40.5	42.0	40.5	41.5	90013	2021/11/16 
2021/11/17 	41.54999923706055	42.0	40.900001525878906	41.599998474121094	51000	2021/11/17 
2021/11/18 	41.650001525878906	41.70000076293945	41.45000076293945	41.70000076293945	63000	2021/11/18 
2021/11/19 	41.900001525878906	41.95000076293945	41.400001525878906	41.70000076293945	86000	2021/11/19 
2021/11/22 	41.849998474121094	41.900001525878906	41.20000076293945	41.5	50000	2021/11/22 
2021/11/23 	41.75	41.75	41.099998474121094	41.20000076293945	46098	2021/11/23 
2021/11/24 	41.400001525878906	41.400001525878906	41.099998474121094	41.20000076293945	52000	2021/11/24 
2021/11/25 	41.5	41.5	41.25	41.400001525878906	59000	2021/11/25 
2021/11/26 	41.45000076293945	41.5	41.150001525878906	41.400001525878906	34000	2021/11/26 
2021/11/29 	41.45000076293945	41.45000076293945	41.150001525878906	41.25	40000	2021/11/29 
2021/11/30 	41.29999923706055	41.54999923706055	41.29999923706055	41.400001525878906	41000	2021/11/30 
2021/12/01 	41.45000076293945	41.599998474121094	41.20000076293945	41.5	40051	2021/12/01 
2021/12/02 	41.5	41.599998474121094	41.349998474121094	41.5	44000	2021/12/02 
2021/12/03 	41.650001525878906	41.75	41.400001525878906	41.650001525878906	48000	2021/12/03 
2021/12/06 	41.29999923706055	41.70000076293945	41.29999923706055	41.599998474121094	56000	2021/12/06 
2021/12/07 	41.599998474121094	41.650001525878906	41.45000076293945	41.45000076293945	49000	2021/12/07 
2021/12/08 	41.45000076293945	41.5	41.29999923706055	41.5	62000	2021/12/08 
2021/12/09 	41.5	41.54999923706055	40.900001525878906	41.20000076293945	377000	2021/12/09 
2021/12/10 	41.349998474121094	41.400001525878906	41.20000076293945	41.20000076293945	41000	2021/12/10 
2021/12/13 	41.20000076293945	41.400001525878906	41.04999923706055	41.20000076293945	65000	2021/12/13 
2021/12/14 	41.400001525878906	41.400001525878906	41.0	41.0	35000	2021/12/14 
2021/12/15 	41.150001525878906	41.20000076293945	40.79999923706055	40.900001525878906	36000	2021/12/15 
2021/12/16 	40.95000076293945	41.0	40.79999923706055	40.900001525878906	58000	2021/12/16 
2021/12/17 	40.849998474121094	40.900001525878906	40.70000076293945	40.849998474121094	51000	2021/12/17 
2021/12/20 	40.70000076293945	40.849998474121094	40.599998474121094	40.75	52000	2021/12/20 
2021/12/21 	40.650001525878906	40.79999923706055	40.54999923706055	40.75	62000	2021/12/21 
2021/12/22 	41.25	41.25	40.70000076293945	40.75	59000	2021/12/22 
2021/12/23 	41.5	41.5	40.04999923706055	40.75	66000	2021/12/23 
2021/12/24 	41.099998474121094	41.25	40.150001525878906	40.650001525878906	91000	2021/12/24 
2021/12/27 	40.900001525878906	41.0	40.650001525878906	40.650001525878906	36000	2021/12/27 
2021/12/28 	40.79999923706055	41.0	40.650001525878906	40.79999923706055	46000	2021/12/28 
2021/12/29 	40.849998474121094	40.849998474121094	40.70000076293945	40.849998474121094	73000	2021/12/29 
2021/12/30 	40.849998474121094	41.0	40.75	40.900001525878906	44112	2021/12/30 
2022/01/03 	40.900001525878906	41.0	40.70000076293945	40.75	44000	2022/01/03 
2022/01/04 	40.75	40.79999923706055	40.70000076293945	40.79999923706055	47178	2022/01/04 
2022/01/05 	40.900001525878906	40.95000076293945	40.70000076293945	40.79999923706055	46000	2022/01/05 
2022/01/06 	41.0	41.20000076293945	40.70000076293945	40.75	53000	2022/01/06 
2022/01/07 	40.95000076293945	40.95000076293945	40.45000076293945	40.54999923706055	62000	2022/01/07 
2022/01/10 	40.5	40.75	40.400001525878906	40.5	32000	2022/01/10 
2022/01/11 	40.599998474121094	40.599998474121094	40.400001525878906	40.599998474121094	87000	2022/01/11 
2022/01/12 	41.20000076293945	41.20000076293945	40.650001525878906	40.900001525878906	41000	2022/01/12 
2022/01/13 	40.849998474121094	40.900001525878906	40.75	40.900001525878906	41000	2022/01/13 
2022/01/14 	40.95000076293945	41.0	40.79999923706055	40.79999923706055	32000	2022/01/14 
2022/01/17 	40.79999923706055	40.900001525878906	40.79999923706055	40.79999923706055	33000	2022/01/17 
2022/01/18 	40.79999923706055	40.79999923706055	40.5	40.75	78000	2022/01/18 
2022/01/19 	40.45000076293945	40.75	40.45000076293945	40.70000076293945	32000	2022/01/19 
2022/01/20 	40.650001525878906	40.75	40.650001525878906	40.75	43000	2022/01/20 
2022/01/21 	40.95000076293945	40.95000076293945	39.599998474121094	40.25	111000	2022/01/21 
2022/01/24 	40.45000076293945	40.5	39.5	40.0	144000	2022/01/24 
2022/01/25 	40.099998474121094	40.150001525878906	39.349998474121094	39.45000076293945	87000	2022/01/25 
2022/01/26 	39.75	40.0	39.54999923706055	39.75	67000	2022/01/26 
2022/02/07 	40.0	40.5	40.0	40.25	58000	2022/02/07 
2022/02/08 	40.45000076293945	40.5	40.0	40.400001525878906	86000	2022/02/08 
2022/02/09 	40.70000076293945	40.75	40.0	40.150001525878906	160001	2022/02/09 
2022/02/10 	40.29999923706055	40.349998474121094	40.0	40.150001525878906	46000	2022/02/10 
2022/02/11 	40.20000076293945	40.20000076293945	40.0	40.04999923706055	46000	2022/02/11 
2022/02/14 	40.25	40.25	39.79999923706055	40.04999923706055	47000	2022/02/14 
2022/02/15 	40.099998474121094	40.20000076293945	39.95000076293945	40.04999923706055	114000	2022/02/15 
2022/02/16 	40.150001525878906	40.25	40.0	40.04999923706055	65000	2022/02/16 
2022/02/17 	40.099998474121094	40.400001525878906	39.849998474121094	40.25	85000	2022/02/17 
2022/02/18 	40.25	40.29999923706055	39.79999923706055	40.25	132000	2022/02/18 
2022/02/21 	40.29999923706055	40.29999923706055	39.79999923706055	40.20000076293945	97000	2022/02/21 
2022/02/22 	40.20000076293945	40.20000076293945	39.70000076293945	40.0	81000	2022/02/22 
2022/02/23 	40.20000076293945	40.25	39.79999923706055	40.150001525878906	90000	2022/02/23 
2022/02/24 	40.150001525878906	40.150001525878906	39.70000076293945	39.70000076293945	77000	2022/02/24 
2022/02/25 	41.099998474121094	41.099998474121094	39.900001525878906	40.20000076293945	37000	2022/02/25 
2022/03/01 	40.45000076293945	40.5	40.0	40.29999923706055	40000	2022/03/01 
2022/03/02 	40.45000076293945	40.45000076293945	39.900001525878906	40.29999923706055	58000	2022/03/02 
2022/03/03 	40.400001525878906	40.45000076293945	40.04999923706055	40.29999923706055	37007	2022/03/03 
2022/03/04 	40.29999923706055	40.29999923706055	40.04999923706055	40.29999923706055	37000	2022/03/04 
2022/03/07 	40.29999923706055	40.29999923706055	39.599998474121094	39.95000076293945	50000	2022/03/07 
2022/03/08 	40.0	40.0	39.650001525878906	39.900001525878906	40000	2022/03/08 
2022/03/09 	39.650001525878906	40.0	39.650001525878906	40.0	52000	2022/03/09 
2022/03/10 	40.04999923706055	40.20000076293945	39.75	40.150001525878906	42000	2022/03/10 
2022/03/11 	40.150001525878906	40.150001525878906	39.70000076293945	40.0	41000	2022/03/11 
2022/03/14 	40.0	40.29999923706055	40.0	40.20000076293945	39000	2022/03/14 
2022/03/15 	40.20000076293945	40.20000076293945	39.900001525878906	40.099998474121094	40000	2022/03/15 
2022/03/16 	40.20000076293945	40.29999923706055	40.0	40.25	37000	2022/03/16 
2022/03/17 	40.29999923706055	41.29999923706055	40.29999923706055	40.900001525878906	53000	2022/03/17 
2022/03/18 	40.95000076293945	41.0	40.650001525878906	40.79999923706055	27000	2022/03/18 
2022/03/21 	41.0	41.04999923706055	40.79999923706055	41.0	74000	2022/03/21 
2022/03/22 	42.349998474121094	44.849998474121094	42.349998474121094	44.79999923706055	484025	2022/03/22 
2022/03/23 	45.70000076293945	46.79999923706055	44.25	45.20000076293945	537000	2022/03/23 
2022/03/24 	44.599998474121094	45.5	43.79999923706055	44.400001525878906	169000	2022/03/24 
2022/03/25 	44.79999923706055	46.25	44.75	44.900001525878906	297000	2022/03/25 
2022/03/28 	45.25	45.900001525878906	45.25	45.650001525878906	126000	2022/03/28 
2022/03/29 	45.650001525878906	45.70000076293945	44.849998474121094	45.650001525878906	83099	2022/03/29 
2022/03/30 	45.849998474121094	46.0	45.5	45.75	73000	2022/03/30 
2022/03/31 	45.95000076293945	46.0	45.25	45.650001525878906	86101	2022/03/31 
2022/04/01 	45.95000076293945	46.54999923706055	45.70000076293945	46.04999923706055	163000	2022/04/01 
2022/04/06 	46.45000076293945	46.45000076293945	45.099998474121094	46.20000076293945	60014	2022/04/06 
2022/04/07 	46.54999923706055	46.54999923706055	44.70000076293945	44.849998474121094	76000	2022/04/07 
2022/04/08 	45.75	46.0	45.150001525878906	45.150001525878906	44000	2022/04/08 
2022/04/11 	44.400001525878906	45.25	43.150001525878906	43.650001525878906	255000	2022/04/11 
2022/04/12 	43.650001525878906	43.900001525878906	43.599998474121094	43.849998474121094	75050	2022/04/12 
2022/04/13 	44.25	44.650001525878906	44.099998474121094	44.45000076293945	103000	2022/04/13 
2022/04/14 	45.599998474121094	45.599998474121094	44.900001525878906	45.099998474121094	68000	2022/04/14 
2022/04/15 	45.099998474121094	45.099998474121094	44.54999923706055	45.04999923706055	56000	2022/04/15 
2022/04/18 	45.25	45.25	44.45000076293945	44.95000076293945	42000	2022/04/18 
2022/04/19 	45.79999923706055	45.79999923706055	45.20000076293945	45.349998474121094	56017	2022/04/19 
2022/04/20 	45.45000076293945	46.150001525878906	45.25	45.900001525878906	113020	2022/04/20 
2022/04/21 	46.0	46.400001525878906	46.0	46.150001525878906	72000	2022/04/21 
2022/04/22 	46.20000076293945	46.29999923706055	46.0	46.29999923706055	96000	2022/04/22 
2022/04/25 	46.20000076293945	46.650001525878906	45.5	46.20000076293945	58086	2022/04/25 
2022/04/26 	46.29999923706055	46.5	46.0	46.29999923706055	42000	2022/04/26 
2022/04/27 	45.75	46.20000076293945	45.25	46.04999923706055	108000	2022/04/27 
2022/04/28 	46.400001525878906	46.45000076293945	45.849998474121094	46.20000076293945	58000	2022/04/28 
2022/04/29 	45.75	46.400001525878906	45.75	46.349998474121094	61050	2022/04/29 
2022/05/03 	46.349998474121094	46.45000076293945	46.0	46.150001525878906	36000	2022/05/03 
2022/05/04 	46.04999923706055	46.400001525878906	45.849998474121094	46.150001525878906	37000	2022/05/04 
2022/05/05 	46.25	46.29999923706055	46.099998474121094	46.20000076293945	38000	2022/05/05 
2022/05/06 	45.25	46.20000076293945	45.25	45.75	41050	2022/05/06 
2022/05/09 	46.099998474121094	46.150001525878906	45.25	45.650001525878906	40000	2022/05/09 
2022/05/10 	45.70000076293945	45.75	45.150001525878906	45.5	38000	2022/05/10 
2022/05/11 	46.0	46.04999923706055	45.5	45.650001525878906	30000	2022/05/11 
2022/05/12 	45.70000076293945	45.70000076293945	44.900001525878906	45.099998474121094	59040	2022/05/12 
2022/05/13 	45.599998474121094	45.650001525878906	45.04999923706055	45.400001525878906	63000	2022/05/13 
2022/05/16 	46.0	46.150001525878906	45.150001525878906	45.849998474121094	39009	2022/05/16 
2022/05/17 	45.70000076293945	45.849998474121094	44.0	44.849998474121094	86000	2022/05/17 
2022/05/18 	44.650001525878906	44.849998474121094	44.04999923706055	44.5	84000	2022/05/18 
2022/05/19 	44.29999923706055	45.25	43.54999923706055	44.400001525878906	35000	2022/05/19 
2022/05/20 	45.0	45.0	44.20000076293945	44.45000076293945	45000	2022/05/20 
2022/05/23 	44.79999923706055	44.849998474121094	44.150001525878906	44.54999923706055	29000	2022/05/23 
2022/05/24 	44.79999923706055	44.900001525878906	44.70000076293945	44.79999923706055	32000	2022/05/24 
2022/05/25 	44.75	44.849998474121094	44.75	44.79999923706055	31050	2022/05/25 
2022/05/26 	44.79999923706055	44.95000076293945	44.5	44.900001525878906	50000	2022/05/26 
2022/05/27 	45.0	45.099998474121094	45.0	45.099998474121094	33000	2022/05/27 
2022/05/30 	45.5	45.599998474121094	45.150001525878906	45.400001525878906	38000	2022/05/30 
2022/05/31 	45.29999923706055	45.54999923706055	45.29999923706055	45.54999923706055	33000	2022/05/31 
2022/06/01 	45.79999923706055	45.849998474121094	45.54999923706055	45.75	55000	2022/06/01 
2022/06/02 	46.79999923706055	46.79999923706055	45.0	45.70000076293945	47000	2022/06/02 
2022/06/06 	45.849998474121094	45.900001525878906	45.54999923706055	45.650001525878906	33000	2022/06/06 
2022/06/07 	45.54999923706055	45.70000076293945	45.54999923706055	45.599998474121094	29000	2022/06/07 
2022/06/08 	45.599998474121094	45.70000076293945	45.54999923706055	45.650001525878906	34000	2022/06/08 
2022/06/09 	45.599998474121094	45.79999923706055	45.599998474121094	45.79999923706055	41000	2022/06/09 
2022/06/10 	45.25	46.29999923706055	45.25	46.04999923706055	52000	2022/06/10 
2022/06/13 	46.0	46.0	44.79999923706055	45.849998474121094	34000	2022/06/13 
2022/06/14 	45.849998474121094	45.849998474121094	45.650001525878906	45.650001525878906	41003	2022/06/14 
2022/06/15 	45.650001525878906	46.0	45.650001525878906	46.0	38000	2022/06/15 
2022/06/16 	46.0	46.45000076293945	45.79999923706055	45.79999923706055	92000	2022/06/16 
2022/06/17 	45.79999923706055	45.79999923706055	45.349998474121094	45.54999923706055	35000	2022/06/17 
2022/06/20 	45.54999923706055	45.54999923706055	44.25	44.25	41000	2022/06/20 
2022/06/21 	45.0	45.0	44.849998474121094	44.900001525878906	33000	2022/06/21 
2022/06/22 	44.95000076293945	45.20000076293945	44.54999923706055	44.849998474121094	51000	2022/06/22 
2022/06/23 	45.0	45.0	44.70000076293945	44.79999923706055	31000	2022/06/23 
2022/06/24 	45.0	45.20000076293945	44.849998474121094	44.95000076293945	34000	2022/06/24 
2022/06/27 	45.04999923706055	45.5	44.45000076293945	45.5	46000	2022/06/27 
2022/06/28 	45.599998474121094	45.75	45.400001525878906	45.5	40000	2022/06/28 
2022/06/29 	45.54999923706055	45.599998474121094	45.5	45.5	32000	2022/06/29 
2022/06/30 	45.599998474121094	45.599998474121094	45.099998474121094	45.20000076293945	27000	2022/06/30 
2022/07/01 	46.599998474121094	46.599998474121094	44.79999923706055	44.79999923706055	65000	2022/07/01 
2022/07/04 	45.0	45.0	44.400001525878906	44.70000076293945	27000	2022/07/04 
2022/07/05 	45.20000076293945	45.29999923706055	44.70000076293945	44.95000076293945	80000	2022/07/05 
2022/07/06 	44.95000076293945	44.95000076293945	44.75	44.900001525878906	77000	2022/07/06 
2022/07/07 	41.0	41.79999923706055	40.70000076293945	41.75	60000	2022/07/07 
2022/07/08 	42.0	42.150001525878906	41.599998474121094	42.150001525878906	30000	2022/07/08 
2022/07/11 	42.5	42.54999923706055	40.900001525878906	41.849998474121094	56000	2022/07/11 
2022/07/12 	41.75	41.849998474121094	41.0	41.20000076293945	31000	2022/07/12 
2022/07/13 	41.79999923706055	42.0	41.400001525878906	41.70000076293945	32000	2022/07/13 
2022/07/14 	41.79999923706055	41.849998474121094	41.70000076293945	41.79999923706055	34000	2022/07/14 
2022/07/15 	42.79999923706055	42.79999923706055	42.0	42.400001525878906	35000	2022/07/15 
2022/07/18 	42.45000076293945	42.5	42.20000076293945	42.45000076293945	28001	2022/07/18 
2022/07/19 	42.5	42.5	42.25	42.45000076293945	41000	2022/07/19 
2022/07/20 	42.54999923706055	42.54999923706055	42.20000076293945	42.5	61000	2022/07/20 
2022/07/21 	42.599998474121094	42.599998474121094	42.25	42.5	33000	2022/07/21 
2022/07/22 	42.599998474121094	42.599998474121094	42.25	42.400001525878906	46000	2022/07/22 
2022/07/25 	42.400001525878906	42.5	42.29999923706055	42.5	46000	2022/07/25 
2022/07/26 	42.5	42.54999923706055	42.400001525878906	42.54999923706055	45000	2022/07/26 
2022/07/27 	43.54999923706055	43.54999923706055	42.5	42.599998474121094	43000	2022/07/27 
2022/07/28 	42.599998474121094	42.79999923706055	42.400001525878906	42.650001525878906	70000	2022/07/28 
2022/07/29 	43.400001525878906	43.400001525878906	42.70000076293945	42.79999923706055	42000	2022/07/29 
2022/08/01 	42.849998474121094	43.0	42.70000076293945	42.849998474121094	86000	2022/08/01 
2022/08/02 	42.0	42.70000076293945	42.0	42.599998474121094	75000	2022/08/02 
2022/08/03 	42.95000076293945	42.95000076293945	42.599998474121094	42.79999923706055	50000	2022/08/03 
2022/08/04 	42.70000076293945	42.849998474121094	42.20000076293945	42.20000076293945	59000	2022/08/04 
2022/08/05 	43.29999923706055	43.29999923706055	42.5	42.70000076293945	53000	2022/08/05 
2022/08/08 	42.75	42.75	42.20000076293945	42.54999923706055	32000	2022/08/08 
2022/08/09 	43.79999923706055	43.79999923706055	42.54999923706055	42.79999923706055	46000	2022/08/09 
2022/08/10 	44.099998474121094	45.20000076293945	43.45000076293945	45.20000076293945	155054	2022/08/10 
2022/08/11 	43.599998474121094	43.599998474121094	42.29999923706055	43.04999923706055	141000	2022/08/11 
2022/08/12 	43.20000076293945	43.650001525878906	43.150001525878906	43.45000076293945	50000	2022/08/12 
2022/08/15 	43.45000076293945	44.400001525878906	43.45000076293945	43.75	29000	2022/08/15 
2022/08/16 	43.75	43.79999923706055	43.400001525878906	43.70000076293945	38000	2022/08/16 
2022/08/17 	43.900001525878906	43.95000076293945	43.5	43.5	48000	2022/08/17 
2022/08/18 	43.75	43.79999923706055	43.099998474121094	43.45000076293945	40000	2022/08/18 
2022/08/19 	43.849998474121094	43.849998474121094	43.0	43.45000076293945	30000	2022/08/19 
2022/08/22 	42.79999923706055	43.5	42.79999923706055	43.5	32000	2022/08/22 
2022/08/23 	43.45000076293945	43.54999923706055	43.0	43.45000076293945	42000	2022/08/23 
2022/08/24 	43.45000076293945	43.54999923706055	43.20000076293945	43.400001525878906	33000	2022/08/24 
2022/08/25 	43.45000076293945	43.5	43.150001525878906	43.5	42000	2022/08/25 
2022/08/26 	43.5	43.54999923706055	43.099998474121094	43.54999923706055	69000	2022/08/26 
2022/08/29 	43.0	43.5	43.0	43.150001525878906	79000	2022/08/29 
2022/08/30 	43.150001525878906	43.29999923706055	43.0	43.25	90000	2022/08/30 
2022/08/31 	43.25	43.29999923706055	43.04999923706055	43.25	69025	2022/08/31 
2022/09/01 	42.900001525878906	43.25	42.75	43.0	58000	2022/09/01 
2022/09/02 	43.099998474121094	43.29999923706055	42.75	43.0	67020	2022/09/02 
2022/09/05 	43.0	43.150001525878906	42.650001525878906	42.95000076293945	118020	2022/09/05 
2022/09/06 	43.04999923706055	43.20000076293945	43.0	43.04999923706055	63000	2022/09/06 
2022/09/07 	43.0	43.20000076293945	42.79999923706055	42.95000076293945	34020	2022/09/07 
2022/09/08 	43.25	43.400001525878906	43.099998474121094	43.400001525878906	73020	2022/09/08 
2022/09/12 	43.650001525878906	44.5	43.650001525878906	44.0	61000	2022/09/12 
2022/09/13 	44.0	44.349998474121094	43.900001525878906	44.0	47000	2022/09/13 
2022/09/14 	43.0	44.0	43.0	43.900001525878906	51000	2022/09/14 
2022/09/15 	43.79999923706055	44.0	43.650001525878906	44.0	70000	2022/09/15 
2022/09/16 	43.79999923706055	44.5	43.599998474121094	43.79999923706055	24000	2022/09/16 
2022/09/19 	43.54999923706055	44.29999923706055	43.54999923706055	43.900001525878906	41000	2022/09/19 
2022/09/20 	44.04999923706055	44.20000076293945	43.900001525878906	44.150001525878906	70009	2022/09/20 
2022/09/21 	44.349998474121094	44.400001525878906	43.099998474121094	43.900001525878906	76059	2022/09/21 
2022/09/22 	44.099998474121094	44.150001525878906	43.5	43.900001525878906	56000	2022/09/22 
2022/09/23 	43.900001525878906	44.04999923706055	43.599998474121094	43.849998474121094	46000	2022/09/23 
2022/09/26 	43.849998474121094	43.900001525878906	43.79999923706055	43.79999923706055	38000	2022/09/26 
2022/09/27 	44.0	44.04999923706055	43.5	43.900001525878906	35000	2022/09/27 
2022/09/28 	44.0	44.04999923706055	43.45000076293945	43.79999923706055	35000	2022/09/28 
2022/09/29 	43.79999923706055	45.29999923706055	43.79999923706055	44.5	140000	2022/09/29 
2022/09/30 	44.5	44.599998474121094	44.0	44.150001525878906	54150	2022/09/30 
2022/10/03 	44.349998474121094	44.349998474121094	43.75	44.0	36000	2022/10/03 
2022/10/04 	45.0	45.099998474121094	44.29999923706055	44.599998474121094	68000	2022/10/04 
2022/10/05 	44.599998474121094	44.79999923706055	44.54999923706055	44.75	56000	2022/10/05 
2022/10/06 	44.95000076293945	45.0	44.0	44.599998474121094	99000	2022/10/06 
2022/10/07 	44.79999923706055	45.0	44.349998474121094	44.849998474121094	68000	2022/10/07 
2022/10/11 	44.900001525878906	45.0	44.5	44.95000076293945	101000	2022/10/11 
2022/10/12 	45.0	45.29999923706055	44.650001525878906	45.150001525878906	79000	2022/10/12 
2022/10/13 	45.29999923706055	45.349998474121094	43.54999923706055	44.5	88000	2022/10/13 
2022/10/14 	45.099998474121094	45.20000076293945	44.54999923706055	44.900001525878906	54000	2022/10/14 
2022/10/17 	44.900001525878906	44.900001525878906	44.599998474121094	44.849998474121094	30001	2022/10/17 
2022/10/18 	45.400001525878906	45.45000076293945	44.79999923706055	44.900001525878906	45000	2022/10/18 
2022/10/19 	44.95000076293945	44.95000076293945	44.650001525878906	44.849998474121094	36088	2022/10/19 
2022/10/20 	44.849998474121094	44.849998474121094	44.400001525878906	44.70000076293945	36000	2022/10/20 
2022/10/21 	45.0	45.150001525878906	44.70000076293945	44.95000076293945	43000	2022/10/21 
2022/10/24 	44.95000076293945	45.0	44.5	44.95000076293945	41000	2022/10/24 
2022/10/25 	44.900001525878906	44.900001525878906	44.349998474121094	44.75	41000	2022/10/25 
2022/10/26 	45.0	45.0	44.349998474121094	44.54999923706055	31012	2022/10/26 
2022/10/27 	44.54999923706055	45.04999923706055	44.400001525878906	44.900001525878906	41222	2022/10/27 
2022/10/28 	44.75	44.95000076293945	44.5	44.5	35000	2022/10/28 
2022/10/31 	44.95000076293945	45.5	44.400001525878906	44.45000076293945	52000	2022/10/31 
2022/11/01 	44.849998474121094	44.849998474121094	44.5	44.599998474121094	42000	2022/11/01 
2022/11/02 	44.75	44.900001525878906	44.599998474121094	44.75	59000	2022/11/02 
2022/11/03 	44.900001525878906	44.900001525878906	44.349998474121094	44.5	39000	2022/11/03 
2022/11/04 	44.75	44.95000076293945	44.599998474121094	44.95000076293945	45000	2022/11/04 
2022/11/07 	44.599998474121094	45.29999923706055	44.45000076293945	44.70000076293945	87000	2022/11/07 
2022/11/08 	44.900001525878906	45.0	44.0	44.20000076293945	82067	2022/11/08 
2022/11/09 	44.20000076293945	44.20000076293945	43.5	44.0	40000	2022/11/09 
2022/11/10 	44.400001525878906	45.150001525878906	44.349998474121094	44.95000076293945	84000	2022/11/10 
2022/11/11 	45.099998474121094	45.400001525878906	44.95000076293945	45.0	119000	2022/11/11 
2022/11/14 	45.20000076293945	45.75	45.20000076293945	45.75	180023	2022/11/14 
2022/11/15 	45.75	45.95000076293945	45.54999923706055	45.900001525878906	42000	2022/11/15 
2022/11/16 	46.29999923706055	46.5	45.599998474121094	45.599998474121094	52000	2022/11/16 
2022/11/17 	45.5	45.900001525878906	45.5	45.849998474121094	117000	2022/11/17 
2022/11/18 	45.900001525878906	46.099998474121094	45.599998474121094	46.099998474121094	74013	2022/11/18 
2022/11/21 	46.5	50.70000076293945	46.5	50.70000076293945	643100	2022/11/21 
2022/11/22 	55.70000076293945	55.70000076293945	55.70000076293945	55.70000076293945	516000	2022/11/22 
2022/11/23 	56.0	57.5	53.29999923706055	54.400001525878906	1605000	2022/11/23 
2022/11/24 	54.79999923706055	55.900001525878906	54.099998474121094	55.400001525878906	319045	2022/11/24 
2022/11/25 	56.20000076293945	57.0	52.70000076293945	53.400001525878906	465197	2022/11/25 
2022/11/28 	53.400001525878906	54.5	52.0	52.5	253027	2022/11/28 
2022/11/29 	52.0	53.400001525878906	52.0	52.900001525878906	122000	2022/11/29 
2022/11/30 	53.0	53.400001525878906	52.29999923706055	53.099998474121094	118100	2022/11/30 
2022/12/01 	53.20000076293945	53.70000076293945	51.5	52.400001525878906	220000	2022/12/01 
2022/12/02 	52.70000076293945	54.70000076293945	51.79999923706055	54.5	232000	2022/12/02 
2022/12/05 	55.0	55.0	52.5	52.5	206020	2022/12/05 
2022/12/06 	52.5	53.599998474121094	51.900001525878906	53.400001525878906	144649	2022/12/06 
2022/12/07 	52.29999923706055	53.79999923706055	52.29999923706055	53.400001525878906	122000	2022/12/07 
2022/12/08 	53.29999923706055	58.70000076293945	53.099998474121094	58.20000076293945	988200	2022/12/08 
2022/12/09 	54.099998474121094	54.099998474121094	52.400001525878906	52.400001525878906	898250	2022/12/09 
2022/12/12 	51.5	51.5	47.79999923706055	47.79999923706055	588199	2022/12/12 
2022/12/13 	48.45000076293945	48.79999923706055	48.0	48.400001525878906	213000	2022/12/13 
2022/12/14 	48.25	48.45000076293945	48.0	48.400001525878906	84142	2022/12/14 
2022/12/15 	48.5	48.5	48.150001525878906	48.20000076293945	58000	2022/12/15 
2022/12/16 	48.599998474121094	48.599998474121094	48.04999923706055	48.04999923706055	70043	2022/12/16 
2022/12/19 	48.04999923706055	48.099998474121094	47.20000076293945	48.04999923706055	96000	2022/12/19 
2022/12/20 	47.900001525878906	48.20000076293945	47.099998474121094	47.099998474121094	101020	2022/12/20 
2022/12/21 	47.20000076293945	47.29999923706055	46.45000076293945	46.5	78000	2022/12/21 
2022/12/22 	46.95000076293945	47.20000076293945	46.25	47.04999923706055	66000	2022/12/22 
2022/12/23 	46.54999923706055	47.04999923706055	45.0	46.45000076293945	121010	2022/12/23 
2022/12/26 	46.45000076293945	46.54999923706055	45.95000076293945	46.54999923706055	65000	2022/12/26 
2022/12/27 	46.75	46.75	46.20000076293945	46.650001525878906	42000	2022/12/27 
2022/12/28 	46.79999923706055	46.849998474121094	46.25	46.54999923706055	40072	2022/12/28 
2022/12/29 	46.79999923706055	46.79999923706055	45.95000076293945	46.099998474121094	43060	2022/12/29 
2022/12/30 	46.400001525878906	46.45000076293945	46.150001525878906	46.25	47186	2022/12/30 
2023/01/03 	45.849998474121094	46.29999923706055	45.5	46.099998474121094	110000	2023/01/03 
2023/01/04 	46.150001525878906	46.25	45.599998474121094	45.900001525878906	69020	2023/01/04 
2023/01/05 	46.0	46.20000076293945	45.900001525878906	46.20000076293945	64000	2023/01/05 
2023/01/06 	46.099998474121094	48.349998474121094	46.099998474121094	48.150001525878906	169000	2023/01/06 
2023/01/09 	48.79999923706055	48.79999923706055	47.54999923706055	48.150001525878906	92113	2023/01/09 
2023/01/10 	48.150001525878906	48.20000076293945	47.70000076293945	48.0	47000	2023/01/10 
2023/01/11 	47.79999923706055	48.0	45.79999923706055	45.95000076293945	310116	2023/01/11 
2023/01/12 	45.95000076293945	46.400001525878906	45.79999923706055	46.20000076293945	67000	2023/01/12 
2023/01/13 	46.599998474121094	46.650001525878906	46.29999923706055	46.45000076293945	49000	2023/01/13 
2023/01/16 	46.400001525878906	46.5	46.400001525878906	46.45000076293945	33000	2023/01/16 
2023/01/17 	46.54999923706055	46.599998474121094	46.150001525878906	46.45000076293945	38005	2023/01/17 
2023/01/30 	47.099998474121094	47.099998474121094	46.650001525878906	47.099998474121094	55010	2023/01/30 
2023/01/31 	47.099998474121094	48.20000076293945	47.099998474121094	47.900001525878906	101000	2023/01/31 
2023/02/01 	47.900001525878906	48.70000076293945	47.900001525878906	48.70000076293945	126000	2023/02/01 
2023/02/02 	48.900001525878906	48.900001525878906	48.599998474121094	48.900001525878906	76000	2023/02/02 
2023/02/03 	48.150001525878906	48.650001525878906	48.150001525878906	48.650001525878906	80000	2023/02/03 
2023/02/06 	48.29999923706055	48.599998474121094	48.099998474121094	48.150001525878906	70000	2023/02/06 
2023/02/07 	48.29999923706055	48.400001525878906	47.650001525878906	48.04999923706055	116001	2023/02/07 
2023/02/08 	48.54999923706055	48.599998474121094	47.5	48.04999923706055	46000	2023/02/08 
2023/02/09 	48.400001525878906	48.400001525878906	47.650001525878906	48.20000076293945	59000	2023/02/09 
2023/02/10 	48.5	48.599998474121094	48.20000076293945	48.25	75000	2023/02/10 
2023/02/13 	47.75	48.0	46.25	46.54999923706055	206000	2023/02/13 
2023/02/14 	47.20000076293945	47.20000076293945	46.54999923706055	47.150001525878906	33000	2023/02/14 
2023/02/15 	47.150001525878906	47.45000076293945	47.0	47.150001525878906	108050	2023/02/15 
2023/02/16 	47.349998474121094	47.5	47.150001525878906	47.25	46020	2023/02/16 
2023/02/17 	47.5	47.5	47.04999923706055	47.25	50000	2023/02/17 
2023/02/20 	47.95000076293945	48.400001525878906	47.95000076293945	47.95000076293945	70000	2023/02/20 
2023/02/21 	48.400001525878906	48.400001525878906	47.95000076293945	48.04999923706055	41000	2023/02/21 
2023/02/22 	47.95000076293945	48.0	47.650001525878906	47.650001525878906	49000	2023/02/22 
2023/02/23 	47.900001525878906	47.95000076293945	47.849998474121094	47.900001525878906	44000	2023/02/23 
2023/02/24 	48.0	48.099998474121094	47.650001525878906	47.650001525878906	45000	2023/02/24 
2023/03/01 	47.849998474121094	47.849998474121094	47.349998474121094	47.650001525878906	71006	2023/03/01 
2023/03/02 	47.79999923706055	47.849998474121094	47.45000076293945	47.79999923706055	68020	2023/03/02 
2023/03/03 	48.099998474121094	48.099998474121094	47.75	47.900001525878906	42000	2023/03/03 
2023/03/06 	47.900001525878906	48.75	47.900001525878906	48.5	78000	2023/03/06 
2023/03/07 	48.70000076293945	49.099998474121094	48.54999923706055	48.599998474121094	60000	2023/03/07 
2023/03/08 	49.0	49.0	48.599998474121094	48.900001525878906	69012	2023/03/08 
2023/03/09 	49.0	50.0	49.0	49.900001525878906	136000	2023/03/09 
2023/03/10 	49.79999923706055	49.900001525878906	49.29999923706055	49.900001525878906	95000	2023/03/10 
2023/03/13 	49.349998474121094	49.849998474121094	47.5	49.5	84116	2023/03/13 
2023/03/14 	49.5	49.5	48.79999923706055	49.04999923706055	34000	2023/03/14 
2023/03/15 	49.45000076293945	49.54999923706055	48.900001525878906	49.099998474121094	43000	2023/03/15 
2023/03/16 	49.20000076293945	49.20000076293945	48.5	48.95000076293945	67000	2023/03/16 
2023/03/17 	49.0	49.849998474121094	48.54999923706055	49.75	64000	2023/03/17 
2023/03/20 	49.900001525878906	49.900001525878906	49.099998474121094	49.599998474121094	54080	2023/03/20 
2023/03/21 	49.79999923706055	50.599998474121094	49.54999923706055	50.5	95000	2023/03/21 
2023/03/22 	50.5	50.70000076293945	50.0	50.5	60000	2023/03/22 
2023/03/23 	50.79999923706055	53.900001525878906	50.79999923706055	51.599998474121094	393007	2023/03/23 
2023/03/24 	51.900001525878906	51.900001525878906	50.900001525878906	51.0	86100	2023/03/24 
2023/03/27 	51.400001525878906	51.400001525878906	50.5	50.79999923706055	108000	2023/03/27 
2023/03/28 	51.0	51.70000076293945	50.900001525878906	51.20000076293945	75000	2023/03/28 
2023/03/29 	52.0	53.79999923706055	51.5	53.29999923706055	291000	2023/03/29 
2023/03/30 	53.599998474121094	53.599998474121094	52.70000076293945	52.70000076293945	94000	2023/03/30 
2023/03/31 	53.099998474121094	53.599998474121094	52.5	53.5	122000	2023/03/31 
2023/04/06 	53.79999923706055	56.70000076293945	53.599998474121094	53.900001525878906	454000	2023/04/06 
2023/04/07 	53.900001525878906	54.0	52.79999923706055	53.0	146000	2023/04/07 
