Date	Open	High	Low	Close	Volume	Date
2021/04/22 	92.0999984741211	95.0	79.19999694824219	79.9000015258789	8289500	2021/04/22 
2021/04/23 	76.80000305175781	76.80000305175781	72.0999984741211	74.30000305175781	2131300	2021/04/23 
2021/04/26 	75.0	78.0	75.0	76.9000015258789	1159540	2021/04/26 
2021/04/27 	77.0999984741211	77.5	75.80000305175781	75.80000305175781	592200	2021/04/27 
2021/04/28 	75.30000305175781	75.30000305175781	73.69999694824219	74.5999984741211	881300	2021/04/28 
2021/04/29 	74.5999984741211	75.19999694824219	73.5	74.4000015258789	357300	2021/04/29 
2021/05/03 	74.0	74.0	69.5	70.0	1010000	2021/05/03 
2021/05/04 	70.4000015258789	71.19999694824219	68.5	70.0	649203	2021/05/04 
2021/05/05 	70.0	75.0999984741211	69.5999984741211	74.0999984741211	579161	2021/05/05 
2021/05/06 	73.80000305175781	74.80000305175781	73.0999984741211	74.0999984741211	343000	2021/05/06 
2021/05/07 	74.0	74.0	73.0	73.30000305175781	275000	2021/05/07 
2021/05/10 	73.30000305175781	73.30000305175781	71.30000305175781	73.0	228000	2021/05/10 
2021/05/11 	72.9000015258789	72.9000015258789	69.5	69.69999694824219	291004	2021/05/11 
2021/05/12 	73.0	73.69999694824219	68.80000305175781	71.0999984741211	1054030	2021/05/12 
2021/05/13 	70.30000305175781	71.0	68.5	69.80000305175781	229050	2021/05/13 
2021/05/14 	69.9000015258789	70.69999694824219	69.5	70.0	247000	2021/05/14 
2021/05/17 	67.0999984741211	68.0	63.0	63.0	1062366	2021/05/17 
2021/05/18 	63.0	65.5	63.0	65.30000305175781	315000	2021/05/18 
2021/05/19 	65.0	65.0	63.29999923706055	64.80000305175781	284002	2021/05/19 
2021/05/20 	64.5	64.5	63.29999923706055	64.0	335000	2021/05/20 
2021/05/21 	64.5	65.4000015258789	64.4000015258789	65.30000305175781	314002	2021/05/21 
2021/05/24 	64.69999694824219	67.69999694824219	64.5	67.0	228000	2021/05/24 
2021/05/25 	67.0	73.69999694824219	67.0	73.69999694824219	1360353	2021/05/25 
2021/05/26 	73.4000015258789	73.9000015258789	72.0	73.0	364187	2021/05/26 
2021/05/27 	73.80000305175781	75.4000015258789	72.5999984741211	74.4000015258789	391000	2021/05/27 
2021/05/28 	74.4000015258789	76.80000305175781	73.69999694824219	74.5999984741211	391003	2021/05/28 
2021/05/31 	74.80000305175781	76.5	74.30000305175781	75.0999984741211	478000	2021/05/31 
2021/06/01 	75.0999984741211	75.69999694824219	74.30000305175781	74.9000015258789	167014	2021/06/01 
2021/06/02 	74.9000015258789	74.9000015258789	72.0999984741211	72.5	396136	2021/06/02 
2021/06/03 	72.4000015258789	73.5999984741211	72.4000015258789	72.5	95030	2021/06/03 
2021/06/04 	72.5	73.0	72.0999984741211	72.9000015258789	105119	2021/06/04 
2021/06/07 	72.9000015258789	72.9000015258789	71.5	72.0999984741211	114055	2021/06/07 
2021/06/08 	72.4000015258789	72.4000015258789	71.69999694824219	72.30000305175781	41105	2021/06/08 
2021/06/09 	71.80000305175781	72.0	71.4000015258789	71.4000015258789	99000	2021/06/09 
2021/06/10 	72.0	72.0	71.19999694824219	71.19999694824219	50161	2021/06/10 
2021/06/11 	71.5	71.5999984741211	70.5	71.0	65000	2021/06/11 
2021/06/15 	71.0	71.0	70.0	70.5	87055	2021/06/15 
2021/06/16 	70.19999694824219	71.0	70.0	70.5	45196	2021/06/16 
2021/06/17 	70.0999984741211	73.5	70.0	73.0	166200	2021/06/17 
2021/06/18 	72.5999984741211	72.5999984741211	71.4000015258789	71.80000305175781	172311	2021/06/18 
2021/06/21 	71.5	71.80000305175781	70.30000305175781	71.5999984741211	460100	2021/06/21 
2021/06/22 	71.9000015258789	72.0	71.4000015258789	71.5999984741211	31000	2021/06/22 
2021/06/23 	71.5999984741211	71.80000305175781	71.4000015258789	71.69999694824219	38000	2021/06/23 
2021/06/24 	71.69999694824219	71.80000305175781	71.0999984741211	71.19999694824219	103000	2021/06/24 
2021/06/25 	72.0	72.69999694824219	71.69999694824219	72.5	210000	2021/06/25 
2021/06/28 	73.0999984741211	74.9000015258789	73.0999984741211	74.9000015258789	657020	2021/06/28 
2021/06/29 	74.9000015258789	75.0	74.0	74.5	276000	2021/06/29 
2021/06/30 	74.80000305175781	77.5	74.5999984741211	76.0	682391	2021/06/30 
2021/07/01 	76.0999984741211	77.5	73.0999984741211	75.5	574000	2021/07/01 
2021/07/02 	76.0	76.5999984741211	75.0999984741211	75.5	314000	2021/07/02 
2021/07/05 	76.0	76.0	74.80000305175781	75.19999694824219	273000	2021/07/05 
2021/07/06 	75.19999694824219	75.19999694824219	74.30000305175781	74.30000305175781	155003	2021/07/06 
2021/07/07 	74.30000305175781	74.69999694824219	73.80000305175781	74.0	184000	2021/07/07 
2021/07/08 	74.0999984741211	74.0999984741211	72.9000015258789	73.0999984741211	262028	2021/07/08 
2021/07/09 	73.0	73.0	71.5	71.69999694824219	397000	2021/07/09 
2021/07/12 	71.5999984741211	72.4000015258789	71.4000015258789	72.0999984741211	339000	2021/07/12 
2021/07/13 	72.19999694824219	74.5999984741211	72.19999694824219	73.80000305175781	443000	2021/07/13 
2021/07/14 	73.80000305175781	74.30000305175781	73.5999984741211	73.9000015258789	251204	2021/07/14 
2021/07/15 	74.19999694824219	76.0	74.19999694824219	75.19999694824219	384000	2021/07/15 
2021/07/16 	75.19999694824219	75.30000305175781	74.19999694824219	74.80000305175781	247100	2021/07/16 
2021/07/19 	74.0	74.5	73.4000015258789	73.9000015258789	191004	2021/07/19 
2021/07/20 	72.9000015258789	74.9000015258789	72.9000015258789	74.69999694824219	222000	2021/07/20 
2021/07/21 	74.30000305175781	76.4000015258789	74.30000305175781	75.5	503000	2021/07/21 
2021/07/22 	75.80000305175781	75.80000305175781	74.0	74.0	178000	2021/07/22 
2021/07/23 	74.30000305175781	74.30000305175781	72.80000305175781	72.9000015258789	207000	2021/07/23 
2021/07/26 	73.19999694824219	73.5	73.0	73.0999984741211	103000	2021/07/26 
2021/07/27 	72.9000015258789	73.0999984741211	72.0	72.5999984741211	126300	2021/07/27 
2021/07/28 	72.5	72.5	71.0	71.80000305175781	168003	2021/07/28 
2021/07/29 	71.5999984741211	72.0999984741211	71.5999984741211	72.0999984741211	68000	2021/07/29 
2021/07/30 	71.80000305175781	72.19999694824219	71.80000305175781	72.0	75001	2021/07/30 
2021/08/02 	72.0	72.69999694824219	71.9000015258789	72.69999694824219	60000	2021/08/02 
2021/08/03 	72.30000305175781	73.0	72.30000305175781	72.5999984741211	96000	2021/08/03 
2021/08/04 	72.5999984741211	72.80000305175781	71.80000305175781	71.80000305175781	85000	2021/08/04 
2021/08/05 	72.0999984741211	72.0999984741211	71.5999984741211	71.69999694824219	33000	2021/08/05 
2021/08/06 	71.69999694824219	71.69999694824219	70.5	71.5999984741211	225000	2021/08/06 
2021/08/09 	71.19999694824219	71.19999694824219	70.4000015258789	70.4000015258789	94000	2021/08/09 
2021/08/10 	71.0	71.0	69.5	69.69999694824219	315001	2021/08/10 
2021/08/11 	69.69999694824219	70.9000015258789	69.5	69.80000305175781	343000	2021/08/11 
2021/08/12 	70.0999984741211	70.5	69.5999984741211	70.5	39000	2021/08/12 
2021/08/13 	69.80000305175781	70.80000305175781	69.80000305175781	70.0	172001	2021/08/13 
2021/08/16 	69.80000305175781	69.80000305175781	67.69999694824219	68.0	145183	2021/08/16 
2021/08/17 	66.0999984741211	66.0999984741211	64.19999694824219	64.19999694824219	96204	2021/08/17 
2021/08/18 	64.5	65.19999694824219	63.400001525878906	65.0	67000	2021/08/18 
2021/08/19 	64.69999694824219	64.69999694824219	62.70000076293945	63.20000076293945	91001	2021/08/19 
2021/08/20 	63.20000076293945	63.20000076293945	62.599998474121094	63.099998474121094	41000	2021/08/20 
2021/08/23 	63.099998474121094	65.0	63.0	64.0	67000	2021/08/23 
2021/08/24 	64.30000305175781	66.0999984741211	64.30000305175781	64.5	21000	2021/08/24 
2021/08/25 	65.5	66.9000015258789	65.5	66.5999984741211	181020	2021/08/25 
2021/08/26 	66.4000015258789	66.5	66.0	66.0999984741211	33000	2021/08/26 
2021/08/27 	65.80000305175781	66.0	65.80000305175781	65.80000305175781	33000	2021/08/27 
2021/08/30 	66.0	68.0999984741211	65.9000015258789	68.0999984741211	133000	2021/08/30 
2021/08/31 	67.69999694824219	68.0999984741211	67.19999694824219	68.0	54000	2021/08/31 
2021/09/01 	68.0	69.0999984741211	67.80000305175781	69.0999984741211	144000	2021/09/01 
2021/09/02 	68.9000015258789	68.9000015258789	67.9000015258789	67.9000015258789	77000	2021/09/02 
2021/09/03 	68.19999694824219	69.0999984741211	68.19999694824219	68.4000015258789	65000	2021/09/03 
2021/09/06 	68.4000015258789	68.5	67.30000305175781	68.19999694824219	88000	2021/09/06 
2021/09/07 	68.4000015258789	68.4000015258789	66.0999984741211	66.80000305175781	79000	2021/09/07 
2021/09/08 	66.80000305175781	67.0	66.4000015258789	66.4000015258789	38000	2021/09/08 
2021/09/09 	66.4000015258789	68.0	66.4000015258789	67.4000015258789	44050	2021/09/09 
2021/09/10 	67.30000305175781	67.9000015258789	67.19999694824219	67.9000015258789	34000	2021/09/10 
2021/09/13 	67.69999694824219	68.30000305175781	67.69999694824219	68.19999694824219	22000	2021/09/13 
2021/09/14 	68.5	69.19999694824219	68.4000015258789	68.5999984741211	84000	2021/09/14 
2021/09/15 	69.0	69.9000015258789	68.69999694824219	69.69999694824219	117007	2021/09/15 
2021/09/16 	69.5999984741211	69.5999984741211	68.0999984741211	69.19999694824219	59000	2021/09/16 
2021/09/17 	68.30000305175781	69.5999984741211	68.30000305175781	69.5999984741211	42000	2021/09/17 
2021/09/22 	68.5	69.0	68.30000305175781	68.80000305175781	57001	2021/09/22 
2021/09/23 	68.69999694824219	69.0	68.5	68.9000015258789	133000	2021/09/23 
2021/09/24 	69.19999694824219	69.5999984741211	69.0	69.4000015258789	88000	2021/09/24 
2021/09/27 	69.69999694824219	70.0	69.30000305175781	70.0	72000	2021/09/27 
2021/09/28 	70.19999694824219	70.9000015258789	70.19999694824219	70.5	136000	2021/09/28 
2021/09/29 	70.5	70.69999694824219	69.5999984741211	69.5999984741211	126000	2021/09/29 
2021/09/30 	69.30000305175781	70.0	69.30000305175781	70.0	30000	2021/09/30 
2021/10/01 	69.5999984741211	70.0	69.0999984741211	69.5	78045	2021/10/01 
2021/10/04 	70.0	70.0	69.0	69.4000015258789	164000	2021/10/04 
2021/10/05 	69.4000015258789	69.9000015258789	68.9000015258789	69.80000305175781	66000	2021/10/05 
2021/10/06 	70.30000305175781	70.4000015258789	69.9000015258789	70.0	197000	2021/10/06 
2021/10/07 	70.0999984741211	70.5999984741211	70.0999984741211	70.30000305175781	104000	2021/10/07 
2021/10/08 	70.5	70.5999984741211	70.0	70.0	106000	2021/10/08 
2021/10/12 	70.0	70.4000015258789	69.5	70.19999694824219	67000	2021/10/12 
2021/10/13 	70.19999694824219	70.4000015258789	69.0999984741211	69.5	30004	2021/10/13 
2021/10/14 	69.5	70.0999984741211	69.19999694824219	69.9000015258789	52000	2021/10/14 
2021/10/15 	70.5	70.5	69.80000305175781	70.19999694824219	52000	2021/10/15 
2021/10/18 	69.69999694824219	70.19999694824219	69.69999694824219	70.19999694824219	29000	2021/10/18 
2021/10/19 	70.5	73.5	70.4000015258789	72.9000015258789	206000	2021/10/19 
2021/10/20 	73.0	74.5	73.0	74.19999694824219	158028	2021/10/20 
2021/10/21 	74.19999694824219	74.5999984741211	73.80000305175781	74.0	158000	2021/10/21 
2021/10/22 	73.80000305175781	74.0	73.30000305175781	73.9000015258789	124001	2021/10/22 
2021/10/25 	73.9000015258789	74.0	73.5999984741211	73.9000015258789	45050	2021/10/25 
2021/10/26 	73.5999984741211	74.0	73.5999984741211	73.80000305175781	139000	2021/10/26 
2021/10/27 	73.80000305175781	73.80000305175781	72.19999694824219	73.0999984741211	89000	2021/10/27 
2021/10/28 	73.0999984741211	73.80000305175781	72.80000305175781	72.80000305175781	49000	2021/10/28 
2021/10/29 	72.80000305175781	74.0	72.4000015258789	73.19999694824219	169000	2021/10/29 
2021/11/01 	74.0	74.19999694824219	73.5	73.9000015258789	125000	2021/11/01 
2021/11/02 	74.5	75.5	74.0999984741211	74.4000015258789	281000	2021/11/02 
2021/11/03 	74.4000015258789	74.80000305175781	73.5	74.5	262000	2021/11/03 
2021/11/04 	74.69999694824219	74.9000015258789	74.30000305175781	74.30000305175781	253000	2021/11/04 
2021/11/05 	74.30000305175781	74.30000305175781	73.5	73.5999984741211	71000	2021/11/05 
2021/11/08 	73.9000015258789	73.9000015258789	73.0	73.69999694824219	43002	2021/11/08 
2021/11/09 	73.5999984741211	73.5999984741211	73.0999984741211	73.5999984741211	31000	2021/11/09 
2021/11/10 	73.5999984741211	73.5999984741211	73.0999984741211	73.4000015258789	109000	2021/11/10 
2021/11/11 	73.30000305175781	74.80000305175781	72.9000015258789	74.0	701066	2021/11/11 
2021/11/12 	74.0	74.0999984741211	73.0	73.0	125000	2021/11/12 
2021/11/15 	73.4000015258789	73.4000015258789	70.5999984741211	71.0	289001	2021/11/15 
2021/11/16 	70.30000305175781	71.30000305175781	70.0999984741211	70.0999984741211	165000	2021/11/16 
2021/11/17 	70.69999694824219	71.69999694824219	70.19999694824219	71.19999694824219	92048	2021/11/17 
2021/11/18 	71.0999984741211	71.5999984741211	70.30000305175781	70.5	157000	2021/11/18 
2021/11/19 	70.5	70.69999694824219	68.5999984741211	69.5	247000	2021/11/19 
2021/11/22 	69.30000305175781	69.69999694824219	69.0999984741211	69.19999694824219	48006	2021/11/22 
2021/11/23 	68.9000015258789	69.5	68.80000305175781	69.0	90000	2021/11/23 
2021/11/24 	69.0	69.0	68.5	68.9000015258789	56028	2021/11/24 
2021/11/25 	69.5	69.9000015258789	69.5	69.80000305175781	18000	2021/11/25 
2021/11/26 	69.80000305175781	70.0	68.5999984741211	68.5999984741211	93000	2021/11/26 
2021/11/29 	68.5999984741211	68.80000305175781	68.0	68.4000015258789	45000	2021/11/29 
2021/11/30 	68.69999694824219	69.0	65.5	65.5	294008	2021/11/30 
2021/12/01 	66.30000305175781	66.69999694824219	65.5	66.4000015258789	155000	2021/12/01 
2021/12/02 	66.30000305175781	66.4000015258789	64.30000305175781	65.5	271008	2021/12/02 
2021/12/03 	65.4000015258789	65.9000015258789	65.0	65.30000305175781	167000	2021/12/03 
2021/12/06 	66.19999694824219	66.19999694824219	65.0	65.5999984741211	106000	2021/12/06 
2021/12/07 	65.30000305175781	65.4000015258789	65.0999984741211	65.0999984741211	259000	2021/12/07 
2021/12/08 	65.30000305175781	67.80000305175781	65.0999984741211	66.80000305175781	466000	2021/12/08 
2021/12/09 	67.19999694824219	68.0999984741211	66.69999694824219	66.69999694824219	197000	2021/12/09 
2021/12/10 	66.5999984741211	66.69999694824219	66.0	66.5	118000	2021/12/10 
2021/12/13 	66.5999984741211	66.9000015258789	66.4000015258789	66.4000015258789	51000	2021/12/13 
2021/12/14 	66.4000015258789	66.4000015258789	65.4000015258789	65.5999984741211	112000	2021/12/14 
2021/12/15 	65.69999694824219	66.5	65.69999694824219	65.80000305175781	69000	2021/12/15 
2021/12/16 	66.30000305175781	66.5999984741211	66.0999984741211	66.0999984741211	29000	2021/12/16 
2021/12/17 	66.5	66.80000305175781	66.19999694824219	66.5	48000	2021/12/17 
2021/12/20 	66.0999984741211	66.69999694824219	66.0999984741211	66.30000305175781	67000	2021/12/20 
2021/12/21 	66.5	67.30000305175781	66.5	67.0999984741211	41000	2021/12/21 
2021/12/22 	67.0999984741211	67.0999984741211	66.5999984741211	66.9000015258789	60000	2021/12/22 
2021/12/23 	66.5	66.69999694824219	66.5	66.69999694824219	30000	2021/12/23 
2021/12/24 	66.5999984741211	67.0	66.5	66.5	42000	2021/12/24 
2021/12/27 	66.5	67.0999984741211	66.4000015258789	66.9000015258789	38000	2021/12/27 
2021/12/28 	67.0	67.0	66.80000305175781	66.9000015258789	35000	2021/12/28 
2021/12/29 	67.0	67.0999984741211	66.5999984741211	66.69999694824219	54000	2021/12/29 
2021/12/30 	67.19999694824219	68.80000305175781	66.30000305175781	67.5999984741211	400000	2021/12/30 
2022/01/03 	68.5	68.5	67.69999694824219	68.0999984741211	159000	2022/01/03 
2022/01/04 	68.0999984741211	68.5	67.69999694824219	68.19999694824219	48000	2022/01/04 
2022/01/05 	68.19999694824219	70.80000305175781	68.19999694824219	70.19999694824219	232000	2022/01/05 
2022/01/06 	70.5999984741211	71.0	70.19999694824219	70.80000305175781	157000	2022/01/06 
2022/01/07 	70.5	70.5	69.0	69.80000305175781	101000	2022/01/07 
2022/01/10 	70.0	70.30000305175781	69.0999984741211	69.9000015258789	102000	2022/01/10 
2022/01/11 	69.9000015258789	70.5	68.9000015258789	68.9000015258789	154000	2022/01/11 
2022/01/12 	68.80000305175781	69.80000305175781	68.5	69.30000305175781	71000	2022/01/12 
2022/01/13 	69.5	70.30000305175781	69.4000015258789	70.0	50000	2022/01/13 
2022/01/14 	69.5999984741211	70.0	68.80000305175781	69.5	83000	2022/01/14 
2022/01/17 	69.5999984741211	69.80000305175781	68.9000015258789	68.9000015258789	64000	2022/01/17 
2022/01/18 	69.0	70.0	69.0	69.5	97010	2022/01/18 
2022/01/19 	69.5	69.69999694824219	68.5999984741211	69.30000305175781	58000	2022/01/19 
2022/01/20 	69.30000305175781	69.80000305175781	69.19999694824219	69.80000305175781	56000	2022/01/20 
2022/01/21 	69.69999694824219	71.19999694824219	69.0999984741211	69.19999694824219	97000	2022/01/21 
2022/01/24 	68.5	69.19999694824219	68.30000305175781	68.9000015258789	74000	2022/01/24 
2022/01/25 	68.0999984741211	68.69999694824219	68.0999984741211	68.5	60000	2022/01/25 
2022/01/26 	68.80000305175781	68.80000305175781	68.0	68.0999984741211	53000	2022/01/26 
2022/02/07 	68.0999984741211	69.30000305175781	68.0	69.30000305175781	34000	2022/02/07 
2022/02/08 	69.0999984741211	70.0	69.0	69.9000015258789	114000	2022/02/08 
2022/02/09 	69.9000015258789	70.30000305175781	69.5999984741211	70.30000305175781	129000	2022/02/09 
2022/02/10 	70.5	70.5999984741211	70.0999984741211	70.19999694824219	40000	2022/02/10 
2022/02/11 	70.0	70.5999984741211	69.9000015258789	69.9000015258789	97000	2022/02/11 
2022/02/14 	69.0	70.0	69.0	69.5999984741211	80000	2022/02/14 
2022/02/15 	69.5999984741211	69.5999984741211	69.0	69.5	46000	2022/02/15 
2022/02/16 	69.5	70.5	69.5	70.5	56000	2022/02/16 
2022/02/17 	70.5	71.0	69.80000305175781	70.30000305175781	56000	2022/02/17 
2022/02/18 	70.30000305175781	70.80000305175781	69.9000015258789	70.5	49000	2022/02/18 
2022/02/21 	70.5	70.5999984741211	70.30000305175781	70.4000015258789	99000	2022/02/21 
2022/02/22 	70.0	70.30000305175781	69.19999694824219	69.4000015258789	109000	2022/02/22 
2022/02/23 	69.69999694824219	70.69999694824219	69.69999694824219	70.0	47000	2022/02/23 
2022/02/24 	70.0	70.0	68.80000305175781	68.80000305175781	144000	2022/02/24 
2022/02/25 	68.5999984741211	69.69999694824219	68.5999984741211	69.69999694824219	25000	2022/02/25 
2022/03/01 	69.5	71.0	69.5	70.19999694824219	82000	2022/03/01 
2022/03/02 	70.5999984741211	71.69999694824219	70.30000305175781	71.69999694824219	259000	2022/03/02 
2022/03/03 	71.9000015258789	74.0999984741211	71.9000015258789	73.5	490000	2022/03/03 
2022/03/04 	73.0	73.0	71.80000305175781	72.0999984741211	142000	2022/03/04 
2022/03/07 	71.5	71.5	69.0999984741211	69.5	205000	2022/03/07 
2022/03/08 	66.5999984741211	69.80000305175781	66.5999984741211	68.80000305175781	130000	2022/03/08 
2022/03/09 	68.80000305175781	69.30000305175781	68.69999694824219	69.19999694824219	52000	2022/03/09 
2022/03/10 	69.0	70.0	69.0	69.9000015258789	31000	2022/03/10 
2022/03/11 	69.5999984741211	70.5	68.80000305175781	68.80000305175781	147000	2022/03/11 
2022/03/14 	68.80000305175781	69.0	68.0999984741211	68.9000015258789	110000	2022/03/14 
2022/03/15 	68.69999694824219	68.69999694824219	67.30000305175781	67.30000305175781	118001	2022/03/15 
2022/03/16 	68.30000305175781	68.69999694824219	67.5999984741211	68.69999694824219	71000	2022/03/16 
2022/03/17 	69.0	70.5	69.0	70.4000015258789	118000	2022/03/17 
2022/03/18 	70.0999984741211	70.80000305175781	70.0	70.0	27000	2022/03/18 
2022/03/21 	70.0	70.5999984741211	70.0	70.30000305175781	39000	2022/03/21 
2022/03/22 	70.30000305175781	71.19999694824219	70.30000305175781	70.30000305175781	169000	2022/03/22 
2022/03/23 	70.80000305175781	71.0	70.30000305175781	70.4000015258789	121000	2022/03/23 
2022/03/24 	70.30000305175781	70.5	70.19999694824219	70.4000015258789	88000	2022/03/24 
2022/03/25 	70.5	70.5	70.0	70.30000305175781	166000	2022/03/25 
2022/03/28 	70.19999694824219	70.19999694824219	69.5	69.69999694824219	96000	2022/03/28 
2022/03/29 	69.69999694824219	69.69999694824219	69.4000015258789	69.5	87000	2022/03/29 
2022/03/30 	69.5	69.5999984741211	69.30000305175781	69.5	158000	2022/03/30 
2022/03/31 	69.69999694824219	69.69999694824219	69.4000015258789	69.5	51000	2022/03/31 
2022/04/01 	69.5	69.5999984741211	69.0999984741211	69.30000305175781	58000	2022/04/01 
2022/04/06 	69.80000305175781	69.9000015258789	69.30000305175781	69.5999984741211	17000	2022/04/06 
2022/04/07 	69.5999984741211	69.5999984741211	68.5999984741211	68.5999984741211	131000	2022/04/07 
2022/04/08 	68.80000305175781	69.0	68.69999694824219	68.9000015258789	20000	2022/04/08 
2022/04/11 	69.5	69.5	68.4000015258789	68.5	135001	2022/04/11 
2022/04/12 	68.80000305175781	68.9000015258789	68.5	68.9000015258789	11000	2022/04/12 
2022/04/13 	68.9000015258789	70.4000015258789	68.9000015258789	70.19999694824219	183005	2022/04/13 
2022/04/14 	70.19999694824219	70.69999694824219	69.5999984741211	70.69999694824219	94000	2022/04/14 
2022/04/15 	70.5	70.5	69.80000305175781	70.0	79033	2022/04/15 
2022/04/18 	71.0	74.5	71.0	71.5	375014	2022/04/18 
2022/04/19 	72.30000305175781	72.80000305175781	71.4000015258789	71.5	84000	2022/04/19 
2022/04/20 	71.5999984741211	72.0999984741211	71.5	71.69999694824219	131000	2022/04/20 
2022/04/21 	72.19999694824219	73.5	72.19999694824219	72.69999694824219	78000	2022/04/21 
2022/04/22 	73.0	73.0	72.19999694824219	72.5999984741211	91000	2022/04/22 
2022/04/25 	71.0999984741211	72.9000015258789	71.0999984741211	72.5	173000	2022/04/25 
2022/04/26 	72.0999984741211	73.4000015258789	72.0999984741211	73.30000305175781	199000	2022/04/26 
2022/04/27 	72.0999984741211	72.80000305175781	71.5	72.19999694824219	113000	2022/04/27 
2022/04/28 	72.5999984741211	72.5999984741211	71.5	72.0999984741211	74000	2022/04/28 
2022/04/29 	71.4000015258789	72.5	71.4000015258789	72.19999694824219	55000	2022/04/29 
2022/05/03 	72.30000305175781	72.80000305175781	72.30000305175781	72.4000015258789	50000	2022/05/03 
2022/05/04 	72.69999694824219	73.19999694824219	72.5	73.0	319000	2022/05/04 
2022/05/05 	73.69999694824219	73.80000305175781	72.80000305175781	73.0	107059	2022/05/05 
2022/05/06 	71.5	73.0	71.5	72.5999984741211	50000	2022/05/06 
2022/05/09 	72.30000305175781	72.30000305175781	71.30000305175781	71.4000015258789	83000	2022/05/09 
2022/05/10 	70.5	71.4000015258789	69.80000305175781	70.80000305175781	69000	2022/05/10 
2022/05/11 	70.80000305175781	71.0	70.80000305175781	70.9000015258789	6000	2022/05/11 
2022/05/12 	70.19999694824219	70.4000015258789	69.5999984741211	70.0	62000	2022/05/12 
2022/05/13 	71.0999984741211	71.0999984741211	70.0999984741211	71.0	46000	2022/05/13 
2022/05/16 	71.19999694824219	72.0	71.19999694824219	72.0	55009	2022/05/16 
2022/05/17 	72.5999984741211	72.5999984741211	71.69999694824219	72.0	40000	2022/05/17 
2022/05/18 	71.69999694824219	72.5999984741211	71.69999694824219	72.30000305175781	103000	2022/05/18 
2022/05/19 	72.0	72.30000305175781	71.19999694824219	72.0	106000	2022/05/19 
2022/05/20 	72.0	72.30000305175781	71.80000305175781	72.0	69000	2022/05/20 
2022/05/23 	72.0	72.0	71.9000015258789	72.0	37000	2022/05/23 
2022/05/24 	72.0	72.0	71.5	71.80000305175781	118000	2022/05/24 
2022/05/25 	72.0	72.0	71.5999984741211	71.5999984741211	45000	2022/05/25 
2022/05/26 	71.80000305175781	72.0	71.30000305175781	71.30000305175781	62000	2022/05/26 
2022/05/27 	72.0	72.0	71.4000015258789	72.0	20000	2022/05/27 
2022/05/30 	72.0	72.5	71.9000015258789	72.0	87000	2022/05/30 
2022/05/31 	71.9000015258789	72.5	71.80000305175781	72.5	58000	2022/05/31 
2022/06/01 	72.5	73.80000305175781	72.5	73.0	136010	2022/06/01 
2022/06/02 	73.0999984741211	73.0999984741211	72.69999694824219	73.0	56000	2022/06/02 
2022/06/06 	73.0	73.0999984741211	72.0999984741211	72.9000015258789	60000	2022/06/06 
2022/06/07 	73.0	73.0	72.4000015258789	72.80000305175781	42000	2022/06/07 
2022/06/08 	74.80000305175781	76.4000015258789	74.0999984741211	76.4000015258789	1128015	2022/06/08 
2022/06/09 	76.80000305175781	82.80000305175781	76.5999984741211	82.0	5391805	2022/06/09 
2022/06/10 	81.4000015258789	83.9000015258789	80.5	80.5	3758010	2022/06/10 
2022/06/13 	78.9000015258789	82.0	77.0	77.0	1887201	2022/06/13 
2022/06/14 	76.5	78.9000015258789	75.0999984741211	78.9000015258789	1114001	2022/06/14 
2022/06/15 	78.69999694824219	79.5	77.5999984741211	78.80000305175781	693994	2022/06/15 
2022/06/16 	79.9000015258789	80.0	76.0	76.0	643250	2022/06/16 
2022/06/17 	76.0999984741211	77.5	75.19999694824219	75.80000305175781	568005	2022/06/17 
2022/06/20 	76.4000015258789	79.80000305175781	75.5999984741211	76.19999694824219	990000	2022/06/20 
2022/06/21 	77.69999694824219	81.5	77.69999694824219	80.30000305175781	1812000	2022/06/21 
2022/06/22 	81.4000015258789	82.19999694824219	78.0	79.0	1503053	2022/06/22 
2022/06/23 	76.5999984741211	77.30000305175781	74.5	74.9000015258789	649000	2022/06/23 
2022/06/24 	76.0	76.5	73.4000015258789	73.4000015258789	368000	2022/06/24 
2022/06/27 	75.0999984741211	76.0	74.19999694824219	75.0999984741211	259000	2022/06/27 
2022/06/28 	75.4000015258789	75.5999984741211	74.19999694824219	74.5999984741211	167000	2022/06/28 
2022/06/29 	74.0	74.30000305175781	72.0999984741211	73.0	481000	2022/06/29 
2022/06/30 	73.0	73.0	70.30000305175781	70.5999984741211	349000	2022/06/30 
2022/07/01 	70.30000305175781	71.5999984741211	68.0999984741211	68.4000015258789	610000	2022/07/01 
2022/07/04 	68.5999984741211	69.30000305175781	68.0999984741211	68.30000305175781	232000	2022/07/04 
2022/07/05 	71.19999694824219	71.19999694824219	68.9000015258789	71.0	194000	2022/07/05 
2022/07/06 	71.0	71.0	68.9000015258789	69.4000015258789	144000	2022/07/06 
2022/07/07 	70.19999694824219	72.0999984741211	70.19999694824219	71.5	327000	2022/07/07 
2022/07/08 	73.4000015258789	73.5	71.0999984741211	71.30000305175781	321000	2022/07/08 
2022/07/11 	71.30000305175781	71.9000015258789	68.19999694824219	68.9000015258789	471000	2022/07/11 
2022/07/12 	68.4000015258789	69.4000015258789	68.19999694824219	69.0999984741211	195000	2022/07/12 
2022/07/13 	69.9000015258789	70.0999984741211	68.69999694824219	68.80000305175781	184000	2022/07/13 
2022/07/14 	68.9000015258789	70.80000305175781	68.80000305175781	70.69999694824219	229000	2022/07/14 
2022/07/15 	71.0999984741211	71.0999984741211	69.5	69.80000305175781	119000	2022/07/15 
2022/07/18 	71.30000305175781	72.4000015258789	71.19999694824219	71.9000015258789	316000	2022/07/18 
2022/07/19 	72.30000305175781	72.30000305175781	71.5999984741211	71.80000305175781	100000	2022/07/19 
2022/07/20 	72.5999984741211	72.5999984741211	70.5	70.5	284030	2022/07/20 
2022/07/21 	70.5999984741211	71.9000015258789	70.4000015258789	71.4000015258789	210000	2022/07/21 
2022/07/22 	71.30000305175781	72.0	70.9000015258789	71.9000015258789	103000	2022/07/22 
2022/07/25 	71.30000305175781	72.0999984741211	71.30000305175781	71.69999694824219	45000	2022/07/25 
2022/07/26 	72.19999694824219	72.19999694824219	71.19999694824219	71.30000305175781	79000	2022/07/26 
2022/07/27 	71.19999694824219	71.4000015258789	70.80000305175781	70.80000305175781	95000	2022/07/27 
2022/07/28 	71.19999694824219	71.19999694824219	70.5	70.5	121000	2022/07/28 
2022/07/29 	70.9000015258789	72.0	70.69999694824219	70.9000015258789	65000	2022/07/29 
2022/08/01 	71.0	71.0999984741211	70.4000015258789	70.4000015258789	159067	2022/08/01 
2022/08/02 	70.4000015258789	70.4000015258789	69.5	70.4000015258789	127050	2022/08/02 
2022/08/03 	69.69999694824219	69.80000305175781	69.30000305175781	69.4000015258789	130000	2022/08/03 
2022/08/04 	69.19999694824219	69.19999694824219	66.9000015258789	68.5999984741211	318001	2022/08/04 
2022/08/05 	68.69999694824219	71.4000015258789	68.69999694824219	71.0999984741211	143002	2022/08/05 
2022/08/08 	71.9000015258789	73.0	71.0999984741211	71.5	361000	2022/08/08 
2022/08/09 	72.0	72.0	70.5	71.19999694824219	255000	2022/08/09 
2022/08/10 	72.0	74.80000305175781	71.4000015258789	74.0	973150	2022/08/10 
2022/08/11 	74.5999984741211	77.30000305175781	73.5999984741211	75.5	899000	2022/08/11 
2022/08/12 	75.5999984741211	76.0	74.5	74.5	343000	2022/08/12 
2022/08/15 	74.69999694824219	75.4000015258789	73.69999694824219	75.0	489000	2022/08/15 
2022/08/16 	75.30000305175781	75.80000305175781	74.19999694824219	74.30000305175781	119002	2022/08/16 
2022/08/17 	73.80000305175781	74.30000305175781	73.69999694824219	73.80000305175781	202000	2022/08/17 
2022/08/18 	73.30000305175781	74.0999984741211	72.69999694824219	73.80000305175781	359000	2022/08/18 
2022/08/19 	74.0	75.0	73.69999694824219	73.9000015258789	227000	2022/08/19 
2022/08/22 	73.19999694824219	73.9000015258789	73.0999984741211	73.69999694824219	116000	2022/08/22 
2022/08/23 	73.80000305175781	75.4000015258789	73.80000305175781	73.9000015258789	344008	2022/08/23 
2022/08/24 	74.0999984741211	74.5999984741211	73.80000305175781	73.80000305175781	266000	2022/08/24 
2022/08/25 	74.0	77.0999984741211	73.9000015258789	76.69999694824219	861041	2022/08/25 
2022/08/26 	77.4000015258789	83.4000015258789	76.4000015258789	81.5	2603025	2022/08/26 
2022/08/29 	79.19999694824219	81.69999694824219	79.0999984741211	81.5	1021315	2022/08/29 
2022/08/30 	81.5999984741211	85.5999984741211	80.69999694824219	83.30000305175781	1476050	2022/08/30 
2022/08/31 	83.30000305175781	87.0	83.30000305175781	85.5	1285050	2022/08/31 
2022/09/01 	84.5	85.5	83.5	85.0	631000	2022/09/01 
2022/09/02 	86.4000015258789	87.4000015258789	84.5	84.69999694824219	773002	2022/09/02 
2022/09/05 	85.9000015258789	86.9000015258789	84.9000015258789	85.9000015258789	622400	2022/09/05 
2022/09/06 	89.80000305175781	91.0	82.0	83.69999694824219	2233002	2022/09/06 
2022/09/07 	83.69999694824219	87.0	83.69999694824219	84.69999694824219	1535000	2022/09/07 
2022/09/08 	88.0	93.0999984741211	87.5999984741211	93.0999984741211	7000200	2022/09/08 
2022/09/12 	93.69999694824219	94.69999694824219	92.0999984741211	93.0999984741211	2751366	2022/09/12 
2022/09/13 	94.5999984741211	99.30000305175781	92.5999984741211	93.69999694824219	3674325	2022/09/13 
2022/09/14 	91.0	95.9000015258789	91.0	95.0999984741211	1273070	2022/09/14 
2022/09/15 	96.0	96.69999694824219	92.30000305175781	92.80000305175781	1367258	2022/09/15 
2022/09/16 	93.4000015258789	93.9000015258789	91.0	91.5999984741211	764197	2022/09/16 
2022/09/19 	91.80000305175781	92.30000305175781	89.30000305175781	90.80000305175781	730000	2022/09/19 
2022/09/20 	91.80000305175781	91.9000015258789	88.69999694824219	90.0	737007	2022/09/20 
2022/09/21 	90.0	90.4000015258789	87.9000015258789	87.9000015258789	681063	2022/09/21 
2022/09/22 	86.5	88.30000305175781	86.0	87.69999694824219	656010	2022/09/22 
2022/09/23 	87.5	88.0999984741211	83.0999984741211	84.0	894005	2022/09/23 
2022/09/26 	82.4000015258789	83.0999984741211	80.80000305175781	81.69999694824219	703000	2022/09/26 
2022/09/27 	82.19999694824219	83.5	81.19999694824219	83.19999694824219	611050	2022/09/27 
2022/09/28 	82.80000305175781	82.80000305175781	77.69999694824219	77.69999694824219	1062085	2022/09/28 
2022/09/29 	79.0	80.5	79.0	80.30000305175781	546000	2022/09/29 
2022/09/30 	78.5	79.9000015258789	76.9000015258789	79.5999984741211	635008	2022/09/30 
2022/10/03 	78.0999984741211	78.80000305175781	77.0	77.5999984741211	615000	2022/10/03 
2022/10/04 	79.19999694824219	80.69999694824219	78.4000015258789	80.30000305175781	537000	2022/10/04 
2022/10/05 	81.4000015258789	81.4000015258789	78.19999694824219	78.5	561178	2022/10/05 
2022/10/06 	78.5	79.0999984741211	78.0	78.80000305175781	277000	2022/10/06 
2022/10/07 	78.19999694824219	80.0999984741211	76.4000015258789	76.80000305175781	602160	2022/10/07 
2022/10/11 	74.80000305175781	74.80000305175781	72.30000305175781	72.80000305175781	853013	2022/10/11 
2022/10/12 	72.30000305175781	73.0999984741211	71.30000305175781	72.5	575000	2022/10/12 
2022/10/13 	73.4000015258789	73.4000015258789	69.5	69.5999984741211	684000	2022/10/13 
2022/10/14 	70.69999694824219	73.9000015258789	70.69999694824219	73.9000015258789	538001	2022/10/14 
2022/10/17 	72.5	74.69999694824219	72.0999984741211	74.69999694824219	645000	2022/10/17 
2022/10/18 	79.0	79.0	75.0	76.5999984741211	1454000	2022/10/18 
2022/10/19 	76.5999984741211	80.4000015258789	76.5999984741211	78.0999984741211	1023000	2022/10/19 
2022/10/20 	78.0999984741211	78.0999984741211	72.0999984741211	72.5999984741211	1033000	2022/10/20 
2022/10/21 	72.5999984741211	73.5999984741211	72.0999984741211	72.69999694824219	291002	2022/10/21 
2022/10/24 	73.5999984741211	73.69999694824219	72.5	72.80000305175781	292000	2022/10/24 
2022/10/25 	72.80000305175781	72.9000015258789	71.0999984741211	71.5	350005	2022/10/25 
2022/10/26 	71.19999694824219	71.5	70.19999694824219	70.19999694824219	1086030	2022/10/26 
2022/10/27 	71.30000305175781	71.69999694824219	70.5999984741211	71.69999694824219	130000	2022/10/27 
2022/10/28 	71.0999984741211	71.80000305175781	70.0	70.0	216000	2022/10/28 
2022/10/31 	70.69999694824219	71.5	70.0	70.0999984741211	218041	2022/10/31 
2022/11/01 	70.0	71.0	70.0	70.80000305175781	292000	2022/11/01 
2022/11/02 	70.80000305175781	72.0999984741211	70.5999984741211	71.9000015258789	180003	2022/11/02 
2022/11/03 	71.0	74.5	70.80000305175781	74.0999984741211	365000	2022/11/03 
2022/11/04 	74.9000015258789	74.9000015258789	73.0999984741211	73.4000015258789	649018	2022/11/04 
2022/11/07 	73.80000305175781	73.9000015258789	72.5999984741211	73.9000015258789	459000	2022/11/07 
2022/11/08 	77.9000015258789	77.9000015258789	74.0999984741211	74.4000015258789	1649000	2022/11/08 
2022/11/09 	75.4000015258789	76.19999694824219	73.80000305175781	74.19999694824219	885000	2022/11/09 
2022/11/10 	74.4000015258789	74.4000015258789	73.0999984741211	73.19999694824219	393011	2022/11/10 
2022/11/11 	74.5	76.30000305175781	73.5	76.30000305175781	1411315	2022/11/11 
2022/11/14 	78.0	83.9000015258789	77.0	83.9000015258789	4593000	2022/11/14 
2022/11/15 	83.80000305175781	85.4000015258789	82.30000305175781	84.0999984741211	3210282	2022/11/15 
2022/11/16 	84.9000015258789	84.9000015258789	80.9000015258789	81.4000015258789	1764687	2022/11/16 
2022/11/17 	81.9000015258789	83.5	81.5999984741211	82.19999694824219	1251000	2022/11/17 
2022/11/18 	83.19999694824219	84.30000305175781	79.69999694824219	80.19999694824219	1965100	2022/11/18 
2022/11/21 	81.4000015258789	83.5	81.0	81.5999984741211	1475200	2022/11/21 
2022/11/22 	82.69999694824219	83.69999694824219	80.9000015258789	81.0999984741211	1329314	2022/11/22 
2022/11/23 	82.19999694824219	82.5	81.19999694824219	82.0	754050	2022/11/23 
2022/11/24 	81.5	82.0	78.30000305175781	79.0	1682119	2022/11/24 
2022/11/25 	79.5	79.80000305175781	77.69999694824219	78.0	640206	2022/11/25 
2022/11/28 	77.69999694824219	77.9000015258789	76.80000305175781	77.0	760002	2022/11/28 
2022/11/29 	77.19999694824219	77.5999984741211	76.9000015258789	77.0999984741211	442288	2022/11/29 
2022/11/30 	77.80000305175781	78.4000015258789	77.4000015258789	77.69999694824219	438044	2022/11/30 
2022/12/01 	78.5999984741211	80.80000305175781	78.30000305175781	80.0	1121014	2022/12/01 
2022/12/02 	80.5	81.30000305175781	79.69999694824219	80.9000015258789	780616	2022/12/02 
2022/12/05 	82.0	82.5999984741211	81.30000305175781	82.0	1198146	2022/12/05 
2022/12/06 	82.30000305175781	83.5	81.19999694824219	81.69999694824219	2036000	2022/12/06 
2022/12/07 	82.30000305175781	83.19999694824219	79.69999694824219	79.9000015258789	1521000	2022/12/07 
2022/12/08 	78.9000015258789	79.69999694824219	77.80000305175781	78.5	1112000	2022/12/08 
2022/12/09 	79.0	84.0	78.80000305175781	81.0999984741211	2654284	2022/12/09 
2022/12/12 	81.5	81.5	77.19999694824219	77.19999694824219	1436075	2022/12/12 
2022/12/13 	77.5	77.80000305175781	74.5999984741211	75.0999984741211	1418006	2022/12/13 
2022/12/14 	75.5	76.19999694824219	74.5999984741211	75.5999984741211	883000	2022/12/14 
2022/12/15 	75.5999984741211	77.30000305175781	75.4000015258789	77.30000305175781	676000	2022/12/15 
2022/12/16 	75.9000015258789	76.0999984741211	74.5	74.5999984741211	1155200	2022/12/16 
2022/12/19 	74.30000305175781	74.5	73.69999694824219	74.0999984741211	565000	2022/12/19 
2022/12/20 	73.9000015258789	74.30000305175781	71.30000305175781	71.5	1011000	2022/12/20 
2022/12/21 	71.9000015258789	73.0999984741211	71.9000015258789	72.69999694824219	434000	2022/12/21 
2022/12/22 	73.30000305175781	74.69999694824219	73.0	73.30000305175781	827000	2022/12/22 
2022/12/23 	73.0	74.0	72.30000305175781	74.0	505000	2022/12/23 
2022/12/26 	73.30000305175781	74.80000305175781	72.0	74.30000305175781	1151000	2022/12/26 
2022/12/27 	74.5	75.0999984741211	73.4000015258789	74.30000305175781	1140020	2022/12/27 
2022/12/28 	73.5999984741211	75.0	72.80000305175781	72.9000015258789	1221013	2022/12/28 
2022/12/29 	72.30000305175781	72.30000305175781	71.0	71.5999984741211	792000	2022/12/29 
2022/12/30 	72.0	72.4000015258789	71.0	71.5	578000	2022/12/30 
2023/01/03 	71.69999694824219	71.69999694824219	70.69999694824219	71.30000305175781	244000	2023/01/03 
2023/01/04 	70.9000015258789	71.5	70.9000015258789	71.0999984741211	211146	2023/01/04 
2023/01/05 	71.5	71.9000015258789	71.30000305175781	71.69999694824219	195000	2023/01/05 
2023/01/06 	71.5	73.4000015258789	71.5	73.0	352000	2023/01/06 
2023/01/09 	72.19999694824219	73.0999984741211	72.19999694824219	72.80000305175781	363005	2023/01/09 
2023/01/10 	72.80000305175781	73.30000305175781	72.4000015258789	72.9000015258789	252999	2023/01/10 
2023/01/11 	73.30000305175781	73.30000305175781	71.9000015258789	72.5	279055	2023/01/11 
2023/01/12 	72.30000305175781	73.0999984741211	72.0999984741211	72.30000305175781	240219	2023/01/12 
2023/01/13 	73.0	73.5999984741211	72.30000305175781	72.5999984741211	387000	2023/01/13 
2023/01/16 	73.0999984741211	73.30000305175781	72.19999694824219	72.5	117000	2023/01/16 
2023/01/17 	72.4000015258789	72.5999984741211	72.19999694824219	72.30000305175781	105000	2023/01/17 
2023/01/30 	73.0999984741211	73.19999694824219	71.5	71.5999984741211	505000	2023/01/30 
2023/01/31 	72.5	73.5	72.19999694824219	72.69999694824219	555200	2023/01/31 
2023/02/01 	72.9000015258789	74.0	72.69999694824219	74.0	491000	2023/02/01 
2023/02/02 	74.19999694824219	74.19999694824219	73.5	73.80000305175781	367000	2023/02/02 
2023/02/03 	73.69999694824219	73.69999694824219	73.0	73.19999694824219	279000	2023/02/03 
2023/02/06 	72.80000305175781	73.30000305175781	72.5999984741211	73.0999984741211	132000	2023/02/06 
2023/02/07 	73.19999694824219	73.5999984741211	72.80000305175781	73.5999984741211	284020	2023/02/07 
2023/02/08 	73.4000015258789	73.5999984741211	73.0	73.4000015258789	277000	2023/02/08 
2023/02/09 	73.30000305175781	73.69999694824219	73.0	73.0	235000	2023/02/09 
2023/02/10 	73.19999694824219	73.19999694824219	72.30000305175781	72.30000305175781	279000	2023/02/10 
2023/02/13 	72.30000305175781	73.0	71.80000305175781	72.0999984741211	226500	2023/02/13 
2023/02/14 	72.5	73.5	72.5	73.30000305175781	215000	2023/02/14 
2023/02/15 	73.30000305175781	73.5	72.19999694824219	72.30000305175781	408221	2023/02/15 
2023/02/16 	72.4000015258789	73.30000305175781	72.4000015258789	73.0	197000	2023/02/16 
2023/02/17 	72.69999694824219	73.69999694824219	72.5	73.5	209000	2023/02/17 
2023/02/20 	73.30000305175781	73.69999694824219	72.9000015258789	73.30000305175781	176000	2023/02/20 
2023/02/21 	73.30000305175781	73.30000305175781	72.5	72.5999984741211	298000	2023/02/21 
2023/02/22 	72.19999694824219	72.19999694824219	71.5	72.0	464000	2023/02/22 
2023/02/23 	72.4000015258789	72.4000015258789	71.5999984741211	71.69999694824219	477000	2023/02/23 
2023/02/24 	71.80000305175781	72.9000015258789	71.5999984741211	72.4000015258789	364000	2023/02/24 
2023/03/01 	72.30000305175781	73.5999984741211	72.19999694824219	73.5	350111	2023/03/01 
2023/03/02 	73.9000015258789	73.9000015258789	73.0	73.30000305175781	237000	2023/03/02 
2023/03/03 	73.4000015258789	73.5999984741211	72.69999694824219	73.0999984741211	262000	2023/03/03 
2023/03/06 	73.30000305175781	73.80000305175781	72.69999694824219	73.5	317000	2023/03/06 
2023/03/07 	73.80000305175781	74.30000305175781	73.5	73.9000015258789	404000	2023/03/07 
2023/03/08 	73.4000015258789	73.4000015258789	72.4000015258789	72.5999984741211	467105	2023/03/08 
2023/03/09 	73.19999694824219	73.19999694824219	72.4000015258789	72.5	271000	2023/03/09 
2023/03/10 	72.0999984741211	72.9000015258789	71.69999694824219	72.0	556000	2023/03/10 
2023/03/13 	72.0	72.0	71.0999984741211	71.80000305175781	458101	2023/03/13 
2023/03/14 	72.30000305175781	72.30000305175781	71.19999694824219	71.5	186000	2023/03/14 
2023/03/15 	71.9000015258789	71.9000015258789	71.0	71.0	369000	2023/03/15 
2023/03/16 	70.5999984741211	70.69999694824219	69.69999694824219	70.19999694824219	657000	2023/03/16 
2023/03/17 	70.69999694824219	70.69999694824219	69.4000015258789	69.80000305175781	475000	2023/03/17 
2023/03/20 	69.80000305175781	69.80000305175781	69.30000305175781	69.69999694824219	210000	2023/03/20 
2023/03/21 	70.0	70.0	69.0999984741211	69.5999984741211	234160	2023/03/21 
2023/03/22 	69.5999984741211	70.80000305175781	69.5999984741211	70.5999984741211	213000	2023/03/22 
2023/03/23 	70.5999984741211	71.0	70.0	70.80000305175781	138000	2023/03/23 
2023/03/24 	71.0	71.0	70.5	70.5	106000	2023/03/24 
2023/03/27 	70.9000015258789	70.9000015258789	70.4000015258789	70.5999984741211	101000	2023/03/27 
2023/03/28 	70.5	70.5	70.0999984741211	70.0999984741211	158000	2023/03/28 
2023/03/29 	70.30000305175781	70.4000015258789	70.0	70.0999984741211	111000	2023/03/29 
2023/03/30 	70.4000015258789	70.4000015258789	70.0999984741211	70.4000015258789	91000	2023/03/30 
2023/03/31 	70.5	70.5999984741211	70.30000305175781	70.4000015258789	63130	2023/03/31 
2023/04/06 	70.4000015258789	70.5	70.19999694824219	70.30000305175781	89000	2023/04/06 
2023/04/07 	70.5	70.69999694824219	70.30000305175781	70.30000305175781	68042	2023/04/07 
2023/04/10 	70.19999694824219	70.5	70.0	70.5	122000	2023/04/10 
2023/04/11 	70.9000015258789	71.80000305175781	70.9000015258789	71.4000015258789	286000	2023/04/11 
2023/04/12 	71.4000015258789	71.4000015258789	71.0	71.30000305175781	113000	2023/04/12 
2023/04/13 	71.0999984741211	71.5	71.0999984741211	71.30000305175781	148000	2023/04/13 
2023/04/14 	71.4000015258789	71.9000015258789	71.30000305175781	71.80000305175781	327000	2023/04/14 
2023/04/17 	71.80000305175781	72.69999694824219	71.80000305175781	72.5999984741211	322000	2023/04/17 
2023/04/18 	72.5999984741211	73.4000015258789	72.5999984741211	72.80000305175781	298000	2023/04/18 
2023/04/19 	73.30000305175781	73.30000305175781	72.0999984741211	72.19999694824219	182000	2023/04/19 
2023/04/20 	71.0	71.0999984741211	69.69999694824219	70.0	983000	2023/04/20 
2023/04/21 	69.69999694824219	70.0	68.69999694824219	68.69999694824219	585213	2023/04/21 
2023/04/24 	68.5	69.0	68.0	68.69999694824219	192000	2023/04/24 
2023/04/25 	69.30000305175781	69.30000305175781	68.0	68.19999694824219	327000	2023/04/25 
2023/04/26 	68.19999694824219	68.4000015258789	68.0	68.4000015258789	85000	2023/04/26 
2023/04/27 	68.4000015258789	69.5	68.30000305175781	69.0	48000	2023/04/27 
2023/04/28 	69.5999984741211	69.69999694824219	69.0	69.0999984741211	89000	2023/04/28 
2023/05/02 	69.5	69.69999694824219	69.0999984741211	69.69999694824219	107000	2023/05/02 
2023/05/03 	69.4000015258789	70.0	69.30000305175781	69.69999694824219	113000	2023/05/03 
2023/05/04 	69.30000305175781	70.19999694824219	69.30000305175781	69.80000305175781	94000	2023/05/04 
2023/05/05 	69.5999984741211	69.9000015258789	69.5	69.9000015258789	116000	2023/05/05 
2023/05/08 	70.0	70.30000305175781	69.80000305175781	69.9000015258789	72000	2023/05/08 
2023/05/09 	70.80000305175781	71.0	70.19999694824219	70.30000305175781	131000	2023/05/09 
2023/05/10 	70.0	70.30000305175781	69.80000305175781	70.30000305175781	135000	2023/05/10 
2023/05/11 	69.9000015258789	69.9000015258789	68.4000015258789	68.5999984741211	301010	2023/05/11 
2023/05/12 	68.5999984741211	68.5999984741211	68.0999984741211	68.4000015258789	131000	2023/05/12 
2023/05/15 	68.4000015258789	68.4000015258789	67.9000015258789	68.0999984741211	163000	2023/05/15 
2023/05/16 	68.69999694824219	69.5999984741211	68.30000305175781	69.5	107000	2023/05/16 
2023/05/17 	69.5	70.69999694824219	69.5	70.69999694824219	134003	2023/05/17 
2023/05/18 	70.0999984741211	70.5999984741211	70.0999984741211	70.19999694824219	64000	2023/05/18 
2023/05/19 	70.19999694824219	70.19999694824219	69.69999694824219	69.69999694824219	73000	2023/05/19 
2023/05/22 	70.5999984741211	70.5999984741211	69.5	69.69999694824219	77000	2023/05/22 
2023/05/23 	69.69999694824219	70.0999984741211	69.5999984741211	70.0999984741211	69000	2023/05/23 
2023/05/24 	70.0	70.0	69.80000305175781	70.0	32000	2023/05/24 
2023/05/25 	69.80000305175781	70.0	69.5999984741211	69.9000015258789	77000	2023/05/25 
2023/05/26 	69.9000015258789	69.9000015258789	69.4000015258789	69.69999694824219	48000	2023/05/26 
2023/05/29 	69.69999694824219	69.80000305175781	69.19999694824219	69.69999694824219	60000	2023/05/29 
2023/05/30 	70.19999694824219	70.19999694824219	69.30000305175781	69.80000305175781	79000	2023/05/30 
2023/05/31 	69.5999984741211	70.69999694824219	69.5999984741211	70.4000015258789	113000	2023/05/31 
2023/06/01 	70.4000015258789	71.5999984741211	70.0	71.0999984741211	523000	2023/06/01 
2023/06/02 	71.9000015258789	71.9000015258789	71.0999984741211	71.4000015258789	98000	2023/06/02 
2023/06/05 	71.0999984741211	71.80000305175781	71.0999984741211	71.30000305175781	150000	2023/06/05 
2023/06/06 	71.30000305175781	71.80000305175781	71.30000305175781	71.4000015258789	116000	2023/06/06 
2023/06/07 	71.4000015258789	72.19999694824219	71.4000015258789	71.80000305175781	215000	2023/06/07 
2023/06/08 	71.4000015258789	71.4000015258789	70.69999694824219	70.9000015258789	122000	2023/06/08 
2023/06/09 	71.0999984741211	72.0	70.80000305175781	71.80000305175781	180000	2023/06/09 
2023/06/12 	72.0	72.0	71.5	71.9000015258789	82000	2023/06/12 
2023/06/13 	72.19999694824219	72.19999694824219	71.69999694824219	72.0	131040	2023/06/13 
2023/06/14 	72.30000305175781	72.30000305175781	71.69999694824219	72.0	119014	2023/06/14 
2023/06/15 	72.0	72.19999694824219	71.69999694824219	72.0999984741211	123040	2023/06/15 
2023/06/16 	72.4000015258789	72.69999694824219	72.19999694824219	72.19999694824219	99193	2023/06/16 
2023/06/19 	72.19999694824219	72.30000305175781	71.80000305175781	72.19999694824219	142000	2023/06/19 
2023/06/20 	71.9000015258789	72.19999694824219	71.5	71.5999984741211	170000	2023/06/20 
2023/06/21 	71.5999984741211	71.80000305175781	71.19999694824219	71.30000305175781	139000	2023/06/21 
