Date	Open	High	Low	Close	Volume	Date
2020/12/09 	29.919811248779297	80.8123550415039	29.919811248779297	53.87490463256836	129780662	2020/12/09 
2020/12/10 	53.009056091308594	62.53337097167969	50.70013427734375	51.08495330810547	60263221	2020/12/10 
2020/12/11 	50.507720947265625	55.125572204589844	43.14802551269531	45.986080169677734	63043524	2020/12/11 
2020/12/14 	45.50505447387695	46.99623489379883	41.368228912353516	45.21643829345703	35887421	2020/12/14 
2020/12/15 	44.542999267578125	46.659515380859375	43.77335739135742	44.591102600097656	22136326	2020/12/15 
2020/12/16 	44.73541259765625	46.178489685058594	44.302486419677734	45.45695114135742	23421051	2020/12/16 
2020/12/17 	45.60125732421875	49.834285736083984	45.21643829345703	48.5836181640625	58394508	2020/12/17 
2020/12/18 	48.96843719482422	51.08495330810547	48.10259246826172	49.93049240112305	42907714	2020/12/18 
2020/12/21 	50.507720947265625	53.105262756347656	48.96843719482422	50.41151809692383	30715389	2020/12/21 
2020/12/22 	50.41151809692383	50.89254379272461	47.91018295288086	48.10259246826172	31354823	2020/12/22 
2020/12/23 	47.95828628540039	49.449466705322266	45.21643829345703	48.48741149902344	14472666	2020/12/23 
2020/12/24 	48.29500198364258	49.06464385986328	43.436641693115234	48.10259246826172	12861595	2020/12/24 
2020/12/25 	48.19879913330078	48.77602767944336	47.525360107421875	47.95828628540039	12929224	2020/12/25 
2020/12/28 	48.10259246826172	48.19879913330078	47.140541076660156	47.18864440917969	15809642	2020/12/28 
2020/12/29 	47.62156677246094	48.10259246826172	46.13038635253906	46.419002532958984	19399774	2020/12/29 
2020/12/30 	46.56330871582031	48.96843719482422	45.745567321777344	47.91018295288086	16447889	2020/12/30 
2020/12/31 	48.39120864868164	50.026695251464844	47.525360107421875	48.00638961791992	14521680	2020/12/31 
2021/01/04 	48.10259246826172	49.06464385986328	46.99623489379883	46.99623489379883	15571643	2021/01/04 
2021/01/05 	47.332950592041016	47.95828628540039	46.659515380859375	47.140541076660156	10408247	2021/01/05 
2021/01/06 	47.332950592041016	47.62156677246094	46.13038635253906	46.37089920043945	15399988	2021/01/06 
2021/01/07 	46.467105865478516	46.75571823120117	45.21643829345703	46.0341796875	16087845	2021/01/07 
2021/01/08 	46.13038635253906	46.51520538330078	45.745567321777344	46.08228302001953	12436897	2021/01/08 
2021/01/11 	45.88987350463867	46.178489685058594	45.21643829345703	45.79366683959961	16763307	2021/01/11 
2021/01/12 	45.50505447387695	47.38105392456055	45.21643829345703	45.745567321777344	15878086	2021/01/12 
2021/01/13 	45.986080169677734	46.467105865478516	45.55315399169922	45.986080169677734	8942975	2021/01/13 
2021/01/14 	45.986080169677734	46.27469253540039	45.55315399169922	45.9379768371582	10751260	2021/01/14 
2021/01/15 	46.178489685058594	46.659515380859375	45.55315399169922	45.55315399169922	13635698	2021/01/15 
2021/01/18 	45.50505447387695	45.88987350463867	44.92782211303711	45.12023162841797	7985548	2021/01/18 
2021/01/19 	45.1683349609375	46.37089920043945	44.92782211303711	46.08228302001953	17974877	2021/01/19 
2021/01/20 	45.986080169677734	46.51520538330078	45.07212829589844	45.07212829589844	16696172	2021/01/20 
2021/01/21 	45.40884780883789	45.64936065673828	45.07212829589844	45.31264114379883	9425165	2021/01/21 
2021/01/22 	45.26454162597656	46.659515380859375	44.73541259765625	46.178489685058594	21930386	2021/01/22 
2021/01/25 	46.37089920043945	49.25705337524414	46.08228302001953	49.25705337524414	45664531	2021/01/25 
2021/01/26 	49.25705337524414	50.79633712768555	47.95828628540039	48.19879913330078	36903107	2021/01/26 
2021/01/27 	48.48741149902344	50.026695251464844	47.47726058959961	47.62156677246094	16548036	2021/01/27 
2021/01/28 	47.91018295288086	48.29500198364258	46.611412048339844	46.707618713378906	14802064	2021/01/28 
2021/01/29 	47.18864440917969	48.00638961791992	46.851924896240234	47.092437744140625	11006784	2021/01/29 
2021/02/01 	47.044334411621094	47.525360107421875	46.178489685058594	46.8038215637207	7758160	2021/02/01 
2021/02/02 	47.140541076660156	48.39120864868164	46.851924896240234	47.91018295288086	15198244	2021/02/02 
2021/02/03 	48.05448913574219	48.77602767944336	47.7177734375	47.91018295288086	14022294	2021/02/03 
2021/02/04 	48.10259246826172	48.5836181640625	47.62156677246094	48.05448913574219	13989851	2021/02/04 
2021/02/05 	48.29500198364258	49.160850524902344	48.10259246826172	48.67982482910156	20111539	2021/02/05 
2021/02/17 	49.25705337524414	55.125572204589844	48.5836181640625	55.125572204589844	107192780	2021/02/17 
2021/02/18 	55.02936553955078	63.01439666748047	54.54833984375	62.53337097167969	127107130	2021/02/18 
2021/02/19 	63.30301284790039	67.63224792480469	60.80167770385742	67.63224792480469	93052142	2021/02/19 
2021/02/22 	67.92086029052734	80.23512268066406	67.3436279296875	79.0806655883789	149609268	2021/02/22 
2021/02/23 	80.71614837646484	86.58466339111328	68.59429931640625	77.06035614013672	117950844	2021/02/23 
2021/02/24 	77.82999420166016	78.59963989257812	72.25009155273438	72.73111724853516	78871958	2021/02/24 
2021/02/25 	73.1159439086914	78.4072265625	71.28804016113281	74.36660766601562	55964398	2021/02/25 
2021/02/26 	73.59696960449219	75.04004669189453	68.59429931640625	71.67285919189453	36284582	2021/02/26 
2021/03/02 	72.92353057861328	77.06035614013672	71.67285919189453	72.15389251708984	39294966	2021/03/02 
2021/03/03 	72.92353057861328	75.04004669189453	70.0373764038086	72.15389251708984	31872459	2021/03/03 
2021/03/04 	71.86527252197266	72.63491821289062	68.0170669555664	68.59429931640625	39911861	2021/03/04 
2021/03/05 	68.0170669555664	68.49809265136719	61.571319580078125	66.67019653320312	51328276	2021/03/05 
2021/03/08 	67.63224792480469	69.94116973876953	66.38157653808594	67.05501556396484	31557777	2021/03/08 
2021/03/09 	66.86260223388672	67.3436279296875	64.64988708496094	65.51573181152344	24510331	2021/03/09 
2021/03/10 	65.8043441772461	67.72845458984375	62.72578048706055	63.11060333251953	43067444	2021/03/10 
2021/03/11 	63.20680618286133	66.67019653320312	62.244754791259766	65.22711944580078	38060026	2021/03/11 
2021/03/12 	65.41952514648438	67.72845458984375	65.41952514648438	67.24742126464844	31702180	2021/03/12 
2021/03/15 	67.72845458984375	68.69050598144531	66.86260223388672	67.63224792480469	18155816	2021/03/15 
2021/03/16 	67.82465362548828	68.97911834716797	66.86260223388672	67.05501556396484	14429943	2021/03/16 
2021/03/17 	67.72845458984375	68.20948028564453	66.57398986816406	66.76639556884766	10688935	2021/03/17 
2021/03/18 	67.24742126464844	68.20948028564453	66.76639556884766	67.72845458984375	15334236	2021/03/18 
2021/03/19 	68.20948028564453	68.40188598632812	66.76639556884766	66.76639556884766	9205033	2021/03/19 
2021/03/22 	67.1512222290039	69.26773071289062	67.05501556396484	68.20948028564453	14199372	2021/03/22 
2021/03/23 	68.49809265136719	72.4425048828125	68.11327362060547	71.7690658569336	42721456	2021/03/23 
2021/03/24 	71.38424682617188	74.07799530029297	70.32598876953125	71.96147918701172	27171249	2021/03/24 
2021/03/25 	72.34629821777344	74.07799530029297	70.42219543457031	71.38424682617188	20295641	2021/03/25 
2021/03/26 	71.67285919189453	73.1159439086914	71.19183349609375	72.4425048828125	15513320	2021/03/26 
2021/03/29 	72.63491821289062	73.88558197021484	72.15389251708984	72.92353057861328	22906524	2021/03/29 
2021/03/30 	72.82732391357422	73.1159439086914	71.48045349121094	71.86527252197266	14460251	2021/03/30 
2021/03/31 	72.05768585205078	72.15389251708984	69.94116973876953	70.51840209960938	21261244	2021/03/31 
2021/04/01 	70.22978973388672	72.15389251708984	69.84496307373047	70.7108154296875	15194365	2021/04/01 
2021/04/07 	71.86527252197266	73.59696960449219	71.48045349121094	73.21214294433594	32354924	2021/04/07 
2021/04/08 	76.0999984741211	77.0	73.0999984741211	75.0999984741211	24506543	2021/04/08 
2021/04/09 	75.30000305175781	76.0	73.4000015258789	74.19999694824219	13930079	2021/04/09 
2021/04/12 	73.69999694824219	75.30000305175781	73.0	74.0999984741211	19490851	2021/04/12 
2021/04/13 	74.0999984741211	76.30000305175781	73.5	74.5	29664538	2021/04/13 
2021/04/14 	75.19999694824219	76.0	72.9000015258789	75.0	27434392	2021/04/14 
2021/04/15 	75.19999694824219	75.5	73.5	74.19999694824219	14751259	2021/04/15 
2021/04/16 	74.0	75.5	72.69999694824219	73.0999984741211	27588986	2021/04/16 
2021/04/19 	73.80000305175781	73.80000305175781	70.5	71.30000305175781	35676384	2021/04/19 
2021/04/20 	71.30000305175781	71.9000015258789	69.69999694824219	70.4000015258789	14009700	2021/04/20 
2021/04/21 	70.30000305175781	70.80000305175781	69.19999694824219	69.9000015258789	17659636	2021/04/21 
2021/04/22 	69.69999694824219	70.4000015258789	69.0999984741211	69.5	19613809	2021/04/22 
2021/04/23 	69.5999984741211	69.5999984741211	68.0	69.19999694824219	17823299	2021/04/23 
2021/04/26 	69.5	72.5999984741211	68.0	72.19999694824219	36198215	2021/04/26 
2021/04/27 	72.5999984741211	73.0999984741211	70.19999694824219	70.80000305175781	21172615	2021/04/27 
2021/04/28 	70.80000305175781	71.30000305175781	69.69999694824219	70.19999694824219	14022233	2021/04/28 
2021/04/29 	70.0	70.0999984741211	69.19999694824219	69.19999694824219	12906476	2021/04/29 
2021/05/03 	69.19999694824219	69.9000015258789	67.19999694824219	67.5	24979701	2021/05/03 
2021/05/04 	67.30000305175781	68.0	61.900001525878906	64.0	41114838	2021/05/04 
2021/05/05 	63.5	64.19999694824219	61.599998474121094	62.599998474121094	19307678	2021/05/05 
2021/05/06 	63.0	63.5	60.400001525878906	60.70000076293945	30289760	2021/05/06 
2021/05/07 	61.20000076293945	63.900001525878906	59.900001525878906	62.5	28470257	2021/05/07 
2021/05/10 	65.0	66.0	61.900001525878906	62.900001525878906	19956299	2021/05/10 
2021/05/11 	62.20000076293945	62.900001525878906	59.29999923706055	59.70000076293945	24383764	2021/05/11 
2021/05/12 	59.5	60.20000076293945	51.0	56.5	46917497	2021/05/12 
2021/05/13 	54.900001525878906	58.29999923706055	51.0	56.5	27661174	2021/05/13 
2021/05/14 	57.29999923706055	58.79999923706055	56.099998474121094	56.20000076293945	25355782	2021/05/14 
2021/05/17 	55.0	56.0	50.0	52.0	32383265	2021/05/17 
2021/05/18 	52.0	58.5	52.0	57.599998474121094	32176984	2021/05/18 
2021/05/19 	58.0	59.20000076293945	55.79999923706055	56.900001525878906	12793470	2021/05/19 
2021/05/20 	56.70000076293945	57.20000076293945	55.400001525878906	55.599998474121094	12110912	2021/05/20 
2021/05/21 	56.20000076293945	58.5	55.79999923706055	57.0	10945980	2021/05/21 
2021/05/24 	57.0	57.0	57.0	57.0	0	2021/05/24 
2021/05/25 	57.0	57.0	57.0	57.0	0	2021/05/25 
2021/05/26 	57.0	57.0	57.0	57.0	0	2021/05/26 
2021/05/27 	57.0	57.0	57.0	57.0	0	2021/05/27 
2021/05/28 	57.0	57.0	57.0	57.0	0	2021/05/28 
2021/05/31 	57.0	57.0	57.0	57.0	0	2021/05/31 
2021/06/01 	57.0	57.0	57.0	57.0	0	2021/06/01 
2021/06/02 	57.0	57.0	57.0	57.0	0	2021/06/02 
2021/06/03 	57.0	57.0	57.0	57.0	0	2021/06/03 
2021/06/04 	57.0	57.0	57.0	57.0	0	2021/06/04 
2021/06/07 	57.0	57.0	57.0	57.0	0	2021/06/07 
2021/06/08 	61.29999923706055	61.900001525878906	59.79999923706055	61.599998474121094	15157191	2021/06/08 
2021/06/09 	61.29999923706055	62.900001525878906	61.0	61.5	13250226	2021/06/09 
2021/06/10 	61.099998474121094	64.69999694824219	61.0	64.19999694824219	28603502	2021/06/10 
2021/06/11 	64.9000015258789	66.5999984741211	64.0	65.80000305175781	25628966	2021/06/11 
2021/06/15 	66.4000015258789	70.0	66.4000015258789	68.80000305175781	21459768	2021/06/15 
2021/06/16 	68.5	69.4000015258789	66.80000305175781	66.80000305175781	19379151	2021/06/16 
2021/06/17 	67.0	68.5999984741211	65.69999694824219	68.30000305175781	15078577	2021/06/17 
2021/06/18 	68.30000305175781	68.9000015258789	67.0999984741211	67.69999694824219	13618346	2021/06/18 
2021/06/21 	68.0	68.30000305175781	66.5	67.0999984741211	14501679	2021/06/21 
2021/06/22 	67.5	68.5999984741211	65.80000305175781	66.0999984741211	13134083	2021/06/22 
2021/06/23 	66.30000305175781	67.0999984741211	65.0	65.69999694824219	17865257	2021/06/23 
2021/06/24 	65.9000015258789	66.30000305175781	64.5	65.30000305175781	17261518	2021/06/24 
2021/06/25 	65.9000015258789	66.5999984741211	64.9000015258789	65.19999694824219	11355392	2021/06/25 
2021/06/28 	65.9000015258789	66.0	64.30000305175781	64.9000015258789	11798577	2021/06/28 
2021/06/29 	64.5	66.0	64.5	66.0	12040896	2021/06/29 
2021/06/30 	65.4000015258789	69.0	65.0999984741211	68.69999694824219	29943563	2021/06/30 
2021/07/01 	68.9000015258789	69.5	67.5	68.30000305175781	18167985	2021/07/01 
2021/07/02 	68.30000305175781	69.0999984741211	66.5999984741211	68.0999984741211	21219989	2021/07/02 
2021/07/05 	68.9000015258789	71.9000015258789	68.0999984741211	71.69999694824219	45398286	2021/07/05 
2021/07/06 	71.9000015258789	73.30000305175781	70.5	72.69999694824219	34116889	2021/07/06 
2021/07/07 	72.4000015258789	73.0999984741211	71.0999984741211	71.69999694824219	21842921	2021/07/07 
2021/07/08 	72.0	72.4000015258789	70.5999984741211	71.4000015258789	15442807	2021/07/08 
2021/07/09 	70.5999984741211	71.0	69.5	69.69999694824219	12159318	2021/07/09 
2021/07/12 	71.0	72.4000015258789	68.5999984741211	68.9000015258789	22005182	2021/07/12 
2021/07/13 	69.0999984741211	69.69999694824219	66.69999694824219	67.0999984741211	35263425	2021/07/13 
2021/07/14 	68.0	69.4000015258789	66.69999694824219	67.19999694824219	11088185	2021/07/14 
2021/07/15 	67.69999694824219	68.69999694824219	67.19999694824219	68.5	9679719	2021/07/15 
2021/07/16 	67.9000015258789	67.9000015258789	66.19999694824219	67.19999694824219	8859400	2021/07/16 
2021/07/19 	67.0	68.19999694824219	65.30000305175781	67.4000015258789	12960640	2021/07/19 
2021/07/20 	66.80000305175781	67.4000015258789	65.80000305175781	66.0999984741211	12009878	2021/07/20 
2021/07/21 	67.0	67.80000305175781	64.9000015258789	65.0	13681811	2021/07/21 
2021/07/22 	65.5999984741211	67.0999984741211	65.30000305175781	66.5	10019352	2021/07/22 
2021/07/23 	66.80000305175781	67.19999694824219	65.9000015258789	66.5999984741211	6520854	2021/07/23 
2021/07/26 	67.0999984741211	67.5	66.5999984741211	67.19999694824219	7710548	2021/07/26 
2021/07/27 	67.5	67.80000305175781	65.5	66.0999984741211	8327063	2021/07/27 
2021/07/28 	65.0999984741211	66.0999984741211	62.0	63.29999923706055	25351821	2021/07/28 
2021/07/29 	63.5	65.0	63.099998474121094	64.5	8846776	2021/07/29 
2021/07/30 	64.5	69.30000305175781	64.19999694824219	68.5	38511855	2021/07/30 
2021/08/02 	68.4000015258789	70.30000305175781	67.0999984741211	69.30000305175781	26109087	2021/08/02 
2021/08/03 	69.5	70.5999984741211	67.69999694824219	70.5999984741211	36067168	2021/08/03 
2021/08/04 	70.0	72.4000015258789	70.0	71.80000305175781	35612948	2021/08/04 
2021/08/05 	72.19999694824219	73.0	70.30000305175781	72.0999984741211	30292289	2021/08/05 
2021/08/06 	72.4000015258789	72.80000305175781	71.4000015258789	71.69999694824219	19041869	2021/08/06 
2021/08/09 	72.0	72.4000015258789	68.19999694824219	68.5999984741211	29705174	2021/08/09 
2021/08/10 	69.30000305175781	70.0	67.9000015258789	68.30000305175781	13178238	2021/08/10 
2021/08/11 	68.4000015258789	68.5999984741211	65.69999694824219	66.80000305175781	28778315	2021/08/11 
2021/08/12 	66.5999984741211	67.5	65.69999694824219	67.0999984741211	7729789	2021/08/12 
2021/08/13 	66.69999694824219	67.4000015258789	64.80000305175781	65.19999694824219	15729827	2021/08/13 
2021/08/16 	64.69999694824219	65.30000305175781	63.29999923706055	63.79999923706055	15143974	2021/08/16 
2021/08/17 	64.0	65.5	63.400001525878906	64.0999984741211	11469960	2021/08/17 
2021/08/18 	64.30000305175781	66.5	62.5	66.19999694824219	11747396	2021/08/18 
2021/08/19 	66.69999694824219	66.69999694824219	63.400001525878906	64.0	12965005	2021/08/19 
2021/08/20 	63.900001525878906	65.0999984741211	63.29999923706055	63.79999923706055	9971822	2021/08/20 
2021/08/23 	64.30000305175781	65.9000015258789	64.30000305175781	65.19999694824219	9794275	2021/08/23 
2021/08/24 	65.30000305175781	66.5	63.900001525878906	64.19999694824219	9411945	2021/08/24 
2021/08/25 	64.69999694824219	65.80000305175781	64.0999984741211	65.0999984741211	14979201	2021/08/25 
2021/08/26 	66.30000305175781	68.0	65.5	66.19999694824219	11271310	2021/08/26 
2021/08/27 	66.30000305175781	66.80000305175781	65.30000305175781	66.0	7570416	2021/08/27 
2021/08/30 	66.0999984741211	67.0999984741211	65.69999694824219	66.69999694824219	7385276	2021/08/30 
2021/08/31 	67.19999694824219	67.19999694824219	65.9000015258789	66.9000015258789	4913062	2021/08/31 
2021/09/01 	67.5999984741211	67.80000305175781	66.5999984741211	67.80000305175781	8372493	2021/09/01 
2021/09/02 	68.19999694824219	69.69999694824219	67.30000305175781	67.4000015258789	19036544	2021/09/02 
2021/09/03 	68.19999694824219	70.30000305175781	67.69999694824219	69.9000015258789	32397344	2021/09/03 
2021/09/06 	70.30000305175781	70.80000305175781	68.30000305175781	69.0	20005657	2021/09/06 
2021/09/07 	69.30000305175781	69.9000015258789	66.0999984741211	66.69999694824219	20944501	2021/09/07 
2021/09/08 	66.19999694824219	66.69999694824219	64.80000305175781	65.19999694824219	14274933	2021/09/08 
2021/09/09 	65.30000305175781	67.5	64.19999694824219	66.5999984741211	6963626	2021/09/09 
2021/09/10 	67.0	67.9000015258789	66.5999984741211	67.0999984741211	6387469	2021/09/10 
2021/09/13 	67.30000305175781	68.5999984741211	66.80000305175781	67.69999694824219	6597946	2021/09/13 
2021/09/14 	67.69999694824219	67.80000305175781	66.4000015258789	66.9000015258789	5087475	2021/09/14 
2021/09/15 	66.9000015258789	67.5	65.9000015258789	67.0	10958887	2021/09/15 
2021/09/16 	67.4000015258789	68.19999694824219	66.30000305175781	67.0	9570330	2021/09/16 
2021/09/17 	66.9000015258789	67.9000015258789	66.69999694824219	67.30000305175781	11979724	2021/09/17 
2021/09/22 	66.5999984741211	66.5999984741211	64.5999984741211	65.4000015258789	8382312	2021/09/22 
2021/09/23 	66.30000305175781	67.0	65.80000305175781	66.4000015258789	5009347	2021/09/23 
2021/09/24 	66.30000305175781	67.19999694824219	66.19999694824219	66.4000015258789	4445773	2021/09/24 
2021/09/27 	66.9000015258789	67.30000305175781	66.0999984741211	66.4000015258789	4333381	2021/09/27 
2021/09/28 	66.0	66.4000015258789	65.19999694824219	65.69999694824219	7897954	2021/09/28 
2021/09/29 	64.80000305175781	65.5	63.900001525878906	64.0999984741211	15483621	2021/09/29 
2021/09/30 	64.5	65.30000305175781	64.0999984741211	64.9000015258789	9282839	2021/09/30 
2021/10/01 	65.0	65.5	63.900001525878906	64.0	13787796	2021/10/01 
2021/10/04 	64.5	65.19999694824219	63.400001525878906	63.70000076293945	9749927	2021/10/04 
2021/10/05 	63.29999923706055	63.70000076293945	61.0	63.400001525878906	11255721	2021/10/05 
2021/10/06 	63.400001525878906	64.0	62.0	62.5	8436143	2021/10/06 
2021/10/07 	62.400001525878906	63.29999923706055	62.400001525878906	63.29999923706055	11897238	2021/10/07 
2021/10/08 	63.0	63.400001525878906	62.5	62.599998474121094	4832273	2021/10/08 
2021/10/12 	62.900001525878906	63.29999923706055	62.29999923706055	62.400001525878906	8275378	2021/10/12 
2021/10/13 	62.70000076293945	62.79999923706055	61.099998474121094	61.79999923706055	11535713	2021/10/13 
2021/10/14 	61.79999923706055	62.29999923706055	61.70000076293945	61.70000076293945	4459710	2021/10/14 
2021/10/15 	62.29999923706055	63.79999923706055	62.099998474121094	63.099998474121094	9576120	2021/10/15 
2021/10/18 	63.5	63.5	62.20000076293945	62.70000076293945	5346402	2021/10/18 
2021/10/19 	62.79999923706055	63.0	62.20000076293945	62.599998474121094	5837883	2021/10/19 
2021/10/20 	62.70000076293945	62.70000076293945	61.599998474121094	61.79999923706055	11327854	2021/10/20 
2021/10/21 	61.900001525878906	62.900001525878906	61.400001525878906	62.400001525878906	8039383	2021/10/21 
2021/10/22 	62.900001525878906	63.0	62.20000076293945	62.599998474121094	3306934	2021/10/22 
2021/10/25 	62.599998474121094	62.70000076293945	62.0	62.5	7993638	2021/10/25 
2021/10/26 	62.5	67.19999694824219	62.29999923706055	66.80000305175781	23978712	2021/10/26 
2021/10/27 	66.9000015258789	68.5	66.5999984741211	68.19999694824219	17428521	2021/10/27 
2021/10/28 	68.0	68.0	65.30000305175781	66.9000015258789	16334576	2021/10/28 
2021/10/29 	66.69999694824219	66.80000305175781	65.69999694824219	66.4000015258789	7179605	2021/10/29 
2021/11/01 	66.30000305175781	67.19999694824219	65.9000015258789	67.19999694824219	7149294	2021/11/01 
2021/11/02 	66.9000015258789	68.69999694824219	66.9000015258789	67.9000015258789	19816336	2021/11/02 
2021/11/03 	68.0	68.69999694824219	67.5999984741211	68.0999984741211	9324703	2021/11/03 
2021/11/04 	68.0	68.80000305175781	67.0999984741211	67.69999694824219	10884645	2021/11/04 
2021/11/05 	68.30000305175781	69.4000015258789	67.9000015258789	68.4000015258789	15309521	2021/11/05 
2021/11/08 	68.5	70.9000015258789	68.30000305175781	70.4000015258789	36864487	2021/11/08 
2021/11/09 	71.0	75.30000305175781	70.80000305175781	75.30000305175781	72522677	2021/11/09 
2021/11/10 	75.30000305175781	76.5999984741211	73.9000015258789	74.9000015258789	36673743	2021/11/10 
2021/11/11 	74.5999984741211	75.9000015258789	73.0	74.5	23319607	2021/11/11 
2021/11/12 	74.5999984741211	75.69999694824219	73.5999984741211	74.0	22704123	2021/11/12 
2021/11/15 	74.0999984741211	75.4000015258789	74.0999984741211	74.4000015258789	17163390	2021/11/15 
2021/11/16 	74.5	75.0999984741211	72.69999694824219	73.0999984741211	24304763	2021/11/16 
2021/11/17 	72.69999694824219	73.0999984741211	70.0999984741211	71.30000305175781	23730915	2021/11/17 
2021/11/18 	71.30000305175781	73.30000305175781	70.9000015258789	73.0	14282514	2021/11/18 
2021/11/19 	73.0999984741211	74.80000305175781	72.9000015258789	73.30000305175781	11407862	2021/11/19 
2021/11/22 	73.5999984741211	75.5	73.19999694824219	73.80000305175781	25754183	2021/11/22 
2021/11/23 	73.9000015258789	74.5	73.0999984741211	74.0	14047130	2021/11/23 
2021/11/24 	74.4000015258789	74.80000305175781	73.9000015258789	74.80000305175781	11677267	2021/11/24 
2021/11/25 	74.69999694824219	75.5	74.5	75.0999984741211	18380897	2021/11/25 
2021/11/26 	75.5	75.9000015258789	73.80000305175781	74.5999984741211	18098794	2021/11/26 
2021/11/29 	74.0	74.5999984741211	72.69999694824219	74.4000015258789	13795542	2021/11/29 
2021/11/30 	74.5	76.4000015258789	74.4000015258789	75.69999694824219	25752570	2021/11/30 
2021/12/01 	76.0	77.0999984741211	75.19999694824219	76.5999984741211	25302631	2021/12/01 
2021/12/02 	77.0	79.30000305175781	76.5999984741211	79.0999984741211	38968085	2021/12/02 
2021/12/03 	79.30000305175781	80.30000305175781	77.9000015258789	78.5	48174764	2021/12/03 
2021/12/06 	78.0	78.9000015258789	72.0999984741211	75.9000015258789	78985295	2021/12/06 
2021/12/07 	76.0	77.0999984741211	73.5	73.5999984741211	45574732	2021/12/07 
2021/12/08 	74.80000305175781	75.0	72.5999984741211	72.69999694824219	31605591	2021/12/08 
2021/12/09 	72.19999694824219	72.5	70.9000015258789	71.0	36872845	2021/12/09 
2021/12/10 	70.4000015258789	74.19999694824219	69.5	72.69999694824219	31102483	2021/12/10 
2021/12/13 	72.5	72.5999984741211	71.0	71.0	18733295	2021/12/13 
2021/12/14 	70.5999984741211	70.9000015258789	69.5	69.80000305175781	20048243	2021/12/14 
2021/12/15 	70.0	70.69999694824219	69.5999984741211	70.19999694824219	11199742	2021/12/15 
2021/12/16 	71.5999984741211	71.69999694824219	70.30000305175781	70.5999984741211	14375400	2021/12/16 
2021/12/17 	70.0	70.30000305175781	69.69999694824219	69.9000015258789	14324849	2021/12/17 
2021/12/20 	70.0	70.0999984741211	69.0	69.30000305175781	12573318	2021/12/20 
2021/12/21 	69.80000305175781	70.80000305175781	69.30000305175781	70.80000305175781	11317482	2021/12/21 
2021/12/22 	71.4000015258789	71.69999694824219	70.80000305175781	70.80000305175781	12207119	2021/12/22 
2021/12/23 	71.4000015258789	71.5	70.19999694824219	70.30000305175781	9441823	2021/12/23 
2021/12/24 	70.5	71.0	70.30000305175781	70.4000015258789	8108658	2021/12/24 
2021/12/27 	70.9000015258789	71.4000015258789	70.80000305175781	70.9000015258789	9715312	2021/12/27 
2021/12/28 	71.4000015258789	71.5999984741211	71.0999984741211	71.4000015258789	12220817	2021/12/28 
2021/12/29 	71.5999984741211	71.9000015258789	71.19999694824219	71.5999984741211	9050985	2021/12/29 
2021/12/30 	71.5999984741211	71.69999694824219	71.19999694824219	71.19999694824219	12144036	2021/12/30 
2022/01/03 	71.19999694824219	71.19999694824219	69.80000305175781	70.0	16448624	2022/01/03 
2022/01/04 	70.0999984741211	70.19999694824219	69.19999694824219	69.19999694824219	17040233	2022/01/04 
2022/01/05 	69.4000015258789	70.19999694824219	69.0	69.30000305175781	10933429	2022/01/05 
2022/01/06 	69.0	69.0	68.0	68.5	14471044	2022/01/06 
2022/01/07 	68.4000015258789	68.9000015258789	66.5	67.5	18851901	2022/01/07 
2022/01/10 	66.5	67.30000305175781	66.0	67.0	11897258	2022/01/10 
2022/01/11 	67.4000015258789	67.80000305175781	66.69999694824219	67.0	9277247	2022/01/11 
2022/01/12 	67.30000305175781	67.5	66.5999984741211	66.9000015258789	7194756	2022/01/12 
2022/01/13 	67.0999984741211	68.19999694824219	67.0999984741211	68.19999694824219	11202380	2022/01/13 
2022/01/14 	68.4000015258789	68.5	67.0	67.30000305175781	8181019	2022/01/14 
2022/01/17 	68.19999694824219	68.30000305175781	67.5	68.0999984741211	9117442	2022/01/17 
2022/01/18 	68.4000015258789	68.4000015258789	68.0	68.0	6326003	2022/01/18 
2022/01/19 	67.0	67.80000305175781	66.80000305175781	67.80000305175781	6211444	2022/01/19 
2022/01/20 	67.69999694824219	68.0	67.30000305175781	67.9000015258789	4551423	2022/01/20 
2022/01/21 	67.69999694824219	67.69999694824219	66.5	67.19999694824219	8724827	2022/01/21 
2022/01/24 	66.69999694824219	66.80000305175781	65.0	66.19999694824219	9823841	2022/01/24 
2022/01/25 	66.0	66.30000305175781	65.5	65.5999984741211	9855955	2022/01/25 
2022/01/26 	64.4000015258789	65.30000305175781	63.79999923706055	65.19999694824219	23853971	2022/01/26 
2022/02/07 	64.69999694824219	65.0	62.599998474121094	64.5	21315344	2022/02/07 
2022/02/08 	64.5	66.30000305175781	64.4000015258789	66.0999984741211	11775069	2022/02/08 
2022/02/09 	66.5	66.5	65.30000305175781	66.19999694824219	11089788	2022/02/09 
2022/02/10 	65.5999984741211	65.9000015258789	64.30000305175781	65.0	12904623	2022/02/10 
2022/02/11 	64.30000305175781	64.4000015258789	63.70000076293945	63.900001525878906	12309241	2022/02/11 
2022/02/14 	62.599998474121094	62.599998474121094	61.5	61.5	19024422	2022/02/14 
2022/02/15 	61.29999923706055	62.0	60.400001525878906	60.400001525878906	19138531	2022/02/15 
2022/02/16 	61.0	61.400001525878906	59.0	59.20000076293945	42100486	2022/02/16 
2022/02/17 	59.5	59.900001525878906	58.099998474121094	59.599998474121094	29152277	2022/02/17 
2022/02/18 	58.900001525878906	59.29999923706055	58.400001525878906	59.20000076293945	11037898	2022/02/18 
2022/02/21 	59.0	59.0	58.5	58.599998474121094	10187633	2022/02/21 
2022/02/22 	58.29999923706055	58.400001525878906	56.5	56.599998474121094	21481267	2022/02/22 
2022/02/23 	56.099998474121094	57.29999923706055	56.0	57.099998474121094	15208502	2022/02/23 
2022/02/24 	56.0	56.099998474121094	53.099998474121094	53.29999923706055	25498151	2022/02/24 
2022/02/25 	53.599998474121094	54.0	52.29999923706055	53.29999923706055	20750604	2022/02/25 
2022/03/01 	53.599998474121094	56.29999923706055	53.5	55.900001525878906	20536496	2022/03/01 
2022/03/02 	54.5	56.0	54.099998474121094	56.0	10323388	2022/03/02 
2022/03/03 	56.0	56.099998474121094	55.0	55.400001525878906	9854811	2022/03/03 
2022/03/04 	54.70000076293945	54.900001525878906	53.79999923706055	54.0	10039029	2022/03/04 
2022/03/07 	53.0	53.099998474121094	51.29999923706055	52.20000076293945	18426731	2022/03/07 
2022/03/08 	50.599998474121094	51.599998474121094	49.70000076293945	49.70000076293945	22853212	2022/03/08 
2022/03/09 	50.099998474121094	50.599998474121094	49.79999923706055	50.20000076293945	12870046	2022/03/09 
2022/03/10 	51.400001525878906	52.0	51.29999923706055	51.5	10807247	2022/03/10 
2022/03/11 	51.400001525878906	51.5	50.79999923706055	50.900001525878906	6210777	2022/03/11 
2022/03/14 	51.0	51.5	50.70000076293945	51.400001525878906	7266968	2022/03/14 
2022/03/15 	51.0	51.099998474121094	50.0	50.400001525878906	11900468	2022/03/15 
2022/03/16 	50.900001525878906	51.400001525878906	50.20000076293945	51.400001525878906	12422792	2022/03/16 
2022/03/17 	52.900001525878906	53.400001525878906	52.5	52.900001525878906	14814920	2022/03/17 
2022/03/18 	53.0	54.20000076293945	52.5	54.20000076293945	16712161	2022/03/18 
2022/03/21 	54.900001525878906	55.29999923706055	54.0	54.5	14769583	2022/03/21 
2022/03/22 	54.599998474121094	54.599998474121094	53.79999923706055	54.20000076293945	8182214	2022/03/22 
2022/03/23 	54.29999923706055	54.70000076293945	54.0	54.20000076293945	10187137	2022/03/23 
2022/03/24 	53.599998474121094	54.20000076293945	53.29999923706055	54.20000076293945	7482130	2022/03/24 
2022/03/25 	54.5	54.70000076293945	54.0	54.099998474121094	9292399	2022/03/25 
2022/03/28 	53.79999923706055	54.0	52.70000076293945	53.900001525878906	7652166	2022/03/28 
2022/03/29 	53.79999923706055	53.900001525878906	53.099998474121094	53.79999923706055	9948623	2022/03/29 
2022/03/30 	54.0	54.20000076293945	53.29999923706055	53.70000076293945	11998102	2022/03/30 
2022/03/31 	53.400001525878906	53.599998474121094	52.79999923706055	53.0	9088155	2022/03/31 
2022/04/01 	52.29999923706055	52.400001525878906	51.70000076293945	52.0	9831373	2022/04/01 
2022/04/06 	51.79999923706055	54.29999923706055	51.400001525878906	54.29999923706055	28226586	2022/04/06 
2022/04/07 	54.29999923706055	54.900001525878906	53.79999923706055	54.5	21747208	2022/04/07 
2022/04/08 	55.0	55.20000076293945	53.70000076293945	54.29999923706055	12929576	2022/04/08 
2022/04/11 	54.5	54.5	52.29999923706055	52.29999923706055	11389752	2022/04/11 
2022/04/12 	52.29999923706055	52.5	51.5	51.79999923706055	11478432	2022/04/12 
2022/04/13 	52.900001525878906	53.900001525878906	52.400001525878906	53.0	18369212	2022/04/13 
2022/04/14 	52.79999923706055	52.79999923706055	51.79999923706055	52.0	13729859	2022/04/14 
2022/04/15 	51.599998474121094	51.70000076293945	51.099998474121094	51.599998474121094	9319640	2022/04/15 
2022/04/18 	51.5	51.599998474121094	50.900001525878906	51.0	7229994	2022/04/18 
2022/04/19 	51.400001525878906	52.0	51.400001525878906	51.79999923706055	9251837	2022/04/19 
2022/04/20 	52.20000076293945	56.0	51.70000076293945	54.5	26928867	2022/04/20 
2022/04/21 	54.29999923706055	54.900001525878906	54.0	54.400001525878906	17788210	2022/04/21 
2022/04/22 	53.400001525878906	54.5	52.599998474121094	54.400001525878906	19688390	2022/04/22 
2022/04/25 	53.0	53.599998474121094	51.79999923706055	51.900001525878906	11264666	2022/04/25 
2022/04/26 	52.70000076293945	52.70000076293945	51.599998474121094	51.900001525878906	7914527	2022/04/26 
2022/04/27 	50.5	51.5	50.29999923706055	51.099998474121094	12106002	2022/04/27 
2022/04/28 	51.900001525878906	54.20000076293945	51.599998474121094	52.79999923706055	22553671	2022/04/28 
2022/04/29 	54.0	54.20000076293945	53.099998474121094	53.599998474121094	16865213	2022/04/29 
2022/05/03 	53.5	53.79999923706055	52.79999923706055	53.0	7817937	2022/05/03 
2022/05/04 	53.5	53.70000076293945	53.0	53.20000076293945	6921350	2022/05/04 
2022/05/05 	54.099998474121094	55.0	53.79999923706055	55.0	22354271	2022/05/05 
2022/05/06 	53.599998474121094	54.20000076293945	53.400001525878906	53.79999923706055	16804826	2022/05/06 
2022/05/09 	53.79999923706055	54.20000076293945	53.099998474121094	54.0	13584119	2022/05/09 
2022/05/10 	53.29999923706055	53.70000076293945	52.70000076293945	53.20000076293945	16495019	2022/05/10 
2022/05/11 	53.599998474121094	54.5	53.400001525878906	54.400001525878906	25307366	2022/05/11 
2022/05/12 	54.0	55.5	53.900001525878906	54.0	32164667	2022/05/12 
2022/05/13 	55.70000076293945	57.70000076293945	54.70000076293945	56.5	69205421	2022/05/13 
2022/05/16 	57.400001525878906	58.400001525878906	57.0	57.5	42673227	2022/05/16 
2022/05/17 	58.20000076293945	58.29999923706055	57.5	57.79999923706055	25248141	2022/05/17 
2022/05/18 	58.5	59.20000076293945	58.099998474121094	58.400001525878906	26328636	2022/05/18 
2022/05/19 	57.0	59.0	56.5	59.0	31072873	2022/05/19 
2022/05/20 	59.20000076293945	59.400001525878906	58.5	58.79999923706055	20985437	2022/05/20 
2022/05/23 	58.29999923706055	59.20000076293945	57.099998474121094	57.20000076293945	29007056	2022/05/23 
2022/05/24 	57.5	57.900001525878906	56.400001525878906	56.599998474121094	20863819	2022/05/24 
2022/05/25 	56.599998474121094	57.599998474121094	56.29999923706055	56.599998474121094	19265453	2022/05/25 
2022/05/26 	57.0	57.0	55.20000076293945	55.70000076293945	25743037	2022/05/26 
2022/05/27 	56.20000076293945	56.79999923706055	56.0	56.5	20680928	2022/05/27 
2022/05/30 	57.099998474121094	58.5	57.0	58.099998474121094	32260576	2022/05/30 
2022/05/31 	58.20000076293945	58.79999923706055	57.70000076293945	57.79999923706055	252384113	2022/05/31 
2022/06/01 	58.0	58.29999923706055	57.5	57.79999923706055	19150249	2022/06/01 
2022/06/02 	57.599998474121094	57.599998474121094	57.0	57.20000076293945	9809802	2022/06/02 
2022/06/06 	57.70000076293945	57.900001525878906	56.29999923706055	56.400001525878906	15741757	2022/06/06 
2022/06/07 	56.20000076293945	56.29999923706055	54.599998474121094	55.70000076293945	18600547	2022/06/07 
2022/06/08 	55.5	56.099998474121094	55.20000076293945	55.29999923706055	15227950	2022/06/08 
2022/06/09 	55.29999923706055	56.099998474121094	55.099998474121094	56.099998474121094	10395477	2022/06/09 
2022/06/10 	55.5	55.79999923706055	55.099998474121094	55.79999923706055	6577837	2022/06/10 
2022/06/13 	55.0	55.0	53.400001525878906	53.5	16394117	2022/06/13 
2022/06/14 	52.5	52.70000076293945	51.70000076293945	52.099998474121094	21435133	2022/06/14 
2022/06/15 	52.400001525878906	52.599998474121094	51.29999923706055	51.400001525878906	19138615	2022/06/15 
2022/06/16 	52.0	52.20000076293945	50.0	50.099998474121094	25294808	2022/06/16 
2022/06/17 	49.29999923706055	50.900001525878906	48.79999923706055	50.400001525878906	51362589	2022/06/17 
2022/06/20 	50.29999923706055	50.29999923706055	47.849998474121094	47.849998474121094	32381135	2022/06/20 
2022/06/21 	48.20000076293945	48.79999923706055	47.349998474121094	48.45000076293945	18186733	2022/06/21 
2022/06/22 	48.79999923706055	48.79999923706055	46.349998474121094	46.349998474121094	18155988	2022/06/22 
2022/06/23 	46.349998474121094	46.54999923706055	42.79999923706055	43.5	38918091	2022/06/23 
2022/06/24 	43.900001525878906	44.0	42.650001525878906	43.0	22354131	2022/06/24 
2022/06/27 	43.900001525878906	44.79999923706055	43.54999923706055	44.25	17626688	2022/06/27 
2022/06/28 	44.29999923706055	44.29999923706055	42.599998474121094	42.79999923706055	18181530	2022/06/28 
2022/06/29 	41.54999923706055	42.150001525878906	41.25	41.70000076293945	22106857	2022/06/29 
2022/06/30 	41.650001525878906	41.650001525878906	40.04999923706055	40.099998474121094	21232042	2022/06/30 
2022/07/01 	40.04999923706055	40.70000076293945	37.79999923706055	37.849998474121094	27901446	2022/07/01 
2022/07/04 	38.0	38.849998474121094	37.650001525878906	38.29999923706055	15227661	2022/07/04 
2022/07/05 	39.150001525878906	39.45000076293945	38.04999923706055	39.0	13728184	2022/07/05 
2022/07/06 	39.099998474121094	39.54999923706055	38.5	38.95000076293945	17056015	2022/07/06 
2022/07/07 	39.150001525878906	40.95000076293945	38.75	40.400001525878906	23828710	2022/07/07 
2022/07/08 	41.150001525878906	41.349998474121094	40.29999923706055	40.54999923706055	15427829	2022/07/08 
2022/07/11 	40.650001525878906	41.0	39.70000076293945	40.099998474121094	10650396	2022/07/11 
2022/07/12 	39.54999923706055	39.599998474121094	38.099998474121094	38.349998474121094	14530595	2022/07/12 
2022/07/13 	39.5	39.75	38.650001525878906	39.25	16487052	2022/07/13 
2022/07/14 	38.54999923706055	39.29999923706055	38.29999923706055	39.0	14726344	2022/07/14 
2022/07/15 	39.25	40.5	39.0	40.04999923706055	18669513	2022/07/15 
2022/07/18 	38.54999923706055	39.599998474121094	38.04999923706055	39.25	37899842	2022/07/18 
2022/07/19 	38.0	38.95000076293945	37.79999923706055	38.75	24951407	2022/07/19 
2022/07/20 	39.70000076293945	40.150001525878906	39.5	39.70000076293945	21916631	2022/07/20 
2022/07/21 	39.95000076293945	42.0	39.900001525878906	41.79999923706055	32482275	2022/07/21 
2022/07/22 	42.29999923706055	43.0	41.45000076293945	41.75	27481680	2022/07/22 
2022/07/25 	40.95000076293945	40.95000076293945	40.150001525878906	40.25	16339894	2022/07/25 
2022/07/26 	40.0	40.0	38.599998474121094	38.849998474121094	23342270	2022/07/26 
2022/07/27 	38.599998474121094	39.54999923706055	38.599998474121094	39.45000076293945	10898424	2022/07/27 
2022/07/28 	40.04999923706055	40.20000076293945	38.20000076293945	38.25	25195401	2022/07/28 
2022/07/29 	36.349998474121094	36.349998474121094	35.099998474121094	35.25	104006842	2022/07/29 
2022/08/01 	35.349998474121094	36.0	35.20000076293945	35.650001525878906	30813299	2022/08/01 
2022/08/02 	35.349998474121094	35.400001525878906	34.0	34.20000076293945	41213098	2022/08/02 
2022/08/03 	33.5	34.400001525878906	33.5	34.0	27920568	2022/08/03 
2022/08/04 	34.150001525878906	34.349998474121094	33.349998474121094	33.79999923706055	26332975	2022/08/04 
2022/08/05 	34.150001525878906	34.45000076293945	33.849998474121094	34.20000076293945	35412214	2022/08/05 
2022/08/08 	33.900001525878906	34.0	33.54999923706055	33.599998474121094	20744708	2022/08/08 
2022/08/09 	33.45000076293945	34.150001525878906	33.400001525878906	33.900001525878906	20227429	2022/08/09 
2022/08/10 	33.54999923706055	33.599998474121094	33.150001525878906	33.25	20504527	2022/08/10 
2022/08/11 	33.900001525878906	34.099998474121094	33.70000076293945	33.849998474121094	36556692	2022/08/11 
2022/08/12 	34.04999923706055	35.5	33.849998474121094	35.349998474121094	61906047	2022/08/12 
2022/08/15 	35.650001525878906	35.900001525878906	35.150001525878906	35.650001525878906	42992252	2022/08/15 
2022/08/16 	35.900001525878906	36.54999923706055	35.400001525878906	35.5	58123129	2022/08/16 
2022/08/17 	35.54999923706055	36.45000076293945	35.349998474121094	36.29999923706055	43724643	2022/08/17 
2022/08/18 	36.29999923706055	36.400001525878906	35.70000076293945	35.79999923706055	42407479	2022/08/18 
2022/08/19 	35.900001525878906	36.099998474121094	35.54999923706055	35.70000076293945	26826059	2022/08/19 
2022/08/22 	35.5	35.54999923706055	35.099998474121094	35.20000076293945	17110000	2022/08/22 
2022/08/23 	34.099998474121094	34.45000076293945	33.849998474121094	33.95000076293945	28755817	2022/08/23 
2022/08/24 	34.099998474121094	34.25	33.400001525878906	33.400001525878906	25698307	2022/08/24 
2022/08/25 	33.650001525878906	34.75	33.599998474121094	34.25	25223751	2022/08/25 
2022/08/26 	34.79999923706055	35.29999923706055	34.75	34.849998474121094	24158666	2022/08/26 
2022/08/29 	33.70000076293945	34.0	33.54999923706055	33.900001525878906	21865341	2022/08/29 
2022/08/30 	34.0	34.29999923706055	33.79999923706055	34.0	14774070	2022/08/30 
2022/08/31 	33.79999923706055	34.45000076293945	33.400001525878906	34.45000076293945	45183281	2022/08/31 
2022/09/01 	33.79999923706055	33.900001525878906	33.29999923706055	33.650001525878906	36554335	2022/09/01 
2022/09/02 	33.650001525878906	34.04999923706055	33.5	33.54999923706055	22201308	2022/09/02 
2022/09/05 	33.5	33.70000076293945	30.5	30.549999237060547	75896119	2022/09/05 
2022/09/06 	30.899999618530273	31.549999237060547	30.600000381469727	30.799999237060547	34792519	2022/09/06 
2022/09/07 	30.600000381469727	30.75	29.75	30.100000381469727	28036182	2022/09/07 
2022/09/08 	30.649999618530273	30.899999618530273	30.200000762939453	30.700000762939453	19636504	2022/09/08 
2022/09/12 	31.600000381469727	31.950000762939453	31.350000381469727	31.75	22551169	2022/09/12 
2022/09/13 	32.25	32.70000076293945	31.799999237060547	32.0	29715951	2022/09/13 
2022/09/14 	30.899999618530273	31.600000381469727	30.75	31.600000381469727	23850596	2022/09/14 
2022/09/15 	32.20000076293945	32.900001525878906	31.950000762939453	32.75	32352578	2022/09/15 
2022/09/16 	32.29999923706055	32.400001525878906	31.600000381469727	32.150001525878906	153993633	2022/09/16 
2022/09/19 	32.099998474121094	32.400001525878906	31.450000762939453	31.75	28764476	2022/09/19 
2022/09/20 	32.20000076293945	32.20000076293945	31.5	31.549999237060547	19583896	2022/09/20 
2022/09/21 	31.600000381469727	31.649999618530273	31.200000762939453	31.299999237060547	19593001	2022/09/21 
2022/09/22 	30.950000762939453	30.950000762939453	30.399999618530273	30.549999237060547	20076438	2022/09/22 
2022/09/23 	30.600000381469727	31.25	30.549999237060547	31.0	18476219	2022/09/23 
2022/09/26 	30.549999237060547	30.75	29.149999618530273	29.299999237060547	29194280	2022/09/26 
2022/09/27 	29.600000381469727	29.899999618530273	29.350000381469727	29.649999618530273	13045907	2022/09/27 
2022/09/28 	29.600000381469727	29.75	28.350000381469727	28.549999237060547	25388774	2022/09/28 
2022/09/29 	29.100000381469727	29.25	26.0	27.799999237060547	63981720	2022/09/29 
2022/09/30 	27.200000762939453	28.649999618530273	27.049999237060547	28.5	31514746	2022/09/30 
2022/10/03 	28.0	28.899999618530273	27.700000762939453	28.799999237060547	18369489	2022/10/03 
2022/10/04 	29.549999237060547	29.950000762939453	29.450000762939453	29.850000381469727	19519876	2022/10/04 
2022/10/05 	30.450000762939453	30.950000762939453	30.049999237060547	30.350000381469727	24944262	2022/10/05 
2022/10/06 	30.75	30.75	29.899999618530273	30.149999618530273	19093868	2022/10/06 
2022/10/07 	30.0	30.350000381469727	29.700000762939453	29.950000762939453	11954663	2022/10/07 
2022/10/11 	28.850000381469727	28.899999618530273	28.0	28.049999237060547	19186310	2022/10/11 
2022/10/12 	28.100000381469727	28.5	27.649999618530273	28.100000381469727	19774641	2022/10/12 
2022/10/13 	28.200000762939453	28.299999237060547	26.850000381469727	26.950000762939453	19085014	2022/10/13 
2022/10/14 	28.100000381469727	29.299999237060547	28.100000381469727	29.200000762939453	25382377	2022/10/14 
2022/10/17 	28.5	29.549999237060547	28.0	29.5	16676456	2022/10/17 
2022/10/18 	30.0	30.149999618530273	29.350000381469727	29.899999618530273	14557073	2022/10/18 
2022/10/19 	30.0	30.299999237060547	29.799999237060547	29.899999618530273	14039962	2022/10/19 
2022/10/20 	29.5	31.0	29.399999618530273	31.0	25970392	2022/10/20 
2022/10/21 	30.649999618530273	31.399999618530273	30.149999618530273	30.200000762939453	26994743	2022/10/21 
2022/10/24 	31.049999237060547	31.950000762939453	31.0	31.0	35820399	2022/10/24 
2022/10/25 	31.399999618530273	31.5	30.25	30.450000762939453	21728024	2022/10/25 
2022/10/26 	30.350000381469727	30.799999237060547	30.25	30.450000762939453	14424694	2022/10/26 
2022/10/27 	30.549999237060547	30.950000762939453	30.450000762939453	30.899999618530273	12801297	2022/10/27 
2022/10/28 	30.549999237060547	30.700000762939453	29.700000762939453	29.700000762939453	18740794	2022/10/28 
2022/10/31 	30.350000381469727	31.0	30.25	30.799999237060547	18171193	2022/10/31 
2022/11/01 	30.600000381469727	31.149999618530273	30.600000381469727	30.649999618530273	12262376	2022/11/01 
2022/11/02 	30.799999237060547	31.450000762939453	30.649999618530273	31.299999237060547	17220659	2022/11/02 
2022/11/03 	30.850000381469727	31.700000762939453	30.799999237060547	31.450000762939453	16218664	2022/11/03 
2022/11/04 	31.200000762939453	31.850000381469727	30.899999618530273	31.850000381469727	17321860	2022/11/04 
2022/11/07 	32.29999923706055	32.79999923706055	32.20000076293945	32.75	27139200	2022/11/07 
2022/11/08 	33.0	33.04999923706055	31.899999618530273	32.0	26846276	2022/11/08 
2022/11/09 	32.29999923706055	32.79999923706055	32.20000076293945	32.70000076293945	22959838	2022/11/09 
2022/11/10 	32.400001525878906	32.650001525878906	32.20000076293945	32.599998474121094	11596577	2022/11/10 
2022/11/11 	34.5	34.79999923706055	33.20000076293945	33.29999923706055	37071620	2022/11/11 
2022/11/14 	33.650001525878906	33.95000076293945	33.29999923706055	33.45000076293945	17211182	2022/11/14 
2022/11/15 	33.5	34.650001525878906	33.29999923706055	34.349998474121094	39343515	2022/11/15 
2022/11/16 	34.650001525878906	34.70000076293945	33.70000076293945	34.04999923706055	27870892	2022/11/16 
2022/11/17 	33.79999923706055	34.150001525878906	33.29999923706055	34.150001525878906	18887181	2022/11/17 
2022/11/18 	34.29999923706055	34.70000076293945	33.5	33.650001525878906	21297909	2022/11/18 
2022/11/21 	33.75	33.79999923706055	32.849998474121094	32.849998474121094	13661475	2022/11/21 
2022/11/22 	31.700000762939453	32.150001525878906	31.299999237060547	31.850000381469727	36080254	2022/11/22 
2022/11/23 	32.099998474121094	33.0	32.099998474121094	32.95000076293945	27010586	2022/11/23 
2022/11/24 	33.20000076293945	33.45000076293945	32.849998474121094	33.29999923706055	16384169	2022/11/24 
2022/11/25 	33.25	33.45000076293945	32.849998474121094	32.900001525878906	13724119	2022/11/25 
2022/11/28 	32.599998474121094	32.650001525878906	32.20000076293945	32.25	15503179	2022/11/28 
2022/11/29 	32.25	32.75	31.799999237060547	32.599998474121094	14057560	2022/11/29 
2022/11/30 	32.70000076293945	33.29999923706055	32.45000076293945	33.29999923706055	21107240	2022/11/30 
2022/12/01 	34.0	34.45000076293945	33.70000076293945	34.0	30797135	2022/12/01 
2022/12/02 	33.79999923706055	34.650001525878906	33.70000076293945	34.599998474121094	23793423	2022/12/02 
2022/12/05 	34.79999923706055	35.650001525878906	34.650001525878906	35.150001525878906	41015506	2022/12/05 
2022/12/06 	34.900001525878906	34.95000076293945	33.79999923706055	33.95000076293945	33801998	2022/12/06 
2022/12/07 	33.75	34.20000076293945	33.150001525878906	33.349998474121094	19504435	2022/12/07 
2022/12/08 	33.349998474121094	33.45000076293945	32.79999923706055	33.04999923706055	11851617	2022/12/08 
2022/12/09 	33.599998474121094	33.79999923706055	33.25	33.45000076293945	11979876	2022/12/09 
2022/12/12 	32.650001525878906	32.75	32.04999923706055	32.20000076293945	25361990	2022/12/12 
2022/12/13 	32.5	32.75	32.29999923706055	32.400001525878906	14056581	2022/12/13 
2022/12/14 	32.75	33.45000076293945	32.650001525878906	33.349998474121094	17286280	2022/12/14 
2022/12/15 	33.099998474121094	33.349998474121094	32.900001525878906	32.95000076293945	13453293	2022/12/15 
2022/12/16 	32.29999923706055	32.849998474121094	32.099998474121094	32.650001525878906	18177014	2022/12/16 
2022/12/19 	32.349998474121094	33.29999923706055	32.29999923706055	32.900001525878906	15344444	2022/12/19 
2022/12/20 	33.04999923706055	33.45000076293945	32.25	32.29999923706055	21332324	2022/12/20 
2022/12/21 	32.599998474121094	32.900001525878906	32.400001525878906	32.650001525878906	14036988	2022/12/21 
2022/12/22 	33.04999923706055	33.5	33.0	33.400001525878906	18410610	2022/12/22 
2022/12/23 	32.900001525878906	33.349998474121094	32.70000076293945	33.29999923706055	10150101	2022/12/23 
2022/12/26 	33.349998474121094	33.400001525878906	32.599998474121094	32.75	10786166	2022/12/26 
2022/12/27 	32.75	33.650001525878906	32.75	33.0	15363422	2022/12/27 
2022/12/28 	33.04999923706055	33.04999923706055	32.04999923706055	32.150001525878906	17369669	2022/12/28 
2022/12/29 	31.899999618530273	32.099998474121094	31.399999618530273	32.04999923706055	12663929	2022/12/29 
2022/12/30 	32.45000076293945	32.599998474121094	31.850000381469727	31.850000381469727	8697779	2022/12/30 
2023/01/03 	31.850000381469727	32.349998474121094	31.399999618530273	32.349998474121094	12959792	2023/01/03 
2023/01/04 	32.25	32.70000076293945	32.20000076293945	32.25	8054811	2023/01/04 
2023/01/05 	32.599998474121094	32.95000076293945	32.5	32.650001525878906	12097870	2023/01/05 
2023/01/06 	33.0	33.45000076293945	32.900001525878906	33.45000076293945	24839099	2023/01/06 
2023/01/09 	34.0	34.04999923706055	33.0	33.900001525878906	42254532	2023/01/09 
2023/01/10 	33.900001525878906	34.29999923706055	33.70000076293945	34.0	24127312	2023/01/10 
2023/01/11 	34.0	34.29999923706055	33.70000076293945	34.29999923706055	21370824	2023/01/11 
2023/01/12 	34.25	34.29999923706055	33.849998474121094	33.849998474121094	13934588	2023/01/12 
2023/01/13 	34.25	34.400001525878906	33.599998474121094	33.650001525878906	15332217	2023/01/13 
2023/01/16 	33.650001525878906	33.650001525878906	32.5	32.54999923706055	31989192	2023/01/16 
2023/01/17 	32.349998474121094	32.400001525878906	32.04999923706055	32.29999923706055	20144714	2023/01/17 
2023/01/30 	33.20000076293945	33.95000076293945	32.849998474121094	33.95000076293945	43756766	2023/01/30 
2023/01/31 	33.900001525878906	34.45000076293945	33.70000076293945	34.29999923706055	28841464	2023/01/31 
2023/02/01 	34.54999923706055	35.099998474121094	34.29999923706055	35.0	30742079	2023/02/01 
2023/02/02 	35.45000076293945	35.849998474121094	35.20000076293945	35.29999923706055	33954725	2023/02/02 
2023/02/03 	35.29999923706055	35.29999923706055	34.400001525878906	34.5	25362470	2023/02/03 
2023/02/06 	34.20000076293945	34.29999923706055	33.70000076293945	33.70000076293945	19339606	2023/02/06 
2023/02/07 	33.599998474121094	34.099998474121094	33.599998474121094	33.79999923706055	11022752	2023/02/07 
2023/02/08 	34.20000076293945	34.900001525878906	34.0	34.599998474121094	20851034	2023/02/08 
2023/02/09 	34.29999923706055	34.54999923706055	34.150001525878906	34.150001525878906	10756386	2023/02/09 
2023/02/10 	34.150001525878906	34.150001525878906	33.70000076293945	33.70000076293945	13457160	2023/02/10 
2023/02/13 	33.599998474121094	33.599998474121094	33.0	33.150001525878906	13289137	2023/02/13 
2023/02/14 	33.5	33.70000076293945	33.45000076293945	33.599998474121094	8936204	2023/02/14 
2023/02/15 	33.54999923706055	33.70000076293945	33.099998474121094	33.25	12119995	2023/02/15 
2023/02/16 	33.29999923706055	33.650001525878906	33.29999923706055	33.5	9484483	2023/02/16 
2023/02/17 	33.29999923706055	33.45000076293945	33.20000076293945	33.29999923706055	7628428	2023/02/17 
2023/02/20 	33.29999923706055	33.79999923706055	33.29999923706055	33.79999923706055	10234908	2023/02/20 
2023/02/21 	33.95000076293945	34.099998474121094	33.79999923706055	33.900001525878906	9266126	2023/02/21 
2023/02/22 	33.25	33.400001525878906	33.04999923706055	33.400001525878906	16895960	2023/02/22 
