Date	Open	High	Low	Close	Volume	Date
2020/03/25 	21.5	26.100000381469727	21.5	24.5	131781	2020/03/25 
2020/03/26 	23.799999237060547	26.75	20.799999237060547	25.649999618530273	227214	2020/03/26 
2020/03/27 	25.0	26.600000381469727	22.899999618530273	23.5	220610	2020/03/27 
2020/03/30 	23.5	23.5	23.5	23.5	0	2020/03/30 
2020/03/31 	23.5	23.5	23.5	23.5	0	2020/03/31 
2020/04/01 	23.5	23.5	23.5	23.5	0	2020/04/01 
2020/04/06 	23.049999237060547	25.649999618530273	23.049999237060547	24.0	151000	2020/04/06 
2020/04/07 	24.149999618530273	24.600000381469727	24.0	24.450000762939453	125000	2020/04/07 
2020/04/08 	24.649999618530273	25.700000762939453	23.850000381469727	24.799999237060547	374314	2020/04/08 
2020/04/09 	25.350000381469727	26.0	24.399999618530273	24.5	418998	2020/04/09 
2020/04/10 	24.850000381469727	25.0	23.899999618530273	24.0	233287	2020/04/10 
2020/04/13 	23.649999618530273	24.450000762939453	23.5	24.399999618530273	108950	2020/04/13 
2020/04/14 	23.950000762939453	24.25	23.950000762939453	24.049999237060547	63053	2020/04/14 
2020/04/15 	24.299999237060547	25.200000762939453	24.299999237060547	24.899999618530273	169245	2020/04/15 
2020/04/16 	25.100000381469727	25.299999237060547	24.549999237060547	25.0	293672	2020/04/16 
2020/04/17 	27.25	28.649999618530273	25.950000762939453	28.200000762939453	966016	2020/04/17 
2020/04/20 	28.950000762939453	29.0	26.899999618530273	27.899999618530273	270007	2020/04/20 
2020/04/21 	27.100000381469727	27.100000381469727	25.450000762939453	26.0	127019	2020/04/21 
2020/04/22 	25.600000381469727	25.899999618530273	24.200000762939453	25.549999237060547	95187	2020/04/22 
2020/04/23 	25.549999237060547	25.549999237060547	25.549999237060547	25.549999237060547	0	2020/04/23 
2020/04/24 	25.549999237060547	25.549999237060547	25.549999237060547	25.549999237060547	0	2020/04/24 
2020/04/27 	25.549999237060547	25.549999237060547	25.549999237060547	25.549999237060547	0	2020/04/27 
2020/04/28 	25.549999237060547	25.549999237060547	25.549999237060547	25.549999237060547	0	2020/04/28 
2020/04/29 	25.549999237060547	25.549999237060547	25.549999237060547	25.549999237060547	0	2020/04/29 
2020/04/30 	25.549999237060547	25.549999237060547	25.549999237060547	25.549999237060547	0	2020/04/30 
2020/05/04 	25.549999237060547	25.549999237060547	25.549999237060547	25.549999237060547	0	2020/05/04 
2020/05/05 	25.549999237060547	25.549999237060547	25.549999237060547	25.549999237060547	0	2020/05/05 
2020/05/06 	25.549999237060547	25.549999237060547	25.549999237060547	25.549999237060547	0	2020/05/06 
2020/05/07 	25.549999237060547	25.549999237060547	25.549999237060547	25.549999237060547	0	2020/05/07 
2020/05/08 	25.549999237060547	25.549999237060547	25.549999237060547	25.549999237060547	0	2020/05/08 
2020/05/11 	25.549999237060547	25.549999237060547	25.549999237060547	25.549999237060547	0	2020/05/11 
2020/05/12 	25.549999237060547	25.549999237060547	25.549999237060547	25.549999237060547	0	2020/05/12 
2020/05/13 	25.549999237060547	25.549999237060547	25.549999237060547	25.549999237060547	0	2020/05/13 
2020/05/14 	25.549999237060547	25.549999237060547	25.549999237060547	25.549999237060547	0	2020/05/14 
2020/05/15 	25.549999237060547	25.549999237060547	25.549999237060547	25.549999237060547	0	2020/05/15 
2020/05/18 	25.549999237060547	25.549999237060547	25.549999237060547	25.549999237060547	0	2020/05/18 
2020/05/19 	25.549999237060547	25.549999237060547	25.549999237060547	25.549999237060547	0	2020/05/19 
2020/05/20 	25.549999237060547	25.549999237060547	25.549999237060547	25.549999237060547	0	2020/05/20 
2020/05/21 	25.549999237060547	25.549999237060547	25.549999237060547	25.549999237060547	0	2020/05/21 
2020/05/22 	25.549999237060547	25.549999237060547	25.549999237060547	25.549999237060547	0	2020/05/22 
2020/05/25 	25.549999237060547	25.549999237060547	25.549999237060547	25.549999237060547	0	2020/05/25 
2020/05/26 	25.549999237060547	25.549999237060547	25.549999237060547	25.549999237060547	0	2020/05/26 
2020/05/27 	25.549999237060547	25.549999237060547	25.549999237060547	25.549999237060547	0	2020/05/27 
2020/05/28 	25.549999237060547	25.549999237060547	25.549999237060547	25.549999237060547	0	2020/05/28 
2020/05/29 	25.549999237060547	25.549999237060547	25.549999237060547	25.549999237060547	0	2020/05/29 
2020/06/01 	25.549999237060547	25.549999237060547	25.549999237060547	25.549999237060547	0	2020/06/01 
2020/06/02 	25.549999237060547	25.549999237060547	25.549999237060547	25.549999237060547	0	2020/06/02 
2020/06/03 	25.549999237060547	25.549999237060547	25.549999237060547	25.549999237060547	0	2020/06/03 
2020/06/04 	25.549999237060547	25.549999237060547	25.549999237060547	25.549999237060547	0	2020/06/04 
2020/06/05 	25.549999237060547	25.549999237060547	25.549999237060547	25.549999237060547	0	2020/06/05 
2020/06/08 	25.549999237060547	25.549999237060547	25.549999237060547	25.549999237060547	0	2020/06/08 
2020/06/09 	25.549999237060547	25.549999237060547	25.549999237060547	25.549999237060547	0	2020/06/09 
2020/06/10 	25.549999237060547	25.549999237060547	25.549999237060547	25.549999237060547	0	2020/06/10 
2020/06/11 	25.549999237060547	25.549999237060547	25.549999237060547	25.549999237060547	0	2020/06/11 
2020/06/12 	25.549999237060547	25.549999237060547	25.549999237060547	25.549999237060547	0	2020/06/12 
2020/06/15 	25.549999237060547	25.549999237060547	25.549999237060547	25.549999237060547	0	2020/06/15 
2020/06/16 	25.549999237060547	25.549999237060547	25.549999237060547	25.549999237060547	0	2020/06/16 
2020/06/17 	25.549999237060547	25.549999237060547	25.549999237060547	25.549999237060547	0	2020/06/17 
2020/06/18 	25.549999237060547	25.549999237060547	25.549999237060547	25.549999237060547	0	2020/06/18 
2020/06/19 	25.549999237060547	25.549999237060547	25.549999237060547	25.549999237060547	0	2020/06/19 
2020/06/22 	25.549999237060547	25.549999237060547	25.549999237060547	25.549999237060547	0	2020/06/22 
2020/06/23 	25.549999237060547	25.549999237060547	25.549999237060547	25.549999237060547	0	2020/06/23 
2020/06/24 	25.549999237060547	25.549999237060547	25.549999237060547	25.549999237060547	0	2020/06/24 
2020/06/29 	25.549999237060547	25.549999237060547	25.549999237060547	25.549999237060547	0	2020/06/29 
2020/06/30 	25.549999237060547	25.549999237060547	25.549999237060547	25.549999237060547	0	2020/06/30 
2020/07/01 	25.549999237060547	25.549999237060547	25.549999237060547	25.549999237060547	0	2020/07/01 
2020/07/02 	25.549999237060547	25.549999237060547	25.549999237060547	25.549999237060547	0	2020/07/02 
2020/07/03 	25.549999237060547	25.549999237060547	25.549999237060547	25.549999237060547	0	2020/07/03 
2020/07/06 	25.549999237060547	25.549999237060547	25.549999237060547	25.549999237060547	0	2020/07/06 
2020/07/07 	25.549999237060547	25.549999237060547	25.549999237060547	25.549999237060547	0	2020/07/07 
2020/07/08 	25.549999237060547	25.549999237060547	25.549999237060547	25.549999237060547	0	2020/07/08 
2020/07/09 	25.549999237060547	25.549999237060547	25.549999237060547	25.549999237060547	0	2020/07/09 
2020/07/10 	25.549999237060547	25.549999237060547	25.549999237060547	25.549999237060547	0	2020/07/10 
2020/07/13 	25.549999237060547	25.549999237060547	25.549999237060547	25.549999237060547	0	2020/07/13 
2020/07/14 	25.549999237060547	25.549999237060547	25.549999237060547	25.549999237060547	0	2020/07/14 
2020/07/15 	25.549999237060547	25.549999237060547	25.549999237060547	25.549999237060547	0	2020/07/15 
2020/07/16 	25.549999237060547	25.549999237060547	25.549999237060547	25.549999237060547	0	2020/07/16 
2020/07/17 	25.549999237060547	25.549999237060547	25.549999237060547	25.549999237060547	0	2020/07/17 
2020/07/20 	25.549999237060547	25.549999237060547	25.549999237060547	25.549999237060547	0	2020/07/20 
2020/07/21 	25.549999237060547	25.549999237060547	25.549999237060547	25.549999237060547	0	2020/07/21 
2020/07/22 	25.549999237060547	25.549999237060547	25.549999237060547	25.549999237060547	0	2020/07/22 
2020/07/23 	25.549999237060547	25.549999237060547	25.549999237060547	25.549999237060547	0	2020/07/23 
2020/07/24 	25.549999237060547	25.549999237060547	25.549999237060547	25.549999237060547	0	2020/07/24 
2020/07/27 	31.299999237060547	31.350000381469727	30.799999237060547	31.149999618530273	59400	2020/07/27 
2020/07/28 	31.149999618530273	31.149999618530273	30.700000762939453	30.799999237060547	53300	2020/07/28 
2020/07/29 	30.950000762939453	30.950000762939453	30.700000762939453	30.700000762939453	22005	2020/07/29 
2020/07/30 	30.149999618530273	30.950000762939453	30.149999618530273	30.700000762939453	5005	2020/07/30 
2020/07/31 	30.600000381469727	30.899999618530273	30.549999237060547	30.549999237060547	9001	2020/07/31 
2020/08/03 	30.549999237060547	31.299999237060547	30.549999237060547	31.149999618530273	55756	2020/08/03 
2020/08/04 	31.399999618530273	31.399999618530273	30.649999618530273	31.0	11000	2020/08/04 
2020/08/05 	31.299999237060547	31.299999237060547	30.600000381469727	31.0	68250	2020/08/05 
2020/08/06 	30.899999618530273	31.700000762939453	30.799999237060547	31.600000381469727	77913	2020/08/06 
2020/08/07 	31.5	31.799999237060547	31.399999618530273	31.700000762939453	109969	2020/08/07 
2020/08/10 	31.850000381469727	33.150001525878906	31.850000381469727	32.5	125602	2020/08/10 
2020/08/11 	32.849998474121094	32.95000076293945	32.20000076293945	32.349998474121094	60802	2020/08/11 
2020/08/12 	32.29999923706055	32.5	32.20000076293945	32.5	8380	2020/08/12 
2020/08/13 	32.599998474121094	32.599998474121094	32.20000076293945	32.25	17131	2020/08/13 
2020/08/14 	32.25	32.5	31.850000381469727	32.20000076293945	57000	2020/08/14 
2020/08/17 	31.850000381469727	32.849998474121094	31.850000381469727	32.349998474121094	109121	2020/08/17 
2020/08/18 	32.650001525878906	32.75	32.45000076293945	32.599998474121094	41001	2020/08/18 
2020/08/19 	32.54999923706055	32.79999923706055	32.400001525878906	32.54999923706055	32651	2020/08/19 
2020/08/20 	32.400001525878906	32.650001525878906	31.399999618530273	31.399999618530273	99602	2020/08/20 
2020/08/21 	31.649999618530273	32.150001525878906	31.649999618530273	31.649999618530273	26000	2020/08/21 
2020/08/24 	32.099998474121094	35.0	32.099998474121094	34.29999923706055	191200	2020/08/24 
2020/08/25 	34.0	35.29999923706055	33.900001525878906	35.099998474121094	184598	2020/08/25 
2020/08/26 	34.400001525878906	35.75	34.0	35.599998474121094	166803	2020/08/26 
2020/08/27 	35.599998474121094	37.79999923706055	34.849998474121094	35.099998474121094	352114	2020/08/27 
2020/08/28 	34.849998474121094	35.900001525878906	34.400001525878906	35.79999923706055	116999	2020/08/28 
2020/08/31 	35.599998474121094	35.95000076293945	34.900001525878906	35.5	36252	2020/08/31 
2020/09/01 	35.150001525878906	35.150001525878906	33.79999923706055	34.150001525878906	89842	2020/09/01 
2020/09/02 	34.20000076293945	34.45000076293945	33.25	33.95000076293945	190002	2020/09/02 
2020/09/03 	33.650001525878906	33.95000076293945	33.04999923706055	33.04999923706055	107808	2020/09/03 
2020/09/04 	32.0	32.650001525878906	31.850000381469727	32.349998474121094	171050	2020/09/04 
2020/09/07 	32.79999923706055	33.400001525878906	32.650001525878906	32.79999923706055	85002	2020/09/07 
2020/09/08 	32.0	33.0	32.0	32.79999923706055	23701	2020/09/08 
2020/09/09 	32.75	32.849998474121094	32.54999923706055	32.75	18604	2020/09/09 
2020/09/10 	32.54999923706055	32.75	32.5	32.5	24102	2020/09/10 
2020/09/11 	32.650001525878906	35.29999923706055	32.650001525878906	34.79999923706055	243713	2020/09/11 
2020/09/14 	35.70000076293945	38.150001525878906	34.29999923706055	34.75	265751	2020/09/14 
2020/09/15 	34.70000076293945	35.04999923706055	34.70000076293945	35.0	73850	2020/09/15 
2020/09/16 	35.04999923706055	35.04999923706055	34.650001525878906	34.849998474121094	59020	2020/09/16 
2020/09/17 	34.650001525878906	34.79999923706055	34.349998474121094	34.75	57850	2020/09/17 
2020/09/18 	34.75	38.099998474121094	34.75	37.099998474121094	531117	2020/09/18 
2020/09/21 	38.0	41.900001525878906	37.79999923706055	40.0	827029	2020/09/21 
2020/09/22 	40.54999923706055	41.54999923706055	37.79999923706055	39.0	519197	2020/09/22 
2020/09/23 	39.95000076293945	39.95000076293945	38.04999923706055	38.5	245933	2020/09/23 
2020/09/24 	38.45000076293945	38.45000076293945	37.20000076293945	37.349998474121094	238170	2020/09/24 
2020/09/25 	37.79999923706055	38.20000076293945	37.04999923706055	37.5	215620	2020/09/25 
2020/09/28 	37.5	37.95000076293945	36.099998474121094	37.099998474121094	208480	2020/09/28 
2020/09/29 	37.25	37.5	36.54999923706055	37.099998474121094	96330	2020/09/29 
2020/09/30 	37.04999923706055	37.099998474121094	36.54999923706055	37.0	89275	2020/09/30 
2020/10/05 	37.0	37.45000076293945	36.849998474121094	37.45000076293945	151580	2020/10/05 
2020/10/06 	37.54999923706055	38.70000076293945	37.20000076293945	38.54999923706055	159735	2020/10/06 
2020/10/07 	38.95000076293945	38.95000076293945	38.0	38.20000076293945	98712	2020/10/07 
2020/10/08 	38.0	38.20000076293945	37.150001525878906	37.70000076293945	245215	2020/10/08 
2020/10/12 	38.150001525878906	38.150001525878906	36.45000076293945	36.900001525878906	164965	2020/10/12 
2020/10/13 	36.849998474121094	37.0	36.349998474121094	36.45000076293945	42189	2020/10/13 
2020/10/14 	36.70000076293945	36.75	36.150001525878906	36.70000076293945	70900	2020/10/14 
2020/10/15 	36.650001525878906	37.20000076293945	36.20000076293945	36.849998474121094	80153	2020/10/15 
2020/10/16 	36.95000076293945	37.150001525878906	36.650001525878906	36.79999923706055	65400	2020/10/16 
2020/10/19 	36.95000076293945	37.650001525878906	36.70000076293945	37.150001525878906	74829	2020/10/19 
2020/10/20 	37.150001525878906	37.150001525878906	36.0	36.70000076293945	76450	2020/10/20 
2020/10/21 	36.45000076293945	36.75	36.45000076293945	36.70000076293945	14000	2020/10/21 
2020/10/22 	36.75	36.849998474121094	36.400001525878906	36.75	19657	2020/10/22 
2020/10/23 	36.900001525878906	39.29999923706055	36.599998474121094	39.099998474121094	342557	2020/10/23 
2020/10/26 	39.349998474121094	41.5	38.95000076293945	39.400001525878906	361834	2020/10/26 
2020/10/27 	39.099998474121094	39.650001525878906	38.70000076293945	39.650001525878906	115980	2020/10/27 
2020/10/28 	39.75	39.75	38.599998474121094	38.79999923706055	87179	2020/10/28 
2020/10/29 	38.0	38.150001525878906	37.0	38.0	135355	2020/10/29 
2020/10/30 	38.150001525878906	38.150001525878906	37.849998474121094	38.150001525878906	55307	2020/10/30 
2020/11/02 	38.150001525878906	40.0	38.0	38.400001525878906	121425	2020/11/02 
2020/11/03 	38.599998474121094	39.20000076293945	38.349998474121094	38.900001525878906	73475	2020/11/03 
2020/11/04 	39.29999923706055	39.75	38.849998474121094	39.25	254680	2020/11/04 
2020/11/05 	39.20000076293945	39.400001525878906	38.849998474121094	38.900001525878906	81999	2020/11/05 
2020/11/06 	38.900001525878906	39.150001525878906	38.849998474121094	39.150001525878906	54361	2020/11/06 
2020/11/09 	38.849998474121094	39.25	38.70000076293945	38.900001525878906	88627	2020/11/09 
2020/11/10 	38.54999923706055	39.099998474121094	38.5	38.650001525878906	100512	2020/11/10 
2020/11/11 	38.400001525878906	38.95000076293945	38.29999923706055	38.95000076293945	57653	2020/11/11 
2020/11/12 	38.95000076293945	39.150001525878906	38.650001525878906	38.79999923706055	59680	2020/11/12 
2020/11/13 	38.70000076293945	39.04999923706055	38.70000076293945	38.79999923706055	83134	2020/11/13 
2020/11/16 	38.95000076293945	39.349998474121094	38.400001525878906	38.95000076293945	133739	2020/11/16 
2020/11/17 	38.95000076293945	38.95000076293945	38.650001525878906	38.900001525878906	66281	2020/11/17 
2020/11/18 	39.099998474121094	39.400001525878906	38.75	39.349998474121094	155380	2020/11/18 
2020/11/19 	39.099998474121094	39.400001525878906	38.900001525878906	39.29999923706055	160558	2020/11/19 
2020/11/20 	39.099998474121094	39.25	38.70000076293945	38.95000076293945	119970	2020/11/20 
2020/11/23 	39.04999923706055	39.20000076293945	38.70000076293945	38.849998474121094	64676	2020/11/23 
2020/11/24 	39.04999923706055	39.04999923706055	38.70000076293945	38.849998474121094	61710	2020/11/24 
2020/11/25 	38.650001525878906	38.849998474121094	38.400001525878906	38.849998474121094	120580	2020/11/25 
2020/11/26 	38.900001525878906	39.150001525878906	38.599998474121094	39.099998474121094	94090	2020/11/26 
2020/11/27 	38.95000076293945	39.150001525878906	38.849998474121094	39.04999923706055	95630	2020/11/27 
2020/11/30 	39.04999923706055	39.099998474121094	38.5	38.650001525878906	95400	2020/11/30 
2020/12/01 	38.79999923706055	40.150001525878906	38.79999923706055	39.45000076293945	262875	2020/12/01 
2020/12/02 	39.599998474121094	39.849998474121094	38.29999923706055	39.349998474121094	110905	2020/12/02 
2020/12/03 	39.349998474121094	40.150001525878906	39.20000076293945	40.150001525878906	385734	2020/12/03 
2020/12/04 	40.099998474121094	40.25	39.25	39.599998474121094	264833	2020/12/04 
2020/12/07 	39.599998474121094	39.650001525878906	39.0	39.29999923706055	119130	2020/12/07 
2020/12/08 	39.04999923706055	39.25	38.75	39.099998474121094	68331	2020/12/08 
2020/12/09 	38.849998474121094	39.150001525878906	38.75	39.0	73320	2020/12/09 
2020/12/10 	39.099998474121094	39.099998474121094	38.599998474121094	38.599998474121094	94352	2020/12/10 
2020/12/11 	38.95000076293945	38.95000076293945	38.349998474121094	38.70000076293945	109450	2020/12/11 
2020/12/14 	38.400001525878906	38.650001525878906	37.900001525878906	38.5	91000	2020/12/14 
2020/12/15 	38.70000076293945	38.75	38.20000076293945	38.20000076293945	35400	2020/12/15 
2020/12/16 	38.45000076293945	38.599998474121094	38.150001525878906	38.45000076293945	56500	2020/12/16 
2020/12/17 	38.45000076293945	38.54999923706055	38.150001525878906	38.5	65200	2020/12/17 
2020/12/18 	38.54999923706055	38.54999923706055	38.150001525878906	38.20000076293945	56000	2020/12/18 
2020/12/21 	38.599998474121094	38.599998474121094	38.099998474121094	38.5	66000	2020/12/21 
2020/12/22 	38.54999923706055	38.54999923706055	38.04999923706055	38.29999923706055	83858	2020/12/22 
2020/12/23 	38.54999923706055	38.650001525878906	38.150001525878906	38.349998474121094	47081	2020/12/23 
2020/12/24 	38.099998474121094	38.20000076293945	35.29999923706055	36.95000076293945	592353	2020/12/24 
2020/12/25 	36.54999923706055	36.79999923706055	35.900001525878906	36.54999923706055	85282	2020/12/25 
2020/12/28 	36.54999923706055	36.54999923706055	34.70000076293945	35.5	357421	2020/12/28 
2020/12/29 	35.650001525878906	35.650001525878906	34.849998474121094	35.099998474121094	109109	2020/12/29 
2020/12/30 	35.150001525878906	35.599998474121094	34.849998474121094	35.45000076293945	113220	2020/12/30 
2020/12/31 	35.599998474121094	36.75	35.599998474121094	36.650001525878906	95180	2020/12/31 
2021/01/04 	36.5	36.54999923706055	35.900001525878906	36.20000076293945	45300	2021/01/04 
2021/01/05 	36.25	36.25	35.599998474121094	35.900001525878906	46708	2021/01/05 
2021/01/06 	35.599998474121094	36.0	35.45000076293945	35.79999923706055	42020	2021/01/06 
2021/01/07 	35.54999923706055	35.79999923706055	35.349998474121094	35.75	50187	2021/01/07 
2021/01/08 	36.0	36.54999923706055	35.70000076293945	35.900001525878906	49730	2021/01/08 
2021/01/11 	35.900001525878906	36.150001525878906	35.5	35.900001525878906	31042	2021/01/11 
2021/01/12 	36.0	36.099998474121094	34.849998474121094	35.5	59262	2021/01/12 
2021/01/13 	35.349998474121094	36.099998474121094	35.0	35.5	114107	2021/01/13 
2021/01/14 	35.5	35.75	35.349998474121094	35.400001525878906	52012	2021/01/14 
2021/01/15 	35.349998474121094	35.70000076293945	35.29999923706055	35.45000076293945	55687	2021/01/15 
2021/01/18 	35.29999923706055	35.349998474121094	35.04999923706055	35.349998474121094	23010	2021/01/18 
2021/01/19 	35.29999923706055	35.349998474121094	34.95000076293945	35.04999923706055	25192	2021/01/19 
2021/01/20 	34.849998474121094	35.25	33.54999923706055	34.95000076293945	124254	2021/01/20 
2021/01/21 	35.150001525878906	35.45000076293945	34.45000076293945	35.45000076293945	132095	2021/01/21 
2021/01/22 	35.04999923706055	35.79999923706055	35.04999923706055	35.5	29430	2021/01/22 
2021/01/25 	35.5	35.5	34.599998474121094	35.0	72160	2021/01/25 
2021/01/26 	35.099998474121094	35.150001525878906	34.75	35.0	200100	2021/01/26 
2021/01/27 	35.0	35.599998474121094	35.0	35.54999923706055	55080	2021/01/27 
2021/01/28 	35.45000076293945	35.45000076293945	35.0	35.0	34000	2021/01/28 
2021/01/29 	34.849998474121094	35.25	34.849998474121094	35.150001525878906	29060	2021/01/29 
2021/02/01 	35.20000076293945	35.29999923706055	34.599998474121094	35.150001525878906	46010	2021/02/01 
2021/02/02 	34.849998474121094	35.099998474121094	34.79999923706055	35.099998474121094	16120	2021/02/02 
2021/02/03 	35.150001525878906	35.150001525878906	34.54999923706055	35.0	55130	2021/02/03 
2021/02/04 	34.95000076293945	35.099998474121094	34.75	35.099998474121094	16000	2021/02/04 
2021/02/05 	35.04999923706055	35.04999923706055	34.5	35.0	111142	2021/02/05 
2021/02/17 	35.0	35.150001525878906	34.349998474121094	34.95000076293945	88670	2021/02/17 
2021/02/18 	34.70000076293945	35.04999923706055	34.650001525878906	34.849998474121094	67950	2021/02/18 
2021/02/19 	34.650001525878906	35.099998474121094	34.599998474121094	34.849998474121094	128560	2021/02/19 
2021/02/22 	35.099998474121094	35.29999923706055	34.45000076293945	35.150001525878906	127465	2021/02/22 
2021/02/23 	35.099998474121094	36.400001525878906	35.0	35.900001525878906	220952	2021/02/23 
2021/02/24 	36.400001525878906	38.150001525878906	36.400001525878906	38.150001525878906	536549	2021/02/24 
2021/02/25 	38.95000076293945	38.95000076293945	37.25	37.79999923706055	248330	2021/02/25 
2021/02/26 	38.150001525878906	38.400001525878906	37.349998474121094	37.75	95208	2021/02/26 
2021/03/02 	38.0	40.20000076293945	37.95000076293945	39.150001525878906	318643	2021/03/02 
2021/03/03 	39.400001525878906	40.099998474121094	38.5	39.099998474121094	332223	2021/03/03 
2021/03/04 	39.150001525878906	41.5	39.150001525878906	40.099998474121094	723415	2021/03/04 
2021/03/05 	39.5	40.150001525878906	38.650001525878906	39.04999923706055	260344	2021/03/05 
2021/03/08 	39.5	40.0	38.900001525878906	39.04999923706055	151264	2021/03/08 
2021/03/09 	38.849998474121094	39.099998474121094	36.900001525878906	38.0	353139	2021/03/09 
2021/03/10 	38.5	38.5	37.29999923706055	38.0	147408	2021/03/10 
2021/03/11 	38.0	38.25	37.599998474121094	37.95000076293945	222228	2021/03/11 
2021/03/12 	38.0	38.150001525878906	37.650001525878906	37.95000076293945	188650	2021/03/12 
2021/03/15 	38.150001525878906	39.75	37.849998474121094	38.04999923706055	179030	2021/03/15 
2021/03/16 	38.04999923706055	39.150001525878906	37.95000076293945	38.0	459639	2021/03/16 
2021/03/17 	38.25	38.900001525878906	38.099998474121094	38.650001525878906	220823	2021/03/17 
2021/03/18 	38.79999923706055	40.25	38.5	40.0	657471	2021/03/18 
2021/03/19 	40.29999923706055	44.45000076293945	40.150001525878906	44.150001525878906	1296477	2021/03/19 
2021/03/22 	44.0	57.400001525878906	43.75	56.0	1924849	2021/03/22 
2021/03/23 	55.599998474121094	60.900001525878906	49.79999923706055	53.20000076293945	2927804	2021/03/23 
2021/03/24 	53.900001525878906	54.0	49.849998474121094	51.0	836509	2021/03/24 
2021/03/25 	51.0	51.20000076293945	50.099998474121094	50.5	627895	2021/03/25 
2021/03/26 	51.20000076293945	52.0	50.900001525878906	51.400001525878906	485759	2021/03/26 
2021/03/29 	51.5	54.29999923706055	51.5	53.20000076293945	753242	2021/03/29 
2021/03/30 	53.099998474121094	54.5	52.900001525878906	53.70000076293945	858297	2021/03/30 
2021/03/31 	49.5	70.0	49.20000076293945	69.69999694824219	7497368	2021/03/31 
2021/04/01 	69.5	75.5	63.0	72.19999694824219	5300417	2021/04/01 
2021/04/07 	66.0	67.69999694824219	62.099998474121094	66.80000305175781	2325375	2021/04/07 
2021/04/08 	63.5	65.0	62.20000076293945	62.599998474121094	1520493	2021/04/08 
2021/04/09 	62.599998474121094	62.599998474121094	56.400001525878906	56.400001525878906	2660755	2021/04/09 
2021/04/12 	53.5	53.70000076293945	50.79999923706055	50.79999923706055	2285336	2021/04/12 
2021/04/13 	48.0	51.900001525878906	46.400001525878906	49.0	2114895	2021/04/13 
2021/04/14 	49.0	49.599998474121094	45.79999923706055	46.95000076293945	1175000	2021/04/14 
2021/04/15 	47.150001525878906	47.5	46.150001525878906	46.349998474121094	673600	2021/04/15 
2021/04/16 	46.54999923706055	49.900001525878906	46.54999923706055	49.45000076293945	1014915	2021/04/16 
2021/04/19 	49.0	49.0	47.5	47.75	670234	2021/04/19 
2021/04/20 	47.5	48.5	47.0	47.95000076293945	347070	2021/04/20 
2021/04/21 	48.0	48.04999923706055	47.099998474121094	47.20000076293945	373002	2021/04/21 
2021/04/22 	47.75	47.95000076293945	46.0	46.04999923706055	604010	2021/04/22 
2021/04/23 	46.0	46.0	45.0	45.45000076293945	497058	2021/04/23 
2021/04/26 	45.45000076293945	46.45000076293945	45.04999923706055	45.70000076293945	322204	2021/04/26 
2021/04/27 	45.70000076293945	45.70000076293945	45.04999923706055	45.20000076293945	283200	2021/04/27 
2021/04/28 	45.349998474121094	46.400001525878906	45.0	45.54999923706055	381508	2021/04/28 
2021/04/29 	45.5	45.599998474121094	45.0	45.150001525878906	281151	2021/04/29 
2021/05/03 	45.150001525878906	45.150001525878906	42.04999923706055	42.04999923706055	527186	2021/05/03 
2021/05/04 	43.400001525878906	43.400001525878906	39.599998474121094	40.79999923706055	555060	2021/05/04 
2021/05/05 	41.0	42.650001525878906	41.0	41.400001525878906	378299	2021/05/05 
2021/05/06 	41.650001525878906	43.0	41.650001525878906	42.599998474121094	273224	2021/05/06 
2021/05/07 	43.0	44.29999923706055	43.0	43.45000076293945	200034	2021/05/07 
2021/05/10 	43.5	43.5	42.400001525878906	42.5	98222	2021/05/10 
2021/05/11 	42.5	42.5	39.95000076293945	40.150001525878906	345881	2021/05/11 
2021/05/12 	40.150001525878906	40.150001525878906	36.150001525878906	37.0	648000	2021/05/12 
2021/05/13 	35.20000076293945	39.349998474121094	35.0	37.54999923706055	394265	2021/05/13 
2021/05/14 	38.95000076293945	39.20000076293945	37.54999923706055	38.25	160000	2021/05/14 
2021/05/17 	35.29999923706055	36.849998474121094	34.54999923706055	34.75	345947	2021/05/17 
2021/05/18 	35.099998474121094	36.95000076293945	35.099998474121094	36.599998474121094	192500	2021/05/18 
2021/05/19 	37.20000076293945	38.0	36.70000076293945	37.79999923706055	181071	2021/05/19 
2021/05/20 	38.599998474121094	39.70000076293945	38.099998474121094	38.79999923706055	286400	2021/05/20 
2021/05/21 	39.25	39.400001525878906	38.25	38.75	142247	2021/05/21 
2021/05/24 	38.0	38.900001525878906	37.650001525878906	38.349998474121094	104000	2021/05/24 
2021/05/25 	38.45000076293945	39.0	38.400001525878906	38.79999923706055	141103	2021/05/25 
2021/05/26 	39.0	39.0	38.099998474121094	38.400001525878906	90031	2021/05/26 
2021/05/27 	38.45000076293945	38.45000076293945	37.900001525878906	38.20000076293945	65000	2021/05/27 
2021/05/28 	38.75	39.0	38.29999923706055	38.79999923706055	137010	2021/05/28 
2021/05/31 	39.0	39.45000076293945	38.599998474121094	39.04999923706055	143000	2021/05/31 
2021/06/01 	39.0	39.45000076293945	38.95000076293945	39.45000076293945	152293	2021/06/01 
2021/06/02 	39.849998474121094	39.849998474121094	39.0	39.0	154000	2021/06/02 
2021/06/03 	39.04999923706055	39.650001525878906	38.849998474121094	39.099998474121094	142000	2021/06/03 
2021/06/04 	39.599998474121094	43.0	39.599998474121094	43.0	579024	2021/06/04 
2021/06/07 	46.79999923706055	47.29999923706055	44.599998474121094	47.29999923706055	1976100	2021/06/07 
2021/06/08 	47.29999923706055	47.45000076293945	44.650001525878906	45.0	1028800	2021/06/08 
2021/06/09 	44.900001525878906	45.150001525878906	43.75	44.099998474121094	311118	2021/06/09 
2021/06/10 	44.599998474121094	45.20000076293945	43.04999923706055	43.349998474121094	373100	2021/06/10 
2021/06/11 	43.79999923706055	47.5	43.04999923706055	46.45000076293945	699261	2021/06/11 
2021/06/15 	47.599998474121094	49.0	47.599998474121094	48.45000076293945	1136400	2021/06/15 
2021/06/16 	48.599998474121094	48.599998474121094	47.599998474121094	47.599998474121094	657059	2021/06/16 
2021/06/17 	47.70000076293945	47.849998474121094	46.70000076293945	47.25	247000	2021/06/17 
2021/06/18 	47.75	47.75	46.349998474121094	46.400001525878906	323700	2021/06/18 
2021/06/21 	45.349998474121094	45.400001525878906	43.650001525878906	44.0	461000	2021/06/21 
2021/06/22 	44.45000076293945	44.54999923706055	44.0	44.0	179176	2021/06/22 
2021/06/23 	44.849998474121094	46.0	44.099998474121094	44.849998474121094	217025	2021/06/23 
2021/06/24 	44.70000076293945	45.349998474121094	44.29999923706055	44.70000076293945	91000	2021/06/24 
2021/06/25 	45.0	45.849998474121094	44.650001525878906	44.650001525878906	134100	2021/06/25 
2021/06/28 	44.650001525878906	44.75	44.099998474121094	44.75	172391	2021/06/28 
2021/06/29 	44.849998474121094	44.900001525878906	44.04999923706055	44.099998474121094	137000	2021/06/29 
2021/06/30 	44.150001525878906	44.29999923706055	43.79999923706055	43.849998474121094	225033	2021/06/30 
2021/07/01 	44.0	44.0	43.599998474121094	43.79999923706055	145000	2021/07/01 
2021/07/02 	43.5	44.25	43.5	43.70000076293945	89000	2021/07/02 
2021/07/05 	43.70000076293945	45.20000076293945	43.54999923706055	44.95000076293945	279000	2021/07/05 
2021/07/06 	45.0	45.599998474121094	44.099998474121094	44.400001525878906	142100	2021/07/06 
2021/07/07 	45.150001525878906	45.150001525878906	44.20000076293945	44.20000076293945	337093	2021/07/07 
2021/07/08 	44.20000076293945	44.70000076293945	44.20000076293945	44.25	113000	2021/07/08 
2021/07/09 	44.25	44.25	43.79999923706055	44.0	141250	2021/07/09 
2021/07/12 	44.900001525878906	44.900001525878906	44.20000076293945	44.349998474121094	79141	2021/07/12 
2021/07/13 	45.20000076293945	45.20000076293945	44.349998474121094	44.349998474121094	215239	2021/07/13 
2021/07/14 	44.349998474121094	44.349998474121094	43.20000076293945	43.70000076293945	153100	2021/07/14 
2021/07/15 	44.5	44.54999923706055	43.95000076293945	44.04999923706055	56010	2021/07/15 
2021/07/16 	44.099998474121094	44.45000076293945	44.0	44.400001525878906	149007	2021/07/16 
2021/07/19 	42.400001525878906	42.70000076293945	42.04999923706055	42.5	120000	2021/07/19 
2021/07/20 	42.0	42.650001525878906	41.54999923706055	41.54999923706055	116000	2021/07/20 
2021/07/21 	41.54999923706055	41.900001525878906	40.349998474121094	40.400001525878906	157117	2021/07/21 
2021/07/22 	40.5	41.04999923706055	40.5	40.70000076293945	104000	2021/07/22 
2021/07/23 	41.45000076293945	41.5	40.900001525878906	41.150001525878906	38526	2021/07/23 
2021/07/26 	41.150001525878906	41.599998474121094	41.150001525878906	41.400001525878906	50424	2021/07/26 
2021/07/27 	41.75	41.75	41.0	41.0	46462	2021/07/27 
2021/07/28 	41.0	41.0	39.54999923706055	40.150001525878906	74001	2021/07/28 
2021/07/29 	40.150001525878906	40.25	40.0	40.150001525878906	53100	2021/07/29 
2021/07/30 	40.099998474121094	41.0	40.099998474121094	40.20000076293945	66125	2021/07/30 
2021/08/02 	40.5	40.5	40.20000076293945	40.5	51250	2021/08/02 
2021/08/03 	40.599998474121094	41.20000076293945	40.599998474121094	40.900001525878906	45000	2021/08/03 
2021/08/04 	41.5	41.5	41.0	41.349998474121094	51000	2021/08/04 
2021/08/05 	41.349998474121094	41.54999923706055	41.0	41.099998474121094	44020	2021/08/05 
2021/08/06 	41.54999923706055	41.95000076293945	41.5	41.70000076293945	86146	2021/08/06 
2021/08/09 	42.099998474121094	43.0	41.70000076293945	42.150001525878906	195189	2021/08/09 
2021/08/10 	42.0	42.150001525878906	41.5	41.650001525878906	64050	2021/08/10 
2021/08/11 	40.900001525878906	41.0	40.0	40.0	163000	2021/08/11 
2021/08/12 	40.5	40.5	39.900001525878906	40.45000076293945	25000	2021/08/12 
2021/08/13 	40.599998474121094	40.599998474121094	39.900001525878906	39.900001525878906	72186	2021/08/13 
2021/08/16 	39.900001525878906	39.900001525878906	38.900001525878906	39.0	91000	2021/08/16 
2021/08/17 	39.0	39.04999923706055	38.54999923706055	38.599998474121094	80100	2021/08/17 
2021/08/18 	38.599998474121094	39.29999923706055	38.099998474121094	39.29999923706055	55216	2021/08/18 
2021/08/19 	39.20000076293945	39.20000076293945	38.45000076293945	38.900001525878906	42000	2021/08/19 
2021/08/20 	39.0	39.0	38.0	38.45000076293945	55011	2021/08/20 
2021/08/23 	38.79999923706055	39.5	38.79999923706055	39.400001525878906	32200	2021/08/23 
2021/08/24 	39.400001525878906	39.400001525878906	38.79999923706055	38.900001525878906	25130	2021/08/24 
2021/08/25 	39.79999923706055	40.900001525878906	39.45000076293945	40.04999923706055	140087	2021/08/25 
2021/08/26 	40.099998474121094	41.0	40.099998474121094	40.45000076293945	45000	2021/08/26 
2021/08/27 	40.900001525878906	40.900001525878906	39.5	39.79999923706055	45050	2021/08/27 
2021/08/30 	40.099998474121094	40.099998474121094	39.599998474121094	39.900001525878906	35000	2021/08/30 
2021/08/31 	40.0	40.20000076293945	39.45000076293945	39.79999923706055	16000	2021/08/31 
2021/09/01 	40.5	40.849998474121094	39.849998474121094	40.0	52000	2021/09/01 
2021/09/02 	40.0	40.099998474121094	39.95000076293945	40.0	36105	2021/09/02 
2021/09/03 	40.04999923706055	41.04999923706055	40.0	40.599998474121094	98170	2021/09/03 
2021/09/06 	41.099998474121094	41.099998474121094	40.150001525878906	40.150001525878906	34000	2021/09/06 
2021/09/07 	40.04999923706055	40.099998474121094	39.900001525878906	39.900001525878906	31935	2021/09/07 
2021/09/08 	40.0	40.0	39.20000076293945	39.20000076293945	45000	2021/09/08 
2021/09/09 	39.20000076293945	39.20000076293945	38.5	39.20000076293945	37230	2021/09/09 
2021/09/10 	38.849998474121094	40.0	38.849998474121094	39.95000076293945	20080	2021/09/10 
2021/09/13 	39.54999923706055	39.54999923706055	39.29999923706055	39.400001525878906	38295	2021/09/13 
2021/09/14 	39.29999923706055	39.599998474121094	39.25	39.599998474121094	20005	2021/09/14 
2021/09/15 	39.599998474121094	39.70000076293945	39.400001525878906	39.400001525878906	24000	2021/09/15 
2021/09/16 	39.45000076293945	39.45000076293945	39.150001525878906	39.45000076293945	20000	2021/09/16 
2021/09/17 	39.45000076293945	39.45000076293945	39.400001525878906	39.45000076293945	20000	2021/09/17 
2021/09/22 	39.099998474121094	39.099998474121094	38.75	38.849998474121094	65001	2021/09/22 
2021/09/23 	39.0	39.45000076293945	39.0	39.349998474121094	18010	2021/09/23 
2021/09/24 	39.20000076293945	39.5	39.20000076293945	39.5	27200	2021/09/24 
2021/09/27 	39.849998474121094	39.849998474121094	38.95000076293945	39.599998474121094	81000	2021/09/27 
2021/09/28 	39.29999923706055	39.650001525878906	39.29999923706055	39.599998474121094	10000	2021/09/28 
2021/09/29 	39.29999923706055	39.29999923706055	39.04999923706055	39.099998474121094	58000	2021/09/29 
2021/09/30 	39.150001525878906	39.29999923706055	39.099998474121094	39.150001525878906	37000	2021/09/30 
2021/10/01 	39.0	39.0	38.0	38.0	172005	2021/10/01 
2021/10/04 	38.29999923706055	38.29999923706055	37.349998474121094	37.400001525878906	61291	2021/10/04 
2021/10/05 	37.04999923706055	37.75	37.0	37.599998474121094	57334	2021/10/05 
2021/10/06 	37.849998474121094	37.900001525878906	37.599998474121094	37.599998474121094	16230	2021/10/06 
2021/10/07 	37.95000076293945	38.45000076293945	37.650001525878906	38.29999923706055	83000	2021/10/07 
2021/10/08 	39.849998474121094	39.849998474121094	38.70000076293945	38.70000076293945	103000	2021/10/08 
2021/10/12 	38.099998474121094	38.70000076293945	37.95000076293945	38.70000076293945	29030	2021/10/12 
2021/10/13 	38.70000076293945	38.70000076293945	38.04999923706055	38.04999923706055	25102	2021/10/13 
2021/10/14 	38.25	38.25	37.95000076293945	38.20000076293945	30000	2021/10/14 
2021/10/15 	38.79999923706055	38.849998474121094	38.150001525878906	38.20000076293945	39120	2021/10/15 
2021/10/18 	38.20000076293945	38.29999923706055	38.04999923706055	38.29999923706055	23000	2021/10/18 
2021/10/19 	38.79999923706055	38.79999923706055	38.54999923706055	38.54999923706055	27109	2021/10/19 
2021/10/20 	38.54999923706055	38.54999923706055	38.29999923706055	38.349998474121094	27000	2021/10/20 
2021/10/21 	38.400001525878906	38.599998474121094	38.25	38.25	28000	2021/10/21 
2021/10/22 	38.099998474121094	38.349998474121094	38.0	38.349998474121094	43000	2021/10/22 
2021/10/25 	38.400001525878906	38.400001525878906	38.099998474121094	38.099998474121094	46050	2021/10/25 
2021/10/26 	38.20000076293945	38.70000076293945	38.099998474121094	38.599998474121094	77250	2021/10/26 
2021/10/27 	38.150001525878906	40.0	38.150001525878906	39.29999923706055	67053	2021/10/27 
2021/10/28 	39.54999923706055	39.54999923706055	38.900001525878906	39.0	29050	2021/10/28 
2021/10/29 	39.5	39.5	38.400001525878906	38.650001525878906	30540	2021/10/29 
2021/11/01 	38.95000076293945	41.5	38.95000076293945	40.0	460400	2021/11/01 
2021/11/02 	40.0	41.45000076293945	40.0	40.45000076293945	195100	2021/11/02 
2021/11/03 	41.20000076293945	41.20000076293945	40.0	40.650001525878906	110000	2021/11/03 
2021/11/04 	40.900001525878906	40.900001525878906	40.5	40.54999923706055	79000	2021/11/04 
2021/11/05 	41.20000076293945	41.20000076293945	40.54999923706055	40.650001525878906	79525	2021/11/05 
2021/11/08 	40.849998474121094	41.0	40.650001525878906	40.900001525878906	142000	2021/11/08 
2021/11/09 	41.349998474121094	42.0	41.20000076293945	41.70000076293945	227000	2021/11/09 
2021/11/10 	41.95000076293945	41.95000076293945	40.54999923706055	41.150001525878906	84005	2021/11/10 
2021/11/11 	41.150001525878906	41.75	40.79999923706055	41.04999923706055	93100	2021/11/11 
2021/11/12 	41.04999923706055	41.650001525878906	41.0	41.04999923706055	62000	2021/11/12 
2021/11/15 	41.54999923706055	41.54999923706055	40.70000076293945	40.79999923706055	61747	2021/11/15 
2021/11/16 	40.849998474121094	41.0	40.70000076293945	40.95000076293945	53310	2021/11/16 
2021/11/17 	44.349998474121094	44.349998474121094	42.400001525878906	42.5	690572	2021/11/17 
2021/11/18 	42.849998474121094	43.29999923706055	42.5	42.70000076293945	291066	2021/11/18 
2021/11/19 	42.70000076293945	44.0	42.70000076293945	43.0	317853	2021/11/19 
2021/11/22 	46.70000076293945	47.29999923706055	44.0	44.099998474121094	2929033	2021/11/22 
2021/11/23 	43.75	45.20000076293945	43.0	43.150001525878906	588530	2021/11/23 
2021/11/24 	43.25	43.75	43.150001525878906	43.5	152000	2021/11/24 
2021/11/25 	43.70000076293945	43.70000076293945	43.04999923706055	43.099998474121094	193149	2021/11/25 
2021/11/26 	43.099998474121094	43.099998474121094	42.0	42.20000076293945	213151	2021/11/26 
2021/11/29 	41.349998474121094	42.5	41.349998474121094	42.25	127000	2021/11/29 
2021/11/30 	42.5	43.5	42.5	42.900001525878906	185000	2021/11/30 
2021/12/01 	42.04999923706055	43.349998474121094	42.0	43.0	122025	2021/12/01 
2021/12/02 	42.849998474121094	42.849998474121094	42.0	42.20000076293945	128100	2021/12/02 
2021/12/03 	42.29999923706055	43.400001525878906	42.20000076293945	42.900001525878906	71195	2021/12/03 
2021/12/06 	42.5	42.54999923706055	42.29999923706055	42.45000076293945	54000	2021/12/06 
2021/12/07 	42.849998474121094	43.400001525878906	42.70000076293945	43.0	127300	2021/12/07 
2021/12/08 	43.29999923706055	43.599998474121094	42.75	42.79999923706055	68000	2021/12/08 
2021/12/09 	43.29999923706055	43.29999923706055	42.5	42.54999923706055	86000	2021/12/09 
2021/12/10 	42.599998474121094	42.599998474121094	42.25	42.29999923706055	57251	2021/12/10 
2021/12/13 	43.0	43.20000076293945	42.400001525878906	42.54999923706055	50000	2021/12/13 
2021/12/14 	42.099998474121094	42.20000076293945	41.75	41.79999923706055	70009	2021/12/14 
2021/12/15 	42.0	42.0	41.70000076293945	41.95000076293945	28000	2021/12/15 
2021/12/16 	42.0	42.849998474121094	42.0	42.099998474121094	74040	2021/12/16 
2021/12/17 	42.099998474121094	42.099998474121094	41.599998474121094	41.75	50500	2021/12/17 
2021/12/20 	42.0	42.0	41.45000076293945	41.900001525878906	35000	2021/12/20 
2021/12/21 	41.900001525878906	41.900001525878906	41.45000076293945	41.70000076293945	37000	2021/12/21 
2021/12/22 	41.900001525878906	42.0	41.599998474121094	41.70000076293945	65000	2021/12/22 
2021/12/23 	42.0	42.04999923706055	41.900001525878906	41.95000076293945	40000	2021/12/23 
2021/12/24 	42.0	42.04999923706055	41.900001525878906	42.04999923706055	77000	2021/12/24 
2021/12/27 	42.099998474121094	43.04999923706055	42.099998474121094	42.849998474121094	135000	2021/12/27 
2021/12/28 	43.0	43.54999923706055	43.0	43.54999923706055	253000	2021/12/28 
2021/12/29 	43.849998474121094	43.849998474121094	43.29999923706055	43.45000076293945	181000	2021/12/29 
2021/12/30 	43.79999923706055	43.79999923706055	43.400001525878906	43.599998474121094	135463	2021/12/30 
2022/01/03 	43.599998474121094	43.75	43.45000076293945	43.70000076293945	104050	2022/01/03 
2022/01/04 	43.849998474121094	43.900001525878906	43.75	43.79999923706055	138311	2022/01/04 
2022/01/05 	43.79999923706055	44.5	43.70000076293945	43.900001525878906	156100	2022/01/05 
2022/01/06 	44.099998474121094	44.099998474121094	43.099998474121094	43.20000076293945	87000	2022/01/06 
2022/01/07 	43.150001525878906	43.150001525878906	42.5	42.75	99100	2022/01/07 
2022/01/10 	42.70000076293945	42.70000076293945	42.400001525878906	42.45000076293945	44000	2022/01/10 
2022/01/11 	42.25	42.25	41.79999923706055	41.849998474121094	135000	2022/01/11 
2022/01/12 	42.0	42.0	41.650001525878906	41.79999923706055	36050	2022/01/12 
2022/01/13 	41.79999923706055	42.099998474121094	41.650001525878906	42.0	53099	2022/01/13 
2022/01/14 	42.0	42.0	41.70000076293945	41.75	45099	2022/01/14 
2022/01/17 	41.75	41.75	41.54999923706055	41.75	23000	2022/01/17 
2022/01/18 	41.95000076293945	42.0	41.79999923706055	41.900001525878906	14000	2022/01/18 
2022/01/19 	42.5	42.5	41.79999923706055	41.900001525878906	37025	2022/01/19 
2022/01/20 	41.650001525878906	41.900001525878906	41.599998474121094	41.75	44000	2022/01/20 
2022/01/21 	41.599998474121094	41.599998474121094	40.75	40.75	95055	2022/01/21 
2022/01/24 	40.25	40.599998474121094	40.20000076293945	40.599998474121094	42000	2022/01/24 
2022/01/25 	40.599998474121094	40.599998474121094	40.099998474121094	40.20000076293945	50000	2022/01/25 
2022/01/26 	40.20000076293945	40.349998474121094	40.04999923706055	40.150001525878906	69034	2022/01/26 
2022/02/07 	40.5	40.79999923706055	40.20000076293945	40.54999923706055	38102	2022/02/07 
2022/02/08 	40.70000076293945	41.45000076293945	40.70000076293945	41.45000076293945	37363	2022/02/08 
2022/02/09 	41.45000076293945	42.099998474121094	41.400001525878906	41.75	37031	2022/02/09 
2022/02/10 	41.95000076293945	42.0	41.599998474121094	41.599998474121094	26000	2022/02/10 
2022/02/11 	41.650001525878906	42.150001525878906	41.650001525878906	41.75	56000	2022/02/11 
2022/02/14 	41.75	41.75	41.349998474121094	41.5	41020	2022/02/14 
2022/02/15 	41.5	41.900001525878906	41.5	41.70000076293945	55000	2022/02/15 
2022/02/16 	41.70000076293945	42.0	41.70000076293945	41.79999923706055	46000	2022/02/16 
2022/02/17 	41.849998474121094	41.900001525878906	41.79999923706055	41.900001525878906	47000	2022/02/17 
2022/02/18 	41.650001525878906	41.900001525878906	41.650001525878906	41.70000076293945	10000	2022/02/18 
2022/02/21 	41.650001525878906	42.099998474121094	41.599998474121094	41.79999923706055	15174	2022/02/21 
2022/02/22 	41.54999923706055	41.75	41.25	41.29999923706055	65043	2022/02/22 
2022/02/23 	41.29999923706055	41.650001525878906	41.20000076293945	41.5	42000	2022/02/23 
2022/02/24 	41.45000076293945	41.45000076293945	40.75	40.75	67000	2022/02/24 
2022/02/25 	41.29999923706055	41.29999923706055	40.849998474121094	40.849998474121094	27000	2022/02/25 
2022/03/01 	40.900001525878906	41.599998474121094	40.900001525878906	41.599998474121094	96200	2022/03/01 
2022/03/02 	41.599998474121094	41.70000076293945	41.400001525878906	41.650001525878906	40000	2022/03/02 
2022/03/03 	41.79999923706055	41.900001525878906	41.5	41.5	46000	2022/03/03 
2022/03/04 	41.54999923706055	41.54999923706055	41.25	41.45000076293945	25012	2022/03/04 
2022/03/07 	41.0	41.20000076293945	40.0	40.5	54000	2022/03/07 
2022/03/08 	40.5	40.75	40.0	40.29999923706055	81000	2022/03/08 
2022/03/09 	40.099998474121094	40.599998474121094	40.099998474121094	40.54999923706055	34000	2022/03/09 
2022/03/10 	41.0	41.29999923706055	40.900001525878906	41.04999923706055	45000	2022/03/10 
2022/03/11 	41.04999923706055	41.04999923706055	40.79999923706055	40.95000076293945	37000	2022/03/11 
2022/03/14 	41.0	41.0	40.79999923706055	40.95000076293945	30000	2022/03/14 
2022/03/15 	42.0	42.20000076293945	41.54999923706055	41.79999923706055	353901	2022/03/15 
2022/03/16 	42.0	42.5	41.75	42.0	88022	2022/03/16 
2022/03/17 	42.0	42.400001525878906	41.95000076293945	42.20000076293945	141016	2022/03/17 
2022/03/18 	42.400001525878906	42.400001525878906	42.0	42.150001525878906	61000	2022/03/18 
2022/03/21 	42.349998474121094	42.400001525878906	42.04999923706055	42.20000076293945	86040	2022/03/21 
2022/03/22 	42.29999923706055	43.0	42.29999923706055	43.0	204186	2022/03/22 
2022/03/23 	43.5	43.599998474121094	42.95000076293945	43.099998474121094	147105	2022/03/23 
2022/03/24 	42.900001525878906	43.20000076293945	42.849998474121094	43.150001525878906	110000	2022/03/24 
2022/03/25 	43.20000076293945	43.20000076293945	42.900001525878906	43.0	79028	2022/03/25 
2022/03/28 	43.0	43.04999923706055	42.79999923706055	42.79999923706055	71000	2022/03/28 
2022/03/29 	43.0	43.20000076293945	42.75	42.79999923706055	52508	2022/03/29 
2022/03/30 	43.0	43.099998474121094	42.79999923706055	43.0	59500	2022/03/30 
2022/03/31 	43.0	43.0	42.70000076293945	42.95000076293945	51048	2022/03/31 
2022/04/01 	43.099998474121094	43.099998474121094	42.5	42.599998474121094	100000	2022/04/01 
2022/04/06 	42.54999923706055	42.900001525878906	42.5	42.849998474121094	75550	2022/04/06 
2022/04/07 	42.849998474121094	44.25	42.849998474121094	43.650001525878906	252000	2022/04/07 
2022/04/08 	43.900001525878906	44.45000076293945	43.79999923706055	43.79999923706055	180000	2022/04/08 
2022/04/11 	44.150001525878906	44.150001525878906	43.0	43.0	116107	2022/04/11 
2022/04/12 	42.900001525878906	43.150001525878906	42.650001525878906	42.650001525878906	71100	2022/04/12 
2022/04/13 	42.79999923706055	43.29999923706055	42.79999923706055	43.29999923706055	80117	2022/04/13 
2022/04/14 	43.0	43.20000076293945	42.900001525878906	43.099998474121094	47001	2022/04/14 
2022/04/15 	43.099998474121094	43.099998474121094	42.79999923706055	43.0	45000	2022/04/15 
2022/04/18 	43.150001525878906	43.150001525878906	42.70000076293945	42.900001525878906	75000	2022/04/18 
2022/04/19 	43.20000076293945	43.25	42.900001525878906	43.099998474121094	55000	2022/04/19 
2022/04/20 	43.0	43.099998474121094	42.70000076293945	42.95000076293945	48878	2022/04/20 
2022/04/21 	43.0	43.0	42.79999923706055	42.900001525878906	58034	2022/04/21 
2022/04/22 	42.900001525878906	43.0	42.70000076293945	42.70000076293945	41000	2022/04/22 
2022/04/25 	42.400001525878906	42.400001525878906	42.099998474121094	42.150001525878906	62150	2022/04/25 
2022/04/26 	42.5	42.5	42.20000076293945	42.25	19000	2022/04/26 
2022/04/27 	42.0	42.0	41.5	41.79999923706055	99000	2022/04/27 
2022/04/28 	41.29999923706055	42.04999923706055	41.29999923706055	42.0	26000	2022/04/28 
2022/04/29 	41.599998474121094	42.0	41.599998474121094	42.0	24050	2022/04/29 
2022/05/03 	42.0	42.349998474121094	42.0	42.20000076293945	16000	2022/05/03 
2022/05/04 	42.75	42.849998474121094	42.5	42.599998474121094	38000	2022/05/04 
2022/05/05 	42.79999923706055	42.900001525878906	42.79999923706055	42.849998474121094	9000	2022/05/05 
2022/05/06 	42.5	42.5	40.25	42.099998474121094	142000	2022/05/06 
2022/05/09 	41.650001525878906	41.95000076293945	41.599998474121094	41.70000076293945	41007	2022/05/09 
2022/05/10 	41.0	42.45000076293945	40.79999923706055	42.0	50000	2022/05/10 
2022/05/11 	42.0	42.5	41.70000076293945	42.29999923706055	31300	2022/05/11 
2022/05/12 	41.75	43.0	41.599998474121094	42.349998474121094	90000	2022/05/12 
2022/05/13 	42.099998474121094	42.75	42.04999923706055	42.349998474121094	54000	2022/05/13 
2022/05/16 	42.5	42.70000076293945	41.900001525878906	42.70000076293945	65000	2022/05/16 
2022/05/17 	42.70000076293945	42.70000076293945	41.95000076293945	42.400001525878906	53000	2022/05/17 
2022/05/18 	42.400001525878906	42.650001525878906	42.0	42.099998474121094	61000	2022/05/18 
2022/05/19 	42.0	42.0	41.25	41.70000076293945	16000	2022/05/19 
2022/05/20 	41.900001525878906	42.0	41.70000076293945	42.0	14000	2022/05/20 
2022/05/23 	42.04999923706055	42.349998474121094	42.04999923706055	42.04999923706055	7000	2022/05/23 
2022/05/24 	42.04999923706055	42.099998474121094	41.900001525878906	42.04999923706055	14000	2022/05/24 
2022/05/25 	42.04999923706055	42.099998474121094	41.79999923706055	41.79999923706055	12000	2022/05/25 
2022/05/26 	41.79999923706055	42.099998474121094	41.79999923706055	42.099998474121094	13000	2022/05/26 
2022/05/27 	42.0	42.349998474121094	42.0	42.349998474121094	19019	2022/05/27 
2022/05/30 	42.349998474121094	43.70000076293945	42.349998474121094	42.349998474121094	117020	2022/05/30 
2022/05/31 	42.349998474121094	42.400001525878906	42.20000076293945	42.29999923706055	25000	2022/05/31 
2022/06/01 	42.29999923706055	42.5	42.04999923706055	42.25	51000	2022/06/01 
2022/06/02 	42.099998474121094	42.400001525878906	42.04999923706055	42.20000076293945	33012	2022/06/02 
2022/06/06 	42.20000076293945	42.29999923706055	42.0	42.29999923706055	26405	2022/06/06 
2022/06/07 	42.29999923706055	42.349998474121094	42.150001525878906	42.150001525878906	36000	2022/06/07 
2022/06/08 	42.400001525878906	42.5	42.150001525878906	42.400001525878906	79121	2022/06/08 
2022/06/09 	42.29999923706055	42.75	42.20000076293945	42.29999923706055	38000	2022/06/09 
2022/06/10 	42.54999923706055	42.849998474121094	42.5	42.70000076293945	59176	2022/06/10 
2022/06/13 	42.79999923706055	42.95000076293945	42.5	42.70000076293945	90000	2022/06/13 
2022/06/14 	42.70000076293945	42.70000076293945	42.349998474121094	42.70000076293945	56000	2022/06/14 
2022/06/15 	42.70000076293945	42.95000076293945	42.54999923706055	42.900001525878906	46187	2022/06/15 
2022/06/16 	43.20000076293945	43.20000076293945	42.599998474121094	42.599998474121094	79000	2022/06/16 
2022/06/17 	42.45000076293945	42.45000076293945	41.79999923706055	42.400001525878906	40000	2022/06/17 
2022/06/20 	42.29999923706055	42.29999923706055	42.0	42.04999923706055	46000	2022/06/20 
2022/06/21 	42.04999923706055	42.54999923706055	42.04999923706055	42.54999923706055	17000	2022/06/21 
2022/06/22 	42.70000076293945	42.70000076293945	41.599998474121094	41.70000076293945	81030	2022/06/22 
2022/06/23 	41.95000076293945	43.0	41.599998474121094	42.04999923706055	75000	2022/06/23 
2022/06/24 	42.45000076293945	42.70000076293945	42.20000076293945	42.25	169000	2022/06/24 
2022/06/27 	42.25	42.650001525878906	42.04999923706055	42.54999923706055	47000	2022/06/27 
2022/06/28 	42.150001525878906	42.29999923706055	42.04999923706055	42.29999923706055	20000	2022/06/28 
2022/06/29 	42.150001525878906	42.29999923706055	42.099998474121094	42.29999923706055	97000	2022/06/29 
2022/06/30 	42.099998474121094	42.099998474121094	41.0	41.099998474121094	77107	2022/06/30 
2022/07/01 	41.099998474121094	41.099998474121094	40.29999923706055	40.29999923706055	56000	2022/07/01 
2022/07/04 	40.5	40.900001525878906	40.349998474121094	40.349998474121094	61000	2022/07/04 
2022/07/05 	41.0	41.0	40.20000076293945	40.54999923706055	99010	2022/07/05 
2022/07/06 	37.5	38.45000076293945	37.5	37.5	69000	2022/07/06 
2022/07/07 	37.5	38.04999923706055	37.5	38.04999923706055	17000	2022/07/07 
2022/07/08 	38.04999923706055	38.54999923706055	38.04999923706055	38.150001525878906	36036	2022/07/08 
2022/07/11 	38.599998474121094	38.599998474121094	38.099998474121094	38.150001525878906	34000	2022/07/11 
2022/07/12 	38.0	38.0	37.5	37.70000076293945	28020	2022/07/12 
2022/07/13 	37.900001525878906	37.900001525878906	37.79999923706055	37.79999923706055	4030	2022/07/13 
2022/07/14 	37.54999923706055	37.95000076293945	37.54999923706055	37.95000076293945	39000	2022/07/14 
2022/07/15 	38.0	38.04999923706055	37.79999923706055	37.95000076293945	33000	2022/07/15 
2022/07/18 	37.900001525878906	38.20000076293945	37.900001525878906	38.150001525878906	17000	2022/07/18 
2022/07/19 	38.20000076293945	38.25	38.099998474121094	38.25	13000	2022/07/19 
2022/07/20 	38.29999923706055	38.400001525878906	38.25	38.25	29000	2022/07/20 
2022/07/21 	38.29999923706055	38.29999923706055	38.04999923706055	38.25	21000	2022/07/21 
2022/07/22 	38.25	38.599998474121094	38.25	38.54999923706055	37000	2022/07/22 
2022/07/25 	38.5	38.79999923706055	38.5	38.75	13051	2022/07/25 
2022/07/26 	39.0	39.0	38.599998474121094	39.0	24030	2022/07/26 
2022/07/27 	38.900001525878906	39.0	38.75	38.900001525878906	12002	2022/07/27 
2022/07/28 	39.0	39.0	38.54999923706055	38.70000076293945	25000	2022/07/28 
2022/07/29 	38.849998474121094	39.0	38.650001525878906	39.0	31065	2022/07/29 
2022/08/01 	39.0	39.29999923706055	38.900001525878906	38.900001525878906	56000	2022/08/01 
2022/08/02 	38.70000076293945	38.79999923706055	38.650001525878906	38.79999923706055	27000	2022/08/02 
2022/08/03 	38.79999923706055	39.45000076293945	38.650001525878906	39.29999923706055	38003	2022/08/03 
2022/08/04 	39.29999923706055	39.5	38.79999923706055	39.099998474121094	48000	2022/08/04 
2022/08/05 	38.849998474121094	39.150001525878906	38.79999923706055	39.099998474121094	58000	2022/08/05 
2022/08/08 	39.0	39.0	38.54999923706055	39.0	30000	2022/08/08 
2022/08/09 	38.900001525878906	39.099998474121094	38.599998474121094	38.599998474121094	140000	2022/08/09 
2022/08/10 	38.599998474121094	38.75	38.45000076293945	38.5	37000	2022/08/10 
2022/08/11 	38.849998474121094	39.150001525878906	38.400001525878906	38.599998474121094	59050	2022/08/11 
2022/08/12 	38.75	38.849998474121094	38.5	38.79999923706055	56250	2022/08/12 
2022/08/15 	38.79999923706055	38.900001525878906	38.45000076293945	38.54999923706055	70000	2022/08/15 
2022/08/16 	38.54999923706055	38.70000076293945	38.45000076293945	38.599998474121094	44025	2022/08/16 
2022/08/17 	38.599998474121094	38.599998474121094	38.400001525878906	38.599998474121094	57000	2022/08/17 
2022/08/18 	38.599998474121094	38.599998474121094	38.29999923706055	38.400001525878906	95000	2022/08/18 
2022/08/19 	38.45000076293945	38.45000076293945	38.150001525878906	38.25	165000	2022/08/19 
2022/08/22 	38.150001525878906	38.5	38.099998474121094	38.5	21000	2022/08/22 
2022/08/23 	38.400001525878906	38.599998474121094	38.099998474121094	38.29999923706055	82000	2022/08/23 
2022/08/24 	38.5	38.5	38.20000076293945	38.20000076293945	45000	2022/08/24 
2022/08/25 	38.29999923706055	38.349998474121094	38.20000076293945	38.29999923706055	12000	2022/08/25 
2022/08/26 	38.29999923706055	38.45000076293945	38.29999923706055	38.349998474121094	27000	2022/08/26 
2022/08/29 	38.25	39.25	38.099998474121094	38.25	57000	2022/08/29 
2022/08/30 	38.150001525878906	38.45000076293945	38.150001525878906	38.45000076293945	16000	2022/08/30 
2022/08/31 	38.29999923706055	38.5	38.29999923706055	38.45000076293945	20000	2022/08/31 
2022/09/01 	38.349998474121094	38.5	38.150001525878906	38.150001525878906	53000	2022/09/01 
2022/09/02 	38.20000076293945	38.29999923706055	38.099998474121094	38.20000076293945	15000	2022/09/02 
2022/09/05 	38.099998474121094	38.150001525878906	37.79999923706055	38.0	57001	2022/09/05 
2022/09/06 	38.0	38.599998474121094	37.95000076293945	37.95000076293945	184030	2022/09/06 
2022/09/07 	37.900001525878906	38.0	37.79999923706055	37.900001525878906	44002	2022/09/07 
2022/09/08 	38.0	38.04999923706055	38.0	38.0	11000	2022/09/08 
2022/09/12 	38.20000076293945	38.29999923706055	37.95000076293945	37.95000076293945	36100	2022/09/12 
2022/09/13 	38.0	39.150001525878906	38.0	38.849998474121094	59074	2022/09/13 
2022/09/14 	38.70000076293945	38.75	38.54999923706055	38.70000076293945	14030	2022/09/14 
2022/09/15 	38.54999923706055	38.79999923706055	38.45000076293945	38.75	79000	2022/09/15 
2022/09/16 	38.75	38.75	38.25	38.5	56030	2022/09/16 
2022/09/19 	38.5	38.5	38.04999923706055	38.20000076293945	30000	2022/09/19 
2022/09/20 	38.20000076293945	38.349998474121094	38.150001525878906	38.20000076293945	10096	2022/09/20 
2022/09/21 	38.349998474121094	38.5	38.20000076293945	38.29999923706055	134080	2022/09/21 
2022/09/22 	38.29999923706055	38.650001525878906	38.150001525878906	38.45000076293945	147000	2022/09/22 
2022/09/23 	38.45000076293945	38.54999923706055	38.29999923706055	38.54999923706055	104210	2022/09/23 
2022/09/26 	38.5	38.650001525878906	38.150001525878906	38.20000076293945	100100	2022/09/26 
2022/09/27 	38.20000076293945	38.400001525878906	38.150001525878906	38.25	29010	2022/09/27 
2022/09/28 	38.20000076293945	38.20000076293945	37.0	37.349998474121094	138000	2022/09/28 
2022/09/29 	37.349998474121094	37.900001525878906	37.349998474121094	37.650001525878906	43030	2022/09/29 
2022/09/30 	37.5	37.900001525878906	37.45000076293945	37.75	24050	2022/09/30 
2022/10/03 	37.25	38.150001525878906	37.25	37.95000076293945	27000	2022/10/03 
2022/10/04 	38.0	38.0	37.75	37.849998474121094	68951	2022/10/04 
2022/10/05 	37.75	38.0	37.75	37.75	60639	2022/10/05 
2022/10/06 	37.79999923706055	37.849998474121094	37.79999923706055	37.849998474121094	21108	2022/10/06 
2022/10/07 	37.599998474121094	37.79999923706055	37.29999923706055	37.70000076293945	24010	2022/10/07 
2022/10/11 	37.25	37.599998474121094	37.20000076293945	37.25	63050	2022/10/11 
2022/10/12 	37.5	37.5	36.900001525878906	37.349998474121094	41000	2022/10/12 
2022/10/13 	37.099998474121094	37.099998474121094	36.0	36.29999923706055	84025	2022/10/13 
2022/10/14 	36.349998474121094	36.70000076293945	36.349998474121094	36.5	24205	2022/10/14 
2022/10/17 	36.29999923706055	36.29999923706055	36.0	36.25	17000	2022/10/17 
2022/10/18 	36.25	36.45000076293945	36.25	36.45000076293945	21000	2022/10/18 
2022/10/19 	36.25	36.349998474121094	36.20000076293945	36.29999923706055	22010	2022/10/19 
2022/10/20 	36.099998474121094	36.25	35.79999923706055	35.95000076293945	55000	2022/10/20 
2022/10/21 	35.900001525878906	35.900001525878906	35.70000076293945	35.75	36015	2022/10/21 
2022/10/24 	36.0	36.0	35.79999923706055	35.849998474121094	21000	2022/10/24 
2022/10/25 	35.599998474121094	35.650001525878906	35.29999923706055	35.5	31150	2022/10/25 
2022/10/26 	35.5	35.5	35.20000076293945	35.20000076293945	26167	2022/10/26 
2022/10/27 	35.04999923706055	35.29999923706055	35.04999923706055	35.25	23000	2022/10/27 
2022/10/28 	35.29999923706055	35.900001525878906	35.29999923706055	35.70000076293945	13000	2022/10/28 
2022/10/31 	35.5	35.849998474121094	35.29999923706055	35.849998474121094	25000	2022/10/31 
2022/11/01 	36.0	36.29999923706055	35.95000076293945	36.29999923706055	17000	2022/11/01 
2022/11/02 	36.54999923706055	37.400001525878906	36.54999923706055	37.20000076293945	81045	2022/11/02 
2022/11/03 	37.150001525878906	37.599998474121094	37.0	37.349998474121094	43000	2022/11/03 
2022/11/04 	37.150001525878906	37.79999923706055	37.150001525878906	37.650001525878906	16075	2022/11/04 
2022/11/07 	37.29999923706055	38.0	37.29999923706055	37.900001525878906	49002	2022/11/07 
2022/11/08 	37.900001525878906	38.0	37.70000076293945	37.75	21025	2022/11/08 
2022/11/09 	38.0	38.0	37.75	37.849998474121094	50005	2022/11/09 
2022/11/10 	37.599998474121094	37.599998474121094	37.5	37.5	11000	2022/11/10 
2022/11/11 	37.70000076293945	38.0	37.70000076293945	37.95000076293945	71000	2022/11/11 
2022/11/14 	37.95000076293945	38.25	37.599998474121094	38.25	123000	2022/11/14 
2022/11/15 	38.25	38.5	37.599998474121094	38.5	54000	2022/11/15 
2022/11/16 	38.400001525878906	38.45000076293945	38.0	38.0	25030	2022/11/16 
2022/11/17 	38.0	38.349998474121094	38.0	38.349998474121094	15070	2022/11/17 
2022/11/18 	38.5	38.599998474121094	38.349998474121094	38.349998474121094	21000	2022/11/18 
2022/11/21 	38.349998474121094	38.54999923706055	38.349998474121094	38.5	15000	2022/11/21 
2022/11/22 	38.95000076293945	39.0	38.70000076293945	38.79999923706055	71030	2022/11/22 
2022/11/23 	39.0	39.20000076293945	38.849998474121094	39.04999923706055	100686	2022/11/23 
2022/11/24 	39.45000076293945	39.45000076293945	39.0	39.150001525878906	70030	2022/11/24 
2022/11/25 	39.150001525878906	39.150001525878906	38.650001525878906	38.75	53100	2022/11/25 
2022/11/28 	38.75	38.95000076293945	38.29999923706055	38.900001525878906	58000	2022/11/28 
2022/11/29 	39.29999923706055	39.29999923706055	38.650001525878906	38.849998474121094	17030	2022/11/29 
2022/11/30 	38.849998474121094	39.20000076293945	38.849998474121094	39.20000076293945	44000	2022/11/30 
2022/12/01 	39.25	39.349998474121094	39.0	39.04999923706055	59127	2022/12/01 
2022/12/02 	38.79999923706055	39.20000076293945	38.79999923706055	39.20000076293945	60030	2022/12/02 
2022/12/05 	39.29999923706055	39.29999923706055	38.79999923706055	39.20000076293945	74500	2022/12/05 
2022/12/06 	39.0	39.20000076293945	38.79999923706055	39.20000076293945	48000	2022/12/06 
2022/12/07 	39.29999923706055	39.349998474121094	39.0	39.150001525878906	108000	2022/12/07 
2022/12/08 	38.95000076293945	39.04999923706055	38.900001525878906	39.04999923706055	23000	2022/12/08 
2022/12/09 	39.04999923706055	39.04999923706055	38.95000076293945	38.95000076293945	19000	2022/12/09 
2022/12/12 	38.900001525878906	38.900001525878906	38.79999923706055	38.79999923706055	27030	2022/12/12 
2022/12/13 	38.79999923706055	38.79999923706055	38.650001525878906	38.70000076293945	28000	2022/12/13 
2022/12/14 	39.0	39.04999923706055	39.0	39.0	32010	2022/12/14 
2022/12/15 	38.95000076293945	39.0	38.75	38.79999923706055	23000	2022/12/15 
2022/12/16 	38.75	39.0	38.54999923706055	38.900001525878906	32000	2022/12/16 
2022/12/19 	38.79999923706055	39.0	38.70000076293945	38.79999923706055	20000	2022/12/19 
2022/12/20 	38.75	39.0	38.650001525878906	38.650001525878906	35010	2022/12/20 
2022/12/21 	38.70000076293945	38.70000076293945	38.650001525878906	38.650001525878906	11490	2022/12/21 
2022/12/22 	39.0	39.0	39.0	39.0	1030	2022/12/22 
2022/12/23 	38.75	38.75	38.75	38.75	3000	2022/12/23 
2022/12/26 	38.75	38.75	38.45000076293945	38.45000076293945	27030	2022/12/26 
2022/12/27 	38.45000076293945	38.70000076293945	38.29999923706055	38.29999923706055	24000	2022/12/27 
2022/12/28 	38.349998474121094	38.5	38.25	38.25	22024	2022/12/28 
2022/12/29 	38.29999923706055	39.0	38.29999923706055	39.0	15000	2022/12/29 
2022/12/30 	39.0	39.0	38.650001525878906	38.900001525878906	20041	2022/12/30 
2023/01/03 	38.79999923706055	38.900001525878906	38.75	38.849998474121094	10005	2023/01/03 
2023/01/04 	38.900001525878906	39.0	38.900001525878906	38.95000076293945	32000	2023/01/04 
2023/01/05 	39.04999923706055	39.04999923706055	38.95000076293945	38.95000076293945	20095	2023/01/05 
2023/01/06 	39.04999923706055	39.45000076293945	39.0	39.150001525878906	22000	2023/01/06 
2023/01/09 	39.150001525878906	39.54999923706055	39.150001525878906	39.5	54010	2023/01/09 
2023/01/10 	39.5	39.95000076293945	39.5	39.599998474121094	45000	2023/01/10 
2023/01/11 	39.75	39.75	39.099998474121094	39.29999923706055	62028	2023/01/11 
2023/01/12 	39.599998474121094	39.599998474121094	39.150001525878906	39.20000076293945	33125	2023/01/12 
2023/01/13 	39.20000076293945	39.349998474121094	39.04999923706055	39.349998474121094	42030	2023/01/13 
2023/01/16 	39.20000076293945	39.400001525878906	39.150001525878906	39.20000076293945	46030	2023/01/16 
2023/01/17 	39.20000076293945	39.25	39.20000076293945	39.25	26591	2023/01/17 
2023/01/30 	39.79999923706055	39.79999923706055	39.29999923706055	39.5	71125	2023/01/30 
2023/01/31 	39.5	39.599998474121094	39.45000076293945	39.5	31000	2023/01/31 
2023/02/01 	39.650001525878906	39.849998474121094	39.54999923706055	39.79999923706055	52100	2023/02/01 
2023/02/02 	39.79999923706055	40.150001525878906	39.79999923706055	39.95000076293945	71331	2023/02/02 
2023/02/03 	39.900001525878906	40.75	39.79999923706055	40.75	90915	2023/02/03 
