Date	Open	High	Low	Close	Volume	Date
2021/03/22 	378.0	477.0	368.0	469.0	6023675	2021/03/22 
2021/03/23 	469.0	480.0	451.0	469.0	2236823	2021/03/23 
2021/03/24 	458.0	463.5	446.0	447.0	1162061	2021/03/24 
2021/03/25 	445.0	476.5	430.0	467.0	1679536	2021/03/25 
2021/03/26 	464.0	475.5	460.0	474.5	1434650	2021/03/26 
2021/03/29 	480.0	521.0	475.5	521.0	2317497	2021/03/29 
2021/03/30 	521.0	573.0	517.0	573.0	1279247	2021/03/30 
2021/03/31 	600.0	630.0	561.0	630.0	2577150	2021/03/31 
2021/04/01 	633.0	656.0	602.0	638.0	2090463	2021/04/01 
2021/04/07 	603.0	645.0	598.0	619.0	1170260	2021/04/07 
2021/04/08 	620.0	648.0	604.0	635.0	1098356	2021/04/08 
2021/04/09 	660.0	698.0	634.0	698.0	1902026	2021/04/09 
2021/04/12 	726.0	767.0	702.0	745.0	2291363	2021/04/12 
2021/04/13 	725.0	734.0	671.0	671.0	1539650	2021/04/13 
2021/04/14 	668.0	695.0	604.0	685.0	2630201	2021/04/14 
2021/04/15 	650.0	680.0	638.0	660.0	904493	2021/04/15 
2021/04/16 	650.0	689.0	642.0	672.0	689562	2021/04/16 
2021/04/19 	669.0	680.0	621.0	633.0	768179	2021/04/19 
2021/04/20 	625.0	629.0	610.0	618.0	439303	2021/04/20 
2021/04/21 	615.0	623.0	590.0	590.0	788457	2021/04/21 
2021/04/22 	600.0	622.0	590.0	599.0	693155	2021/04/22 
2021/04/23 	592.0	596.0	569.0	571.0	674550	2021/04/23 
2021/04/26 	574.0	619.0	563.0	603.0	599041	2021/04/26 
2021/04/27 	592.0	604.0	581.0	596.0	280341	2021/04/27 
2021/04/28 	591.0	602.0	587.0	587.0	157447	2021/04/28 
2021/04/29 	584.0	602.0	580.0	595.0	392207	2021/04/29 
2021/05/03 	586.0	598.0	563.0	571.0	479131	2021/05/03 
2021/05/04 	574.0	580.0	514.0	539.0	545367	2021/05/04 
2021/05/05 	538.0	580.0	536.0	561.0	489212	2021/05/05 
2021/05/06 	562.0	588.0	562.0	581.0	391173	2021/05/06 
2021/05/07 	588.0	614.0	585.0	610.0	559150	2021/05/07 
2021/05/10 	607.0	607.0	578.0	591.0	403111	2021/05/10 
2021/05/11 	579.0	584.0	538.0	545.0	426765	2021/05/11 
2021/05/12 	599.0	599.0	564.0	599.0	1389987	2021/05/12 
2021/05/13 	590.0	658.0	582.0	658.0	1306816	2021/05/13 
2021/05/14 	662.0	709.0	654.0	672.0	1327270	2021/05/14 
2021/05/17 	653.0	705.0	631.0	680.0	1138292	2021/05/17 
2021/05/18 	696.0	720.0	672.0	706.0	836809	2021/05/18 
2021/05/19 	708.0	708.0	666.0	690.0	581581	2021/05/19 
2021/05/20 	685.0	697.0	673.0	692.0	344847	2021/05/20 
2021/05/21 	703.0	714.0	681.0	689.0	437359	2021/05/21 
2021/05/24 	685.0	693.0	673.0	688.0	301203	2021/05/24 
2021/05/25 	698.0	756.0	692.0	756.0	846143	2021/05/25 
2021/05/26 	764.0	828.0	751.0	825.0	1254521	2021/05/26 
2021/05/27 	803.0	824.0	772.0	818.0	471509	2021/05/27 
2021/05/28 	812.0	842.0	804.0	818.0	393228	2021/05/28 
2021/05/31 	818.0	818.0	789.0	802.0	350516	2021/05/31 
2021/06/01 	810.0	847.0	791.0	841.0	428690	2021/06/01 
2021/06/02 	853.0	853.0	800.0	820.0	384113	2021/06/02 
2021/06/03 	820.0	837.0	809.0	819.0	217241	2021/06/03 
2021/06/04 	811.0	822.0	800.0	809.0	258129	2021/06/04 
2021/06/07 	811.0	811.0	751.0	762.0	440357	2021/06/07 
2021/06/08 	762.0	784.0	760.0	777.0	254037	2021/06/08 
2021/06/09 	777.0	792.0	770.0	776.0	193197	2021/06/09 
2021/06/10 	782.0	795.0	775.0	777.0	236304	2021/06/10 
2021/06/11 	783.0	790.0	777.0	783.0	153025	2021/06/11 
2021/06/15 	792.0	809.0	787.0	795.0	208001	2021/06/15 
2021/06/16 	788.0	854.0	781.0	850.0	571528	2021/06/16 
2021/06/17 	830.0	844.0	823.0	833.0	330426	2021/06/17 
2021/06/18 	834.0	834.0	792.0	800.0	390046	2021/06/18 
2021/06/21 	790.0	823.0	790.0	804.0	341117	2021/06/21 
2021/06/22 	811.0	884.0	811.0	884.0	780461	2021/06/22 
2021/06/23 	891.0	939.0	853.0	853.0	1534441	2021/06/23 
2021/06/24 	853.0	902.0	853.0	880.0	487181	2021/06/24 
2021/06/25 	899.0	950.0	895.0	922.0	775736	2021/06/25 
2021/06/28 	939.0	947.0	890.0	912.0	430350	2021/06/28 
2021/06/29 	918.0	950.0	901.0	925.0	556288	2021/06/29 
2021/06/30 	931.0	959.0	906.0	909.0	418120	2021/06/30 
2021/07/01 	916.0	928.0	873.0	873.0	394177	2021/07/01 
2021/07/02 	878.0	904.0	861.0	895.0	313059	2021/07/02 
2021/07/05 	904.0	909.0	876.0	881.0	182380	2021/07/05 
2021/07/06 	881.0	889.0	799.0	824.0	961753	2021/07/06 
2021/07/07 	825.0	873.0	821.0	842.0	550432	2021/07/07 
2021/07/08 	850.0	900.0	850.0	887.0	575221	2021/07/08 
2021/07/09 	887.0	918.0	878.0	884.0	485086	2021/07/09 
2021/07/12 	903.0	923.0	887.0	913.0	500415	2021/07/12 
2021/07/13 	928.0	985.0	917.0	950.0	1066228	2021/07/13 
2021/07/14 	958.0	964.0	881.0	914.0	592268	2021/07/14 
2021/07/15 	921.0	921.0	895.0	905.0	277058	2021/07/15 
2021/07/16 	899.0	911.0	887.0	893.0	451144	2021/07/16 
2021/07/19 	898.0	927.0	889.0	893.0	218272	2021/07/19 
2021/07/20 	893.0	900.0	867.0	876.0	176020	2021/07/20 
2021/07/21 	890.0	905.0	883.0	892.0	353050	2021/07/21 
2021/07/22 	908.0	925.0	881.0	883.0	308010	2021/07/22 
2021/07/23 	888.0	893.0	862.0	870.0	258164	2021/07/23 
2021/07/26 	881.0	882.0	818.0	834.0	496333	2021/07/26 
2021/07/27 	843.0	849.0	801.0	810.0	334295	2021/07/27 
2021/07/28 	810.0	821.0	778.0	793.0	331435	2021/07/28 
2021/07/29 	809.0	859.0	795.0	849.0	473070	2021/07/29 
2021/07/30 	841.0	856.0	820.0	837.0	233589	2021/07/30 
2021/08/02 	844.0	845.0	800.0	820.0	346164	2021/08/02 
2021/08/03 	819.0	819.0	796.0	800.0	330050	2021/08/03 
2021/08/04 	809.0	812.0	789.0	806.0	166050	2021/08/04 
2021/08/05 	806.0	806.0	781.0	792.0	341113	2021/08/05 
2021/08/06 	799.0	823.0	799.0	814.0	209146	2021/08/06 
2021/08/09 	810.0	814.0	790.0	796.0	108035	2021/08/09 
2021/08/10 	805.0	809.0	762.0	781.0	267050	2021/08/10 
2021/08/11 	784.0	784.0	742.0	780.0	471112	2021/08/11 
2021/08/12 	783.0	815.0	776.0	805.0	284156	2021/08/12 
2021/08/13 	809.0	819.0	800.0	810.0	226350	2021/08/13 
2021/08/16 	792.0	820.0	783.0	812.0	221127	2021/08/16 
2021/08/17 	812.0	821.0	791.0	791.0	173264	2021/08/17 
2021/08/18 	786.0	853.0	778.0	839.0	669056	2021/08/18 
2021/08/19 	839.0	857.0	800.0	800.0	539290	2021/08/19 
2021/08/20 	824.0	844.0	805.0	834.0	347077	2021/08/20 
2021/08/23 	844.0	855.0	832.0	843.0	257080	2021/08/23 
2021/08/24 	846.0	862.0	839.0	856.0	311068	2021/08/24 
2021/08/25 	867.0	879.0	857.0	860.0	227217	2021/08/25 
2021/08/26 	872.0	872.0	841.0	861.0	134237	2021/08/26 
2021/08/27 	861.0	883.0	856.0	871.0	219069	2021/08/27 
2021/08/30 	874.0	886.0	867.0	875.0	208025	2021/08/30 
2021/08/31 	872.0	872.0	838.0	852.0	203365	2021/08/31 
2021/09/01 	859.0	874.0	850.0	868.0	218001	2021/09/01 
2021/09/02 	869.0	885.0	862.0	865.0	217123	2021/09/02 
2021/09/03 	871.0	883.0	860.0	860.0	114209	2021/09/03 
2021/09/06 	860.0	860.0	830.0	830.0	148470	2021/09/06 
2021/09/07 	840.0	849.0	796.0	801.0	287082	2021/09/07 
2021/09/08 	796.0	815.0	796.0	802.0	100011	2021/09/08 
2021/09/09 	794.0	815.0	794.0	806.0	130131	2021/09/09 
2021/09/10 	802.0	819.0	802.0	819.0	86110	2021/09/10 
2021/09/13 	814.0	819.0	799.0	800.0	152150	2021/09/13 
2021/09/14 	800.0	812.0	792.0	796.0	230100	2021/09/14 
2021/09/15 	792.0	795.0	778.0	792.0	201039	2021/09/15 
2021/09/16 	800.0	814.0	800.0	801.0	237090	2021/09/16 
2021/09/17 	802.0	822.0	797.0	822.0	841076	2021/09/17 
2021/09/22 	808.0	816.0	804.0	804.0	45068	2021/09/22 
2021/09/23 	804.0	829.0	804.0	821.0	125000	2021/09/23 
2021/09/24 	820.0	825.0	815.0	815.0	158100	2021/09/24 
2021/09/27 	815.0	815.0	791.0	814.0	181078	2021/09/27 
2021/09/28 	813.0	813.0	799.0	801.0	80002	2021/09/28 
2021/09/29 	814.0	849.0	780.0	782.0	525012	2021/09/29 
2021/09/30 	795.0	805.0	774.0	803.0	304101	2021/09/30 
2021/10/01 	800.0	829.0	793.0	798.0	547022	2021/10/01 
2021/10/04 	813.0	813.0	781.0	787.0	129005	2021/10/04 
2021/10/05 	794.0	845.0	780.0	828.0	498053	2021/10/05 
2021/10/06 	851.0	910.0	840.0	881.0	882074	2021/10/06 
2021/10/07 	907.0	930.0	884.0	893.0	650012	2021/10/07 
2021/10/08 	903.0	914.0	879.0	889.0	180050	2021/10/08 
2021/10/12 	880.0	901.0	866.0	882.0	117043	2021/10/12 
2021/10/13 	888.0	910.0	874.0	900.0	379010	2021/10/13 
2021/10/14 	902.0	961.0	902.0	945.0	1204385	2021/10/14 
2021/10/15 	960.0	1020.0	954.0	1015.0	1267716	2021/10/15 
2021/10/18 	1030.0	1075.0	1015.0	1035.0	1013240	2021/10/18 
2021/10/19 	1060.0	1105.0	1040.0	1085.0	728208	2021/10/19 
2021/10/20 	1080.0	1125.0	1060.0	1090.0	495542	2021/10/20 
2021/10/21 	1095.0	1190.0	1075.0	1190.0	1035217	2021/10/21 
2021/10/22 	1195.0	1275.0	1150.0	1165.0	1095430	2021/10/22 
2021/10/25 	1140.0	1180.0	1065.0	1170.0	752820	2021/10/25 
2021/10/26 	1195.0	1200.0	1105.0	1120.0	641152	2021/10/26 
2021/10/27 	1125.0	1165.0	1105.0	1130.0	537150	2021/10/27 
2021/10/28 	1135.0	1185.0	1095.0	1115.0	595040	2021/10/28 
2021/10/29 	1125.0	1225.0	1120.0	1225.0	864130	2021/10/29 
2021/11/01 	1265.0	1275.0	1210.0	1220.0	730045	2021/11/01 
2021/11/02 	1240.0	1330.0	1190.0	1230.0	939060	2021/11/02 
2021/11/03 	1275.0	1275.0	1195.0	1220.0	404128	2021/11/03 
2021/11/04 	1240.0	1305.0	1215.0	1235.0	574309	2021/11/04 
2021/11/05 	1260.0	1325.0	1240.0	1300.0	836131	2021/11/05 
2021/11/08 	1270.0	1285.0	1170.0	1170.0	554137	2021/11/08 
2021/11/09 	1175.0	1215.0	1105.0	1140.0	928052	2021/11/09 
2021/11/10 	1165.0	1175.0	1125.0	1140.0	511027	2021/11/10 
2021/11/11 	1155.0	1250.0	1140.0	1250.0	989009	2021/11/11 
2021/11/12 	1320.0	1375.0	1285.0	1375.0	1218151	2021/11/12 
2021/11/15 	1420.0	1505.0	1375.0	1500.0	1540614	2021/11/15 
2021/11/16 	1515.0	1530.0	1440.0	1465.0	696131	2021/11/16 
2021/11/17 	1465.0	1540.0	1465.0	1500.0	545304	2021/11/17 
2021/11/18 	1520.0	1555.0	1485.0	1485.0	495329	2021/11/18 
2021/11/19 	1500.0	1530.0	1450.0	1460.0	418728	2021/11/19 
2021/11/22 	1480.0	1525.0	1450.0	1505.0	339323	2021/11/22 
2021/11/23 	1525.0	1565.0	1445.0	1460.0	653113	2021/11/23 
2021/11/24 	1475.0	1505.0	1420.0	1465.0	570126	2021/11/24 
2021/11/25 	1490.0	1605.0	1450.0	1490.0	1453463	2021/11/25 
2021/11/26 	1460.0	1510.0	1385.0	1405.0	596179	2021/11/26 
2021/11/29 	1415.0	1505.0	1410.0	1500.0	466184	2021/11/29 
2021/11/30 	1540.0	1610.0	1515.0	1610.0	1091656	2021/11/30 
2021/12/01 	1580.0	1580.0	1515.0	1545.0	511021	2021/12/01 
2021/12/02 	1540.0	1570.0	1525.0	1525.0	247250	2021/12/02 
2021/12/03 	1540.0	1590.0	1460.0	1475.0	627318	2021/12/03 
2021/12/06 	1480.0	1495.0	1435.0	1455.0	393024	2021/12/06 
2021/12/07 	1490.0	1495.0	1450.0	1495.0	326026	2021/12/07 
2021/12/08 	1505.0	1545.0	1475.0	1475.0	357242	2021/12/08 
2021/12/09 	1500.0	1575.0	1490.0	1570.0	486099	2021/12/09 
2021/12/10 	1580.0	1665.0	1550.0	1650.0	631095	2021/12/10 
2021/12/13 	1675.0	1680.0	1535.0	1550.0	610346	2021/12/13 
2021/12/14 	1565.0	1570.0	1470.0	1480.0	565316	2021/12/14 
2021/12/15 	1505.0	1550.0	1470.0	1540.0	373038	2021/12/15 
2021/12/16 	1560.0	1615.0	1530.0	1600.0	415180	2021/12/16 
2021/12/17 	1580.0	1630.0	1555.0	1560.0	333024	2021/12/17 
2021/12/20 	1570.0	1585.0	1515.0	1515.0	301135	2021/12/20 
2021/12/21 	1530.0	1615.0	1530.0	1565.0	395013	2021/12/21 
2021/12/22 	1590.0	1620.0	1580.0	1600.0	315117	2021/12/22 
2021/12/23 	1630.0	1760.0	1620.0	1760.0	821277	2021/12/23 
2021/12/24 	1835.0	1850.0	1750.0	1765.0	778041	2021/12/24 
2021/12/27 	1765.0	1855.0	1750.0	1755.0	558251	2021/12/27 
2021/12/28 	1775.0	1810.0	1750.0	1775.0	439008	2021/12/28 
2021/12/29 	1795.0	1805.0	1755.0	1805.0	327053	2021/12/29 
2021/12/30 	1810.0	1850.0	1790.0	1825.0	411155	2021/12/30 
2022/01/03 	1900.0	1990.0	1875.0	1940.0	826081	2022/01/03 
2022/01/04 	1980.0	1990.0	1930.0	1950.0	581016	2022/01/04 
2022/01/05 	1980.0	2015.0	1860.0	1910.0	871129	2022/01/05 
2022/01/06 	1895.0	1915.0	1835.0	1870.0	510011	2022/01/06 
2022/01/07 	1880.0	1895.0	1745.0	1790.0	751033	2022/01/07 
2022/01/10 	1775.0	1810.0	1690.0	1720.0	753050	2022/01/10 
2022/01/11 	1735.0	1755.0	1655.0	1680.0	654017	2022/01/11 
2022/01/12 	1720.0	1730.0	1635.0	1675.0	547022	2022/01/12 
2022/01/13 	1675.0	1695.0	1585.0	1675.0	787010	2022/01/13 
2022/01/14 	1665.0	1665.0	1565.0	1615.0	805175	2022/01/14 
2022/01/17 	1560.0	1630.0	1560.0	1600.0	575100	2022/01/17 
2022/01/18 	1620.0	1685.0	1580.0	1640.0	809202	2022/01/18 
2022/01/19 	1600.0	1640.0	1585.0	1615.0	454007	2022/01/19 
2022/01/20 	1630.0	1690.0	1610.0	1690.0	551110	2022/01/20 
2022/01/21 	1645.0	1690.0	1585.0	1585.0	660059	2022/01/21 
2022/01/24 	1560.0	1590.0	1520.0	1580.0	600496	2022/01/24 
2022/01/25 	1560.0	1590.0	1425.0	1425.0	712184	2022/01/25 
2022/01/26 	1450.0	1530.0	1415.0	1480.0	981015	2022/01/26 
2022/02/07 	1505.0	1570.0	1485.0	1545.0	479200	2022/02/07 
2022/02/08 	1570.0	1585.0	1530.0	1535.0	429065	2022/02/08 
2022/02/09 	1570.0	1645.0	1570.0	1620.0	713233	2022/02/09 
2022/02/10 	1620.0	1655.0	1575.0	1590.0	459131	2022/02/10 
2022/02/11 	1590.0	1590.0	1525.0	1550.0	382196	2022/02/11 
2022/02/14 	1485.0	1490.0	1395.0	1395.0	861017	2022/02/14 
2022/02/15 	1400.0	1430.0	1375.0	1375.0	613251	2022/02/15 
2022/02/16 	1440.0	1490.0	1425.0	1455.0	768140	2022/02/16 
2022/02/17 	1460.0	1470.0	1415.0	1465.0	440040	2022/02/17 
2022/02/18 	1405.0	1480.0	1405.0	1480.0	306017	2022/02/18 
2022/02/21 	1480.0	1500.0	1410.0	1410.0	384134	2022/02/21 
2022/02/22 	1405.0	1435.0	1275.0	1335.0	1267080	2022/02/22 
2022/02/23 	1370.0	1380.0	1320.0	1335.0	493071	2022/02/23 
2022/02/24 	1310.0	1340.0	1270.0	1300.0	594049	2022/02/24 
2022/02/25 	1335.0	1360.0	1290.0	1305.0	551080	2022/02/25 
2022/03/01 	1325.0	1415.0	1305.0	1355.0	699100	2022/03/01 
2022/03/02 	1340.0	1355.0	1270.0	1320.0	694140	2022/03/02 
2022/03/03 	1350.0	1360.0	1300.0	1310.0	453063	2022/03/03 
2022/03/04 	1350.0	1415.0	1335.0	1335.0	1084335	2022/03/04 
2022/03/07 	1300.0	1325.0	1205.0	1250.0	865023	2022/03/07 
2022/03/08 	1245.0	1305.0	1235.0	1270.0	928154	2022/03/08 
2022/03/09 	1330.0	1340.0	1275.0	1275.0	928048	2022/03/09 
2022/03/10 	1325.0	1400.0	1315.0	1385.0	1286056	2022/03/10 
2022/03/11 	1385.0	1395.0	1250.0	1250.0	1276608	2022/03/11 
2022/03/14 	1270.0	1280.0	1215.0	1270.0	877081	2022/03/14 
2022/03/15 	1245.0	1260.0	1145.0	1145.0	611334	2022/03/15 
2022/03/16 	1140.0	1200.0	1065.0	1190.0	1961055	2022/03/16 
2022/03/17 	1290.0	1290.0	1225.0	1240.0	959267	2022/03/17 
2022/03/18 	1220.0	1275.0	1185.0	1265.0	980256	2022/03/18 
2022/03/21 	1280.0	1290.0	1230.0	1240.0	726125	2022/03/21 
2022/03/22 	1230.0	1270.0	1210.0	1260.0	505530	2022/03/22 
2022/03/23 	1290.0	1345.0	1260.0	1335.0	1230727	2022/03/23 
2022/03/24 	1310.0	1315.0	1245.0	1250.0	966263	2022/03/24 
2022/03/25 	1280.0	1280.0	1235.0	1235.0	669050	2022/03/25 
2022/03/28 	1215.0	1260.0	1140.0	1255.0	1203510	2022/03/28 
2022/03/29 	1270.0	1310.0	1245.0	1285.0	894233	2022/03/29 
2022/03/30 	1310.0	1325.0	1280.0	1280.0	593242	2022/03/30 
2022/03/31 	1285.0	1320.0	1250.0	1270.0	648187	2022/03/31 
2022/04/01 	1230.0	1300.0	1225.0	1300.0	678020	2022/04/01 
2022/04/06 	1270.0	1270.0	1205.0	1205.0	737191	2022/04/06 
2022/04/07 	1210.0	1240.0	1185.0	1195.0	660138	2022/04/07 
2022/04/08 	1215.0	1220.0	1150.0	1155.0	760264	2022/04/08 
2022/04/11 	1160.0	1160.0	1090.0	1090.0	684356	2022/04/11 
2022/04/12 	1095.0	1135.0	1085.0	1090.0	426050	2022/04/12 
2022/04/13 	1120.0	1135.0	1100.0	1100.0	287461	2022/04/13 
2022/04/14 	1120.0	1150.0	1105.0	1110.0	625300	2022/04/14 
2022/04/15 	1110.0	1110.0	1000.0	1015.0	1084043	2022/04/15 
2022/04/18 	1010.0	1085.0	1005.0	1070.0	727215	2022/04/18 
2022/04/19 	1085.0	1100.0	1040.0	1055.0	573030	2022/04/19 
2022/04/20 	1070.0	1075.0	1025.0	1030.0	522339	2022/04/20 
2022/04/21 	1060.0	1060.0	1000.0	1020.0	849159	2022/04/21 
2022/04/22 	1005.0	1015.0	955.0	955.0	1086372	2022/04/22 
2022/04/25 	939.0	955.0	918.0	931.0	890050	2022/04/25 
2022/04/26 	942.0	946.0	896.0	911.0	645500	2022/04/26 
2022/04/27 	876.0	915.0	856.0	915.0	1126110	2022/04/27 
2022/04/28 	923.0	926.0	897.0	913.0	767500	2022/04/28 
2022/04/29 	942.0	962.0	903.0	920.0	1067011	2022/04/29 
2022/05/03 	906.0	954.0	906.0	934.0	493264	2022/05/03 
2022/05/04 	943.0	961.0	933.0	953.0	491031	2022/05/04 
2022/05/05 	987.0	1035.0	962.0	967.0	1404027	2022/05/05 
2022/05/06 	926.0	932.0	884.0	893.0	891500	2022/05/06 
2022/05/09 	887.0	904.0	858.0	893.0	568124	2022/05/09 
2022/05/10 	868.0	924.0	868.0	920.0	540028	2022/05/10 
2022/05/11 	912.0	1010.0	912.0	1010.0	1475015	2022/05/11 
2022/05/12 	985.0	1035.0	975.0	996.0	1906219	2022/05/12 
2022/05/13 	1030.0	1095.0	1020.0	1095.0	1407334	2022/05/13 
2022/05/16 	1130.0	1135.0	1075.0	1080.0	1463140	2022/05/16 
2022/05/17 	1095.0	1145.0	1070.0	1080.0	1138150	2022/05/17 
2022/05/18 	1090.0	1110.0	1055.0	1085.0	1025060	2022/05/18 
2022/05/19 	1045.0	1130.0	1045.0	1125.0	939458	2022/05/19 
2022/05/20 	1140.0	1230.0	1110.0	1170.0	2487307	2022/05/20 
2022/05/23 	1185.0	1185.0	1125.0	1135.0	1080124	2022/05/23 
2022/05/24 	1140.0	1150.0	1075.0	1090.0	847097	2022/05/24 
2022/05/25 	1090.0	1100.0	1045.0	1055.0	1157247	2022/05/25 
2022/05/26 	1065.0	1075.0	1025.0	1025.0	711524	2022/05/26 
2022/05/27 	1045.0	1125.0	1045.0	1095.0	965103	2022/05/27 
2022/05/30 	1130.0	1170.0	1110.0	1115.0	1187488	2022/05/30 
2022/05/31 	1120.0	1165.0	1090.0	1140.0	1369200	2022/05/31 
2022/06/01 	1125.0	1200.0	1125.0	1145.0	1284133	2022/06/01 
2022/06/02 	1135.0	1165.0	1100.0	1100.0	878304	2022/06/02 
2022/06/06 	1115.0	1115.0	1060.0	1095.0	533154	2022/06/06 
2022/06/07 	1110.0	1155.0	1100.0	1140.0	896800	2022/06/07 
2022/06/08 	1155.0	1185.0	1120.0	1145.0	1287316	2022/06/08 
2022/06/09 	1145.0	1165.0	1130.0	1160.0	686086	2022/06/09 
2022/06/10 	1140.0	1200.0	1140.0	1190.0	915210	2022/06/10 
2022/06/13 	1145.0	1150.0	1105.0	1120.0	939264	2022/06/13 
2022/06/14 	1115.0	1150.0	1010.0	1055.0	1881292	2022/06/14 
2022/06/15 	1060.0	1080.0	1005.0	1010.0	988064	2022/06/15 
2022/06/16 	1045.0	1060.0	966.0	966.0	952245	2022/06/16 
2022/06/17 	951.0	973.0	928.0	957.0	1070550	2022/06/17 
2022/06/20 	968.0	972.0	902.0	902.0	708333	2022/06/20 
2022/06/21 	915.0	964.0	901.0	956.0	1058122	2022/06/21 
2022/06/22 	958.0	961.0	907.0	911.0	805063	2022/06/22 
2022/06/23 	925.0	954.0	914.0	939.0	674049	2022/06/23 
2022/06/24 	951.0	1015.0	943.0	995.0	1061039	2022/06/24 
2022/06/27 	1020.0	1085.0	1005.0	1050.0	947055	2022/06/27 
2022/06/28 	1050.0	1060.0	1005.0	1035.0	711321	2022/06/28 
2022/06/29 	1005.0	1070.0	991.0	1060.0	780165	2022/06/29 
2022/06/30 	1050.0	1050.0	960.0	969.0	1173064	2022/06/30 
2022/07/01 	985.0	1010.0	915.0	915.0	1160117	2022/07/01 
2022/07/04 	939.0	984.0	929.0	978.0	900335	2022/07/04 
2022/07/05 	999.0	1025.0	908.0	954.0	1426584	2022/07/05 
2022/07/06 	965.0	974.0	931.0	952.0	1186032	2022/07/06 
2022/07/07 	976.0	1045.0	946.0	1045.0	1128322	2022/07/07 
2022/07/08 	1085.0	1095.0	1045.0	1080.0	1479326	2022/07/08 
2022/07/11 	1085.0	1095.0	1055.0	1070.0	516019	2022/07/11 
2022/07/12 	1070.0	1070.0	1010.0	1035.0	761033	2022/07/12 
2022/07/13 	1080.0	1105.0	1045.0	1060.0	872141	2022/07/13 
2022/07/14 	1050.0	1090.0	1030.0	1070.0	680120	2022/07/14 
2022/07/15 	1070.0	1130.0	1060.0	1075.0	960021	2022/07/15 
2022/07/18 	1090.0	1140.0	1085.0	1110.0	769108	2022/07/18 
2022/07/19 	1100.0	1125.0	1050.0	1060.0	728052	2022/07/19 
2022/07/20 	1100.0	1135.0	1075.0	1100.0	1176110	2022/07/20 
2022/07/21 	1120.0	1185.0	1100.0	1175.0	1276252	2022/07/21 
2022/07/22 	1185.0	1185.0	1095.0	1105.0	1244105	2022/07/22 
2022/07/25 	1090.0	1100.0	1060.0	1095.0	676086	2022/07/25 
2022/07/26 	1100.0	1100.0	1060.0	1065.0	324100	2022/07/26 
2022/07/27 	1065.0	1100.0	1040.0	1100.0	767251	2022/07/27 
2022/07/28 	1125.0	1125.0	1065.0	1070.0	710030	2022/07/28 
2022/07/29 	1095.0	1110.0	1050.0	1060.0	603010	2022/07/29 
2022/08/01 	1065.0	1070.0	989.0	996.0	986166	2022/08/01 
2022/08/02 	975.0	983.0	938.0	958.0	987200	2022/08/02 
2022/08/03 	953.0	975.0	943.0	964.0	742048	2022/08/03 
2022/08/04 	961.0	971.0	935.0	967.0	489305	2022/08/04 
2022/08/05 	980.0	1050.0	980.0	1020.0	850028	2022/08/05 
2022/08/08 	1015.0	1020.0	989.0	994.0	461004	2022/08/08 
2022/08/09 	1000.0	1010.0	933.0	957.0	1043384	2022/08/09 
2022/08/10 	941.0	953.0	936.0	936.0	464011	2022/08/10 
2022/08/11 	978.0	986.0	954.0	963.0	1018039	2022/08/11 
2022/08/12 	966.0	1005.0	951.0	990.0	958059	2022/08/12 
2022/08/15 	1005.0	1055.0	995.0	1035.0	902189	2022/08/15 
2022/08/16 	1035.0	1050.0	1005.0	1005.0	637029	2022/08/16 
2022/08/17 	1020.0	1020.0	991.0	991.0	611033	2022/08/17 
2022/08/18 	992.0	1005.0	979.0	988.0	645002	2022/08/18 
2022/08/19 	996.0	1085.0	995.0	1085.0	1586306	2022/08/19 
2022/08/22 	1060.0	1075.0	996.0	999.0	1171000	2022/08/22 
2022/08/23 	980.0	993.0	952.0	952.0	1139210	2022/08/23 
2022/08/24 	970.0	1015.0	965.0	965.0	1103050	2022/08/24 
2022/08/25 	988.0	1010.0	976.0	986.0	700060	2022/08/25 
2022/08/26 	1010.0	1015.0	974.0	974.0	764050	2022/08/26 
2022/08/29 	934.0	940.0	904.0	920.0	1371035	2022/08/29 
2022/08/30 	937.0	966.0	924.0	962.0	854014	2022/08/30 
2022/08/31 	961.0	987.0	951.0	980.0	446845	2022/08/31 
2022/09/01 	962.0	985.0	912.0	925.0	1189013	2022/09/01 
2022/09/02 	938.0	940.0	905.0	905.0	764048	2022/09/02 
2022/09/05 	910.0	918.0	843.0	850.0	1573394	2022/09/05 
2022/09/06 	867.0	880.0	838.0	841.0	1041017	2022/09/06 
2022/09/07 	834.0	838.0	808.0	823.0	1112044	2022/09/07 
2022/09/08 	843.0	843.0	815.0	820.0	775341	2022/09/08 
2022/09/12 	838.0	848.0	815.0	821.0	727015	2022/09/12 
2022/09/13 	839.0	844.0	806.0	817.0	908060	2022/09/13 
2022/09/14 	783.0	812.0	782.0	800.0	1437207	2022/09/14 
2022/09/15 	810.0	855.0	805.0	808.0	1521120	2022/09/15 
2022/09/16 	809.0	822.0	796.0	797.0	811110	2022/09/16 
2022/09/19 	809.0	809.0	764.0	767.0	1146260	2022/09/19 
2022/09/20 	777.0	783.0	752.0	765.0	1077031	2022/09/20 
2022/09/21 	760.0	768.0	744.0	752.0	946500	2022/09/21 
2022/09/22 	740.0	744.0	724.0	724.0	978106	2022/09/22 
2022/09/23 	726.0	731.0	688.0	708.0	1857319	2022/09/23 
2022/09/26 	704.0	705.0	677.0	679.0	1550102	2022/09/26 
2022/09/27 	695.0	695.0	652.0	669.0	1969051	2022/09/27 
2022/09/28 	670.0	672.0	634.0	636.0	1453448	2022/09/28 
2022/09/29 	651.0	683.0	639.0	640.0	1617004	2022/09/29 
2022/09/30 	605.0	642.0	603.0	638.0	1670023	2022/09/30 
2022/10/03 	625.0	629.0	610.0	616.0	1331001	2022/10/03 
2022/10/04 	640.0	677.0	633.0	661.0	2067092	2022/10/04 
2022/10/05 	679.0	714.0	662.0	664.0	3206015	2022/10/05 
2022/10/06 	691.0	718.0	682.0	703.0	2405400	2022/10/06 
2022/10/07 	698.0	708.0	668.0	674.0	1480222	2022/10/07 
2022/10/11 	645.0	645.0	607.0	607.0	1399241	2022/10/11 
2022/10/12 	612.0	618.0	589.0	613.0	1663110	2022/10/12 
2022/10/13 	618.0	623.0	599.0	600.0	1329600	2022/10/13 
2022/10/14 	630.0	650.0	617.0	630.0	1876051	2022/10/14 
2022/10/17 	612.0	613.0	598.0	612.0	1005236	2022/10/17 
2022/10/18 	630.0	635.0	605.0	621.0	1170050	2022/10/18 
2022/10/19 	621.0	640.0	617.0	631.0	1318190	2022/10/19 
2022/10/20 	620.0	621.0	575.0	587.0	1997023	2022/10/20 
2022/10/21 	585.0	585.0	547.0	547.0	1393109	2022/10/21 
2022/10/24 	568.0	585.0	552.0	555.0	1170027	2022/10/24 
2022/10/25 	560.0	562.0	532.0	542.0	1538052	2022/10/25 
2022/10/26 	545.0	553.0	530.0	547.0	1008492	2022/10/26 
2022/10/27 	552.0	577.0	547.0	571.0	1235090	2022/10/27 
2022/10/28 	568.0	578.0	551.0	559.0	1106003	2022/10/28 
2022/10/31 	568.0	575.0	561.0	564.0	647175	2022/10/31 
2022/11/01 	564.0	573.0	552.0	571.0	880114	2022/11/01 
2022/11/02 	576.0	606.0	566.0	599.0	1527600	2022/11/02 
2022/11/03 	585.0	637.0	581.0	624.0	2398265	2022/11/03 
2022/11/04 	620.0	656.0	615.0	652.0	2701677	2022/11/04 
2022/11/07 	642.0	663.0	640.0	640.0	1681094	2022/11/07 
2022/11/08 	648.0	666.0	631.0	636.0	1762102	2022/11/08 
2022/11/09 	648.0	666.0	641.0	660.0	1488347	2022/11/09 
2022/11/10 	657.0	676.0	638.0	645.0	1504020	2022/11/10 
2022/11/11 	675.0	691.0	654.0	674.0	2361231	2022/11/11 
2022/11/14 	667.0	691.0	664.0	677.0	1097112	2022/11/14 
2022/11/15 	677.0	696.0	673.0	684.0	1289100	2022/11/15 
2022/11/16 	689.0	692.0	675.0	685.0	960385	2022/11/16 
2022/11/17 	686.0	692.0	665.0	668.0	1039096	2022/11/17 
2022/11/18 	673.0	695.0	662.0	662.0	1572142	2022/11/18 
2022/11/21 	670.0	671.0	647.0	647.0	650105	2022/11/21 
2022/11/22 	649.0	654.0	638.0	643.0	578221	2022/11/22 
2022/11/23 	652.0	657.0	638.0	638.0	478450	2022/11/23 
2022/11/24 	647.0	701.0	646.0	701.0	1741039	2022/11/24 
2022/11/25 	709.0	771.0	708.0	771.0	3458054	2022/11/25 
2022/11/28 	781.0	794.0	731.0	743.0	4277094	2022/11/28 
2022/11/29 	747.0	788.0	746.0	766.0	3923093	2022/11/29 
2022/11/30 	779.0	819.0	778.0	808.0	3039533	2022/11/30 
2022/12/01 	842.0	855.0	830.0	855.0	2535630	2022/12/01 
2022/12/02 	852.0	865.0	830.0	842.0	1458460	2022/12/02 
2022/12/05 	850.0	858.0	815.0	816.0	1156552	2022/12/05 
2022/12/06 	799.0	812.0	779.0	787.0	2058205	2022/12/06 
2022/12/07 	787.0	824.0	786.0	797.0	1994065	2022/12/07 
2022/12/08 	800.0	801.0	752.0	756.0	1300069	2022/12/08 
2022/12/09 	772.0	781.0	748.0	750.0	915500	2022/12/09 
2022/12/12 	750.0	750.0	719.0	732.0	1339558	2022/12/12 
2022/12/13 	741.0	741.0	692.0	695.0	2175638	2022/12/13 
2022/12/14 	705.0	718.0	697.0	718.0	1444296	2022/12/14 
2022/12/15 	711.0	744.0	710.0	737.0	1320100	2022/12/15 
2022/12/16 	720.0	740.0	710.0	740.0	1143030	2022/12/16 
2022/12/19 	740.0	746.0	717.0	717.0	984605	2022/12/19 
2022/12/20 	716.0	754.0	684.0	687.0	1878630	2022/12/20 
2022/12/21 	703.0	705.0	675.0	683.0	1031035	2022/12/21 
2022/12/22 	699.0	705.0	671.0	671.0	1094140	2022/12/22 
2022/12/23 	660.0	683.0	652.0	680.0	960035	2022/12/23 
2022/12/26 	679.0	681.0	662.0	671.0	775033	2022/12/26 
2022/12/27 	680.0	688.0	669.0	674.0	578994	2022/12/27 
2022/12/28 	670.0	670.0	649.0	652.0	866565	2022/12/28 
2022/12/29 	646.0	655.0	644.0	649.0	442045	2022/12/29 
2022/12/30 	666.0	673.0	643.0	643.0	629480	2022/12/30 
2023/01/03 	643.0	663.0	642.0	658.0	455525	2023/01/03 
2023/01/04 	657.0	675.0	656.0	662.0	517005	2023/01/04 
2023/01/05 	666.0	719.0	663.0	701.0	1728233	2023/01/05 
2023/01/06 	691.0	719.0	691.0	701.0	1101050	2023/01/06 
2023/01/09 	720.0	744.0	710.0	736.0	1387137	2023/01/09 
2023/01/10 	738.0	751.0	735.0	741.0	1231183	2023/01/10 
2023/01/11 	746.0	747.0	733.0	736.0	587145	2023/01/11 
2023/01/12 	739.0	749.0	728.0	729.0	722012	2023/01/12 
2023/01/13 	735.0	740.0	721.0	726.0	537116	2023/01/13 
2023/01/16 	726.0	741.0	725.0	729.0	562010	2023/01/16 
2023/01/17 	729.0	729.0	712.0	717.0	799310	2023/01/17 
2023/01/30 	732.0	769.0	730.0	760.0	1549143	2023/01/30 
2023/01/31 	759.0	800.0	751.0	784.0	1553562	2023/01/31 
2023/02/01 	791.0	802.0	784.0	785.0	1072265	2023/02/01 
2023/02/02 	793.0	810.0	793.0	800.0	1024831	2023/02/02 
2023/02/03 	801.0	806.0	788.0	794.0	778209	2023/02/03 
2023/02/06 	785.0	789.0	769.0	784.0	732000	2023/02/06 
2023/02/07 	784.0	792.0	777.0	777.0	522034	2023/02/07 
2023/02/08 	789.0	854.0	787.0	854.0	2661157	2023/02/08 
2023/02/09 	860.0	899.0	851.0	862.0	2990670	2023/02/09 
2023/02/10 	868.0	874.0	833.0	848.0	1040222	2023/02/10 
2023/02/13 	848.0	856.0	811.0	811.0	1046677	2023/02/13 
2023/02/14 	819.0	826.0	810.0	816.0	718100	2023/02/14 
2023/02/15 	816.0	824.0	792.0	796.0	899130	2023/02/15 
2023/02/16 	803.0	842.0	803.0	816.0	1420100	2023/02/16 
2023/02/17 	817.0	821.0	796.0	818.0	658038	2023/02/17 
2023/02/20 	823.0	836.0	814.0	816.0	493105	2023/02/20 
2023/02/21 	824.0	863.0	816.0	850.0	1093214	2023/02/21 
2023/02/22 	837.0	847.0	810.0	811.0	744207	2023/02/22 
2023/02/23 	823.0	849.0	819.0	831.0	774130	2023/02/23 
2023/02/24 	839.0	859.0	819.0	823.0	938078	2023/02/24 
2023/03/01 	827.0	840.0	813.0	840.0	470123	2023/03/01 
2023/03/02 	846.0	882.0	841.0	845.0	1513004	2023/03/02 
2023/03/03 	860.0	868.0	829.0	841.0	762792	2023/03/03 
2023/03/06 	855.0	856.0	836.0	840.0	371016	2023/03/06 
2023/03/07 	845.0	846.0	831.0	831.0	358133	2023/03/07 
2023/03/08 	840.0	845.0	812.0	820.0	800174	2023/03/08 
