Date	Open	High	Low	Close	Volume	Date
2020/08/14 	120.0	156.5	120.0	147.5	368224	2020/08/14 
2020/08/17 	142.0	146.5	129.0	137.0	229129	2020/08/17 
2020/08/18 	133.0	133.5	125.5	128.0	109586	2020/08/18 
2020/08/19 	129.5	129.5	116.0	121.0	140722	2020/08/19 
2020/08/20 	121.5	122.5	114.5	119.0	54230	2020/08/20 
2020/08/21 	122.0	140.0	122.0	132.0	293634	2020/08/21 
2020/08/24 	131.0	132.5	119.5	127.5	126420	2020/08/24 
2020/08/25 	127.5	128.0	121.0	125.5	54894	2020/08/25 
2020/08/26 	126.5	126.5	120.5	124.0	88428	2020/08/26 
2020/08/27 	123.5	129.5	123.0	127.0	158842	2020/08/27 
2020/08/28 	126.0	126.5	123.0	126.0	47371	2020/08/28 
2020/08/31 	126.5	129.5	125.0	129.0	90802	2020/08/31 
2020/09/01 	129.0	131.5	126.5	127.5	111510	2020/09/01 
2020/09/02 	128.5	128.5	125.5	128.0	53802	2020/09/02 
2020/09/03 	128.5	128.5	124.0	125.0	25503	2020/09/03 
2020/09/04 	126.0	127.0	121.0	122.5	25402	2020/09/04 
2020/09/07 	122.0	123.0	117.5	117.5	164920	2020/09/07 
2020/09/08 	117.5	119.5	112.0	116.5	110689	2020/09/08 
2020/09/09 	115.0	117.5	113.0	115.0	84892	2020/09/09 
2020/09/10 	114.0	116.0	113.0	115.0	43584	2020/09/10 
2020/09/11 	114.0	114.0	102.0	105.0	222979	2020/09/11 
2020/09/14 	103.0	110.5	97.9000015258789	107.0	221233	2020/09/14 
2020/09/15 	105.0	114.5	104.5	111.5	58150	2020/09/15 
2020/09/16 	114.5	117.0	113.0	115.0	45788	2020/09/16 
2020/09/17 	118.0	125.0	114.5	116.5	104696	2020/09/17 
2020/09/18 	122.0	122.5	117.5	120.5	45405	2020/09/18 
2020/09/21 	117.5	118.0	115.0	117.5	40498	2020/09/21 
2020/09/22 	113.0	116.0	111.5	113.0	34636	2020/09/22 
2020/09/23 	111.0	114.0	111.0	111.0	44661	2020/09/23 
2020/09/24 	112.0	112.0	110.0	112.0	21005	2020/09/24 
2020/09/25 	115.5	118.0	109.0	110.0	101346	2020/09/25 
2020/09/28 	113.5	113.5	112.5	112.5	3035	2020/09/28 
2020/09/29 	111.5	115.0	111.5	115.0	47120	2020/09/29 
2020/09/30 	112.0	115.0	112.0	112.5	74234	2020/09/30 
2020/10/05 	110.0	112.0	110.0	112.0	21010	2020/10/05 
2020/10/06 	114.0	114.0	112.0	112.0	30020	2020/10/06 
2020/10/07 	112.5	117.5	112.5	117.0	61360	2020/10/07 
2020/10/08 	118.0	118.0	114.0	114.0	17010	2020/10/08 
2020/10/12 	114.0	114.5	112.5	112.5	34400	2020/10/12 
2020/10/13 	112.5	113.0	112.0	112.5	33172	2020/10/13 
2020/10/14 	112.0	113.0	112.0	113.0	25400	2020/10/14 
2020/10/15 	111.5	112.5	110.5	112.0	27850	2020/10/15 
2020/10/16 	111.5	112.5	111.0	111.0	26250	2020/10/16 
2020/10/19 	112.5	112.5	111.0	111.0	21695	2020/10/19 
2020/10/20 	110.5	111.5	109.5	111.5	36020	2020/10/20 
2020/10/21 	111.5	111.5	109.5	109.5	16050	2020/10/21 
2020/10/22 	110.0	110.5	109.0	110.5	27200	2020/10/22 
2020/10/23 	111.0	111.0	111.0	111.0	50	2020/10/23 
2020/10/26 	110.0	111.0	110.0	111.0	1010	2020/10/26 
2020/10/27 	108.0	109.5	107.0	109.5	22195	2020/10/27 
2020/10/28 	109.5	109.5	108.0	108.0	6100	2020/10/28 
2020/10/29 	107.5	108.5	105.5	108.0	14100	2020/10/29 
2020/10/30 	108.5	109.5	108.0	108.0	40710	2020/10/30 
2020/11/02 	108.0	109.5	108.0	108.5	30585	2020/11/02 
2020/11/03 	109.0	110.5	108.5	109.5	47450	2020/11/03 
2020/11/04 	109.5	109.5	107.5	108.0	28500	2020/11/04 
2020/11/05 	109.0	109.5	108.0	109.0	33350	2020/11/05 
2020/11/06 	109.5	114.0	109.0	113.0	59825	2020/11/06 
2020/11/09 	109.5	114.0	109.5	114.0	1120	2020/11/09 
2020/11/10 	109.5	110.0	109.5	109.5	12500	2020/11/10 
2020/11/11 	111.0	111.0	109.5	110.0	60225	2020/11/11 
2020/11/12 	110.0	110.0	109.5	109.5	20000	2020/11/12 
2020/11/13 	110.5	113.0	110.0	112.0	31200	2020/11/13 
2020/11/16 	113.0	114.0	112.5	114.0	25000	2020/11/16 
2020/11/17 	115.0	116.5	113.5	115.0	26110	2020/11/17 
2020/11/18 	114.5	116.5	114.0	114.0	88205	2020/11/18 
2020/11/19 	114.5	115.0	111.5	112.5	27989	2020/11/19 
2020/11/20 	113.5	113.5	111.0	111.0	19400	2020/11/20 
2020/11/23 	113.0	113.0	111.0	112.5	29410	2020/11/23 
2020/11/24 	112.0	114.0	111.0	113.0	48900	2020/11/24 
2020/11/25 	113.0	114.0	113.0	113.0	24106	2020/11/25 
2020/11/26 	114.0	118.5	114.0	117.0	97200	2020/11/26 
2020/11/27 	118.0	120.5	117.0	117.0	52640	2020/11/27 
2020/11/30 	117.0	117.0	114.0	115.0	39650	2020/11/30 
2020/12/01 	116.5	116.5	116.0	116.5	15399	2020/12/01 
2020/12/02 	116.0	117.0	115.0	115.0	19700	2020/12/02 
2020/12/03 	117.5	120.0	116.5	118.5	68700	2020/12/03 
2020/12/04 	120.5	122.5	119.0	119.0	78100	2020/12/04 
2020/12/07 	115.0	120.0	115.0	120.0	23200	2020/12/07 
2020/12/08 	116.0	119.5	114.5	119.5	25106	2020/12/08 
2020/12/09 	114.5	116.5	112.5	113.5	98850	2020/12/09 
2020/12/10 	113.5	114.0	111.5	113.0	74010	2020/12/10 
2020/12/11 	111.5	112.5	111.5	112.5	35930	2020/12/11 
2020/12/14 	111.0	113.0	110.0	110.0	46000	2020/12/14 
2020/12/15 	111.0	111.0	108.0	108.0	95650	2020/12/15 
2020/12/16 	108.5	109.0	107.0	109.0	16410	2020/12/16 
2020/12/17 	108.0	108.5	107.0	108.0	39200	2020/12/17 
2020/12/18 	107.0	109.0	107.0	108.5	193400	2020/12/18 
2020/12/21 	110.0	111.0	109.5	111.0	57105	2020/12/21 
2020/12/22 	110.5	111.0	109.0	110.0	26000	2020/12/22 
2020/12/23 	109.5	110.0	108.5	109.0	54000	2020/12/23 
2020/12/24 	109.0	112.0	109.0	110.0	59558	2020/12/24 
2020/12/25 	110.5	111.5	110.0	111.0	56305	2020/12/25 
2020/12/28 	110.5	112.0	109.5	110.0	69105	2020/12/28 
2020/12/29 	110.0	111.0	109.5	111.0	49000	2020/12/29 
2020/12/30 	110.0	110.5	110.0	110.5	69600	2020/12/30 
2020/12/31 	110.5	111.0	110.0	111.0	57200	2020/12/31 
2021/01/04 	111.0	112.0	109.0	110.5	57458	2021/01/04 
2021/01/05 	109.5	110.0	108.0	109.0	79650	2021/01/05 
2021/01/06 	109.0	109.0	106.0	106.5	45500	2021/01/06 
2021/01/07 	106.5	108.5	106.0	107.0	85550	2021/01/07 
2021/01/08 	107.0	108.5	105.0	108.0	70555	2021/01/08 
2021/01/11 	105.0	107.0	102.0	104.0	127400	2021/01/11 
2021/01/12 	105.5	106.0	104.0	105.0	61700	2021/01/12 
2021/01/13 	104.0	108.0	104.0	108.0	59026	2021/01/13 
2021/01/14 	105.0	105.0	100.0	102.5	85178	2021/01/14 
2021/01/15 	101.0	102.5	100.0	100.0	78050	2021/01/15 
2021/01/18 	99.69999694824219	101.0	99.5999984741211	101.0	54800	2021/01/18 
2021/01/19 	99.5999984741211	100.5	98.0999984741211	100.0	96312	2021/01/19 
2021/01/20 	98.0999984741211	100.0	98.0999984741211	99.0	55100	2021/01/20 
2021/01/21 	99.5	100.0	98.5	100.0	39608	2021/01/21 
2021/01/22 	98.5	99.0	95.0	96.0	155117	2021/01/22 
2021/01/25 	97.5	98.0	96.0	97.5	21220	2021/01/25 
2021/01/26 	97.5	98.0	97.0999984741211	98.0	32450	2021/01/26 
2021/01/27 	99.0	100.0	98.0	99.5	22400	2021/01/27 
2021/01/28 	100.5	100.5	96.9000015258789	98.5	57300	2021/01/28 
2021/01/29 	98.5	99.5	98.5	99.5	26200	2021/01/29 
2021/02/01 	97.5	99.0	97.5	98.5	20900	2021/02/01 
2021/02/02 	101.0	101.0	100.0	100.0	36696	2021/02/02 
2021/02/03 	100.5	108.5	100.5	105.0	120800	2021/02/03 
2021/02/04 	105.0	107.0	105.0	107.0	127900	2021/02/04 
2021/02/05 	105.5	106.0	105.5	106.0	8000	2021/02/05 
2021/02/17 	109.0	111.5	108.0	108.5	108955	2021/02/17 
2021/02/18 	110.0	115.5	109.5	110.0	214410	2021/02/18 
2021/02/19 	112.5	112.5	110.0	112.5	64700	2021/02/19 
2021/02/22 	115.0	117.5	114.5	117.0	112363	2021/02/22 
2021/02/23 	119.0	127.5	119.0	120.0	216495	2021/02/23 
2021/02/24 	121.0	122.5	117.0	118.0	82695	2021/02/24 
2021/02/25 	119.0	120.0	115.0	117.5	58600	2021/02/25 
2021/02/26 	115.5	116.0	114.0	115.5	54650	2021/02/26 
2021/03/02 	114.0	115.0	112.5	112.5	44375	2021/03/02 
2021/03/03 	111.5	112.0	110.0	110.0	61148	2021/03/03 
2021/03/04 	110.5	111.5	110.0	110.0	40650	2021/03/04 
2021/03/05 	110.0	114.5	110.0	112.0	19000	2021/03/05 
2021/03/08 	112.0	112.5	111.5	112.5	8550	2021/03/08 
2021/03/09 	112.0	114.0	112.0	114.0	36350	2021/03/09 
2021/03/10 	114.0	116.0	114.0	115.0	35860	2021/03/10 
2021/03/11 	114.5	115.5	114.0	114.5	15400	2021/03/11 
2021/03/12 	116.5	122.0	116.0	118.0	138510	2021/03/12 
2021/03/15 	119.0	119.5	113.5	117.5	61135	2021/03/15 
2021/03/16 	117.5	117.5	115.5	116.0	75365	2021/03/16 
2021/03/17 	115.0	117.0	114.5	116.5	59055	2021/03/17 
2021/03/18 	116.0	118.0	115.5	117.5	78707	2021/03/18 
2021/03/19 	117.0	117.5	115.0	117.5	30700	2021/03/19 
2021/03/22 	118.5	119.0	117.0	118.5	36000	2021/03/22 
2021/03/23 	119.0	119.5	117.5	117.5	30000	2021/03/23 
2021/03/24 	118.5	118.5	117.5	118.0	19000	2021/03/24 
2021/03/25 	118.0	118.5	117.5	118.5	19400	2021/03/25 
2021/03/26 	118.5	122.0	118.0	122.0	171683	2021/03/26 
2021/03/29 	122.0	124.5	122.0	124.5	89800	2021/03/29 
2021/03/30 	124.5	124.5	120.5	122.0	102816	2021/03/30 
2021/03/31 	121.0	122.0	121.0	121.5	30167	2021/03/31 
2021/04/01 	122.0	124.5	121.5	123.5	32003	2021/04/01 
2021/04/07 	123.0	126.0	122.0	124.5	98101	2021/04/07 
2021/04/08 	128.0	136.0	127.5	134.0	419870	2021/04/08 
2021/04/09 	135.0	135.0	129.5	134.5	178042	2021/04/09 
2021/04/12 	133.5	139.5	133.5	135.5	84480	2021/04/12 
2021/04/13 	136.0	136.5	131.0	134.0	68511	2021/04/13 
2021/04/14 	134.0	138.5	131.0	138.5	201388	2021/04/14 
2021/04/15 	138.5	138.5	134.5	137.0	68386	2021/04/15 
2021/04/16 	137.0	145.5	135.5	142.5	193094	2021/04/16 
2021/04/19 	141.5	157.0	140.5	148.5	328101	2021/04/19 
2021/04/20 	147.0	147.5	138.0	142.0	120515	2021/04/20 
2021/04/21 	140.0	141.0	138.0	139.5	91497	2021/04/21 
2021/04/22 	140.0	144.5	138.5	142.5	329110	2021/04/22 
2021/04/23 	141.0	154.5	139.5	149.0	336042	2021/04/23 
2021/04/26 	149.5	151.5	144.5	147.0	124399	2021/04/26 
2021/04/27 	147.5	148.0	142.5	145.0	38478	2021/04/27 
2021/04/28 	145.0	145.0	138.0	141.5	109284	2021/04/28 
2021/04/29 	141.0	141.5	139.0	141.5	13437	2021/04/29 
2021/05/03 	141.5	141.5	128.5	129.0	211939	2021/05/03 
2021/05/04 	130.5	132.0	112.0	121.0	237591	2021/05/04 
2021/05/05 	123.5	123.5	119.0	119.5	52709	2021/05/05 
2021/05/06 	121.5	125.5	120.0	122.0	74793	2021/05/06 
2021/05/07 	121.5	126.5	120.0	126.0	68627	2021/05/07 
2021/05/10 	127.5	130.5	126.5	129.0	94493	2021/05/10 
2021/05/11 	128.5	130.0	123.5	128.0	83624	2021/05/11 
2021/05/12 	127.0	128.0	117.5	122.5	124262	2021/05/12 
2021/05/13 	122.5	125.5	122.5	124.5	32059	2021/05/13 
2021/05/14 	125.0	128.0	125.0	126.0	59560	2021/05/14 
2021/05/17 	123.0	125.5	117.5	120.5	145983	2021/05/17 
2021/05/18 	122.0	125.0	119.5	123.5	81463	2021/05/18 
2021/05/19 	122.5	123.0	119.0	120.5	58107	2021/05/19 
2021/05/20 	118.5	120.5	117.0	118.0	63914	2021/05/20 
2021/05/21 	117.5	120.5	115.5	120.5	161157	2021/05/21 
2021/05/24 	120.5	120.5	120.5	120.5	0	2021/05/24 
2021/05/25 	120.5	120.5	120.5	120.5	0	2021/05/25 
2021/05/26 	120.5	120.5	120.5	120.5	0	2021/05/26 
2021/05/27 	120.5	120.5	120.5	120.5	0	2021/05/27 
2021/05/28 	120.5	120.5	120.5	120.5	0	2021/05/28 
2021/05/31 	120.5	120.5	120.5	120.5	0	2021/05/31 
2021/06/01 	120.5	120.5	120.5	120.5	0	2021/06/01 
2021/06/02 	120.5	120.5	120.5	120.5	0	2021/06/02 
2021/06/03 	120.5	120.5	120.5	120.5	0	2021/06/03 
2021/06/04 	120.5	120.5	120.5	120.5	0	2021/06/04 
2021/06/07 	120.5	120.5	120.5	120.5	0	2021/06/07 
2021/06/08 	114.0	116.0	112.0	114.0	80176	2021/06/08 
2021/06/09 	116.0	116.0	112.0	113.0	242154	2021/06/09 
2021/06/10 	112.5	113.0	111.0	112.0	310972	2021/06/10 
2021/06/11 	115.5	116.5	113.5	115.5	39401	2021/06/11 
2021/06/15 	115.0	119.5	115.0	119.0	92637	2021/06/15 
2021/06/16 	120.5	122.0	120.0	121.5	60800	2021/06/16 
2021/06/17 	122.0	128.5	122.0	127.5	143963	2021/06/17 
2021/06/18 	127.5	135.0	122.0	124.0	275721	2021/06/18 
2021/06/21 	126.5	130.5	125.5	128.0	199027	2021/06/21 
2021/06/22 	129.0	129.0	127.0	127.5	27876	2021/06/22 
2021/06/23 	128.0	133.5	127.0	130.0	222368	2021/06/23 
2021/06/24 	132.5	132.5	129.5	130.0	83531	2021/06/24 
2021/06/25 	132.0	132.5	129.5	130.5	52555	2021/06/25 
2021/06/28 	130.0	131.0	129.0	129.0	55321	2021/06/28 
2021/06/29 	128.5	129.0	123.5	124.0	42760	2021/06/29 
2021/06/30 	125.5	126.5	124.5	126.0	84260	2021/06/30 
2021/07/01 	125.5	126.0	123.5	124.0	12025	2021/07/01 
2021/07/02 	122.0	123.0	122.0	123.0	4000	2021/07/02 
2021/07/05 	121.5	122.0	120.0	121.0	29725	2021/07/05 
2021/07/06 	120.5	122.5	120.0	122.5	12570	2021/07/06 
2021/07/07 	122.5	123.5	122.0	123.0	19275	2021/07/07 
2021/07/08 	123.5	123.5	121.5	122.0	13110	2021/07/08 
2021/07/09 	121.0	122.0	121.0	122.0	8901	2021/07/09 
2021/07/12 	120.5	122.0	120.5	121.5	12250	2021/07/12 
2021/07/13 	121.0	122.5	115.5	119.0	57495	2021/07/13 
2021/07/14 	117.5	118.5	116.0	118.0	10227	2021/07/14 
2021/07/15 	116.5	118.5	116.5	118.0	8600	2021/07/15 
2021/07/16 	118.0	118.5	118.0	118.0	13300	2021/07/16 
2021/07/19 	118.5	118.5	118.5	118.5	2100	2021/07/19 
2021/07/20 	115.5	117.0	114.5	117.0	36173	2021/07/20 
2021/07/21 	115.5	116.5	114.5	116.0	32200	2021/07/21 
2021/07/22 	116.0	117.0	113.5	115.0	44500	2021/07/22 
2021/07/23 	116.5	116.5	114.0	115.5	1250	2021/07/23 
2021/07/26 	115.0	120.0	115.0	119.0	171070	2021/07/26 
2021/07/27 	119.5	120.0	118.5	118.5	17608	2021/07/27 
2021/07/28 	116.5	117.5	113.5	114.0	35313	2021/07/28 
2021/07/29 	114.5	117.0	114.5	115.0	6684	2021/07/29 
2021/07/30 	115.5	117.0	115.5	116.0	21030	2021/07/30 
2021/08/02 	116.5	117.0	116.0	117.0	6107	2021/08/02 
2021/08/03 	116.5	117.0	115.0	116.0	71800	2021/08/03 
2021/08/04 	115.5	117.0	115.0	117.0	41405	2021/08/04 
2021/08/05 	117.5	117.5	114.0	116.0	30200	2021/08/05 
2021/08/06 	116.0	116.0	114.0	115.0	8909	2021/08/06 
2021/08/09 	116.0	117.0	115.0	115.5	61001	2021/08/09 
2021/08/10 	115.5	115.5	114.5	115.0	13100	2021/08/10 
2021/08/11 	113.5	116.0	113.5	115.5	27000	2021/08/11 
2021/08/12 	116.0	116.0	115.5	116.0	6360	2021/08/12 
2021/08/13 	117.5	122.0	116.5	117.5	118923	2021/08/13 
2021/08/16 	118.0	118.0	115.5	116.5	47641	2021/08/16 
2021/08/17 	117.0	117.0	115.5	117.0	27115	2021/08/17 
2021/08/18 	120.0	120.0	118.5	119.0	62055	2021/08/18 
2021/08/19 	119.0	119.0	117.0	117.0	57465	2021/08/19 
2021/08/20 	117.5	120.0	116.5	118.5	21117	2021/08/20 
2021/08/23 	119.5	120.5	119.0	119.5	41098	2021/08/23 
2021/08/24 	120.0	120.0	117.5	118.5	36162	2021/08/24 
2021/08/25 	119.5	120.5	119.0	120.0	16555	2021/08/25 
2021/08/26 	122.0	122.0	120.0	120.5	16230	2021/08/26 
2021/08/27 	120.5	121.5	120.5	121.5	38050	2021/08/27 
2021/08/30 	122.0	127.0	121.0	127.0	66756	2021/08/30 
2021/08/31 	125.0	126.5	125.0	126.5	57060	2021/08/31 
2021/09/01 	127.5	129.0	126.5	128.5	77192	2021/09/01 
2021/09/02 	128.0	128.5	124.5	125.0	68503	2021/09/02 
2021/09/03 	126.0	127.5	125.5	125.5	22050	2021/09/03 
2021/09/06 	127.0	129.5	127.0	128.0	26228	2021/09/06 
2021/09/07 	128.0	128.0	125.5	127.0	28038	2021/09/07 
2021/09/08 	125.0	126.5	123.5	124.0	44758	2021/09/08 
2021/09/09 	125.0	127.5	125.0	126.0	21214	2021/09/09 
2021/09/10 	127.5	127.5	127.5	127.5	1001	2021/09/10 
2021/09/13 	128.0	128.0	125.5	127.0	23911	2021/09/13 
2021/09/14 	126.0	126.5	124.5	126.0	27619	2021/09/14 
2021/09/15 	126.0	126.0	123.5	125.0	25122	2021/09/15 
2021/09/16 	125.5	125.5	124.0	125.0	16017	2021/09/16 
2021/09/17 	125.0	125.5	123.5	124.0	42116	2021/09/17 
2021/09/22 	124.5	124.5	120.0	121.5	80155	2021/09/22 
2021/09/23 	123.0	124.5	122.0	123.0	30107	2021/09/23 
2021/09/24 	123.5	124.5	121.5	122.5	19199	2021/09/24 
2021/09/27 	123.0	125.0	121.5	125.0	21447	2021/09/27 
2021/09/28 	125.0	129.5	124.5	127.5	89592	2021/09/28 
2021/09/29 	126.0	127.5	125.0	125.0	73816	2021/09/29 
2021/09/30 	126.0	127.5	124.0	127.5	48239	2021/09/30 
2021/10/01 	127.0	127.0	123.0	125.5	95643	2021/10/01 
2021/10/04 	125.0	125.5	121.5	123.5	62317	2021/10/04 
2021/10/05 	124.0	130.5	122.0	129.5	228307	2021/10/05 
2021/10/06 	129.5	137.5	129.5	135.0	285537	2021/10/06 
2021/10/07 	138.0	143.5	138.0	141.0	194518	2021/10/07 
2021/10/08 	141.5	143.0	136.5	139.0	57607	2021/10/08 
2021/10/12 	137.0	139.0	135.0	136.5	51513	2021/10/12 
2021/10/13 	137.5	137.5	131.5	134.0	47475	2021/10/13 
2021/10/14 	133.5	135.0	132.5	134.5	52308	2021/10/14 
2021/10/15 	135.5	136.5	133.5	135.5	23014	2021/10/15 
2021/10/18 	133.5	136.5	132.5	134.5	56011	2021/10/18 
2021/10/19 	135.0	135.0	133.0	133.5	22628	2021/10/19 
2021/10/20 	135.0	136.5	134.5	136.0	18712	2021/10/20 
2021/10/21 	136.5	136.5	132.5	135.5	52232	2021/10/21 
2021/10/22 	135.5	138.0	134.5	137.0	29765	2021/10/22 
2021/10/25 	135.5	144.5	135.5	141.5	288291	2021/10/25 
2021/10/26 	142.0	145.5	140.5	142.5	66651	2021/10/26 
2021/10/27 	142.5	144.5	141.0	144.5	48737	2021/10/27 
2021/10/28 	144.0	156.5	142.0	155.5	345485	2021/10/28 
2021/10/29 	155.0	170.5	154.5	168.5	251417	2021/10/29 
2021/11/01 	168.5	168.5	159.0	166.0	257433	2021/11/01 
2021/11/02 	165.0	167.5	163.0	165.0	106450	2021/11/02 
2021/11/03 	167.5	167.5	162.0	163.5	43452	2021/11/03 
2021/11/04 	162.0	164.0	159.5	162.0	44438	2021/11/04 
2021/11/05 	162.5	166.5	161.5	166.0	63140	2021/11/05 
2021/11/08 	166.5	191.0	165.5	190.0	481484	2021/11/08 
2021/11/09 	183.0	197.5	183.0	190.5	191988	2021/11/09 
2021/11/10 	196.5	197.5	186.0	190.5	98011	2021/11/10 
2021/11/11 	185.5	194.0	185.0	190.5	64230	2021/11/11 
2021/11/12 	190.0	191.0	186.5	190.5	55887	2021/11/12 
2021/11/15 	190.5	200.0	187.0	200.0	36042	2021/11/15 
2021/11/16 	199.5	200.0	186.0	191.0	76205	2021/11/16 
2021/11/17 	191.0	192.0	185.5	191.5	15815	2021/11/17 
2021/11/18 	191.5	191.5	185.5	191.0	12006	2021/11/18 
2021/11/19 	185.5	191.0	174.0	186.5	128675	2021/11/19 
2021/11/22 	180.0	187.0	180.0	186.0	41414	2021/11/22 
2021/11/23 	182.0	187.0	180.0	185.0	17142	2021/11/23 
2021/11/24 	185.0	185.0	180.0	185.0	16769	2021/11/24 
2021/11/25 	185.0	186.0	181.0	185.0	31564	2021/11/25 
2021/11/26 	185.0	185.0	179.0	184.0	36482	2021/11/26 
2021/11/29 	177.0	185.0	176.0	184.5	50666	2021/11/29 
2021/11/30 	184.0	190.5	183.0	190.5	31120	2021/11/30 
2021/12/01 	191.0	212.0	188.0	212.0	250375	2021/12/01 
2021/12/02 	200.0	210.5	190.5	195.5	74387	2021/12/02 
2021/12/03 	190.5	196.0	190.5	191.5	28151	2021/12/03 
2021/12/06 	191.5	197.5	191.5	195.5	40930	2021/12/06 
2021/12/07 	195.5	195.5	190.0	194.5	40038	2021/12/07 
2021/12/08 	190.0	195.5	188.0	195.5	68430	2021/12/08 
2021/12/09 	198.0	213.5	196.0	205.0	424578	2021/12/09 
2021/12/10 	208.0	210.0	204.0	209.5	90465	2021/12/10 
2021/12/13 	210.0	215.0	205.5	210.0	208921	2021/12/13 
2021/12/14 	215.0	215.0	194.5	200.0	134526	2021/12/14 
2021/12/15 	204.5	205.0	200.0	201.0	9120	2021/12/15 
2021/12/16 	205.0	214.0	205.0	210.5	302920	2021/12/16 
2021/12/17 	220.0	220.0	209.5	209.5	60240	2021/12/17 
2021/12/20 	209.5	216.0	208.5	208.5	42210	2021/12/20 
2021/12/21 	215.5	215.5	207.5	208.0	19290	2021/12/21 
2021/12/22 	214.5	225.5	210.0	222.0	257943	2021/12/22 
2021/12/23 	222.0	226.0	217.5	219.5	92947	2021/12/23 
2021/12/24 	224.0	225.0	218.0	221.0	52460	2021/12/24 
2021/12/27 	225.0	225.0	214.5	224.5	13020	2021/12/27 
2021/12/28 	223.5	223.5	214.5	222.0	19150	2021/12/28 
2021/12/29 	222.0	222.0	214.5	222.0	7591	2021/12/29 
2021/12/30 	223.5	223.5	215.0	222.5	38040	2021/12/30 
2022/01/03 	222.5	222.5	216.0	217.5	97210	2022/01/03 
2022/01/04 	218.0	223.5	207.5	216.0	181350	2022/01/04 
2022/01/05 	208.0	214.0	207.0	210.0	73230	2022/01/05 
2022/01/06 	206.5	214.0	203.0	206.0	135730	2022/01/06 
2022/01/07 	203.0	211.5	202.0	207.0	103106	2022/01/07 
2022/01/10 	211.5	217.0	208.0	217.0	156529	2022/01/10 
2022/01/11 	208.0	216.5	208.0	210.5	86643	2022/01/11 
2022/01/12 	219.5	219.5	200.5	207.0	57718	2022/01/12 
2022/01/13 	210.0	215.0	206.0	206.0	36515	2022/01/13 
2022/01/14 	206.0	215.0	205.5	209.0	48755	2022/01/14 
2022/01/17 	215.0	215.0	205.0	210.0	18525	2022/01/17 
2022/01/18 	208.0	212.5	203.5	203.5	73015	2022/01/18 
2022/01/19 	203.5	209.0	200.5	202.0	95605	2022/01/19 
2022/01/20 	208.0	208.0	199.0	201.5	83356	2022/01/20 
2022/01/21 	200.0	206.0	197.0	200.0	98446	2022/01/21 
2022/01/24 	197.5	203.5	194.5	196.5	128792	2022/01/24 
2022/01/25 	196.0	198.0	192.0	192.5	66984	2022/01/25 
2022/01/26 	190.5	196.5	190.5	195.0	17450	2022/01/26 
2022/02/07 	196.5	196.5	193.0	195.0	25205	2022/02/07 
2022/02/08 	200.5	201.5	200.0	201.0	17005	2022/02/08 
2022/02/09 	205.5	205.5	200.0	202.0	14506	2022/02/09 
2022/02/10 	205.5	215.0	205.0	208.0	29956	2022/02/10 
2022/02/11 	212.0	215.0	205.5	208.0	21102	2022/02/11 
2022/02/14 	208.0	215.0	205.5	215.0	37151	2022/02/14 
2022/02/15 	215.0	215.0	200.0	200.0	27267	2022/02/15 
2022/02/16 	207.5	207.5	200.0	205.0	31800	2022/02/16 
2022/02/17 	205.0	205.0	200.0	200.0	5130	2022/02/17 
2022/02/18 	206.0	207.5	199.0	200.0	121525	2022/02/18 
2022/02/21 	200.5	201.5	197.0	201.5	26781	2022/02/21 
2022/02/22 	196.0	197.0	195.5	197.0	20019	2022/02/22 
2022/02/23 	200.0	200.0	197.0	198.0	20441	2022/02/23 
2022/02/24 	197.0	201.0	194.0	194.0	72555	2022/02/24 
2022/02/25 	198.0	202.5	193.5	202.5	22100	2022/02/25 
2022/03/01 	201.5	201.5	197.0	197.0	8001	2022/03/01 
2022/03/02 	196.0	196.0	194.0	195.0	20190	2022/03/02 
2022/03/03 	195.0	197.0	193.0	195.0	23420	2022/03/03 
2022/03/04 	192.0	195.0	190.0	192.0	50100	2022/03/04 
2022/03/07 	188.0	190.0	180.5	182.5	128606	2022/03/07 
2022/03/08 	180.5	185.5	180.5	181.0	64080	2022/03/08 
2022/03/09 	187.5	187.5	182.0	184.0	43151	2022/03/09 
2022/03/10 	188.5	196.0	188.5	190.0	17010	2022/03/10 
2022/03/11 	196.5	205.5	192.0	201.0	174814	2022/03/11 
2022/03/14 	201.5	202.0	194.0	198.0	48539	2022/03/14 
2022/03/15 	195.5	198.0	182.0	183.0	176030	2022/03/15 
2022/03/16 	183.5	186.0	183.0	185.0	72000	2022/03/16 
2022/03/17 	187.0	193.5	186.0	193.5	20306	2022/03/17 
2022/03/18 	186.0	195.0	186.0	194.0	18500	2022/03/18 
2022/03/21 	201.0	201.0	190.0	198.0	45011	2022/03/21 
2022/03/22 	203.5	203.5	195.0	195.0	27208	2022/03/22 
2022/03/23 	203.0	205.5	198.0	198.0	46670	2022/03/23 
2022/03/24 	202.0	202.0	200.0	200.0	5116	2022/03/24 
2022/03/25 	201.0	220.0	198.0	212.0	130760	2022/03/25 
2022/03/28 	213.0	217.5	207.0	211.0	53409	2022/03/28 
2022/03/29 	209.0	211.0	207.0	210.0	28000	2022/03/29 
2022/03/30 	207.0	211.5	206.5	208.5	54379	2022/03/30 
2022/03/31 	210.0	210.0	205.5	206.0	16201	2022/03/31 
2022/04/01 	201.0	206.0	201.0	206.0	5000	2022/04/01 
2022/04/06 	206.0	207.0	204.5	204.5	21615	2022/04/06 
2022/04/07 	207.5	208.0	204.5	204.5	20861	2022/04/07 
2022/04/08 	203.0	205.0	203.0	205.0	14946	2022/04/08 
2022/04/11 	207.5	207.5	199.0	205.0	66297	2022/04/11 
2022/04/12 	203.0	207.5	198.0	201.5	30745	2022/04/12 
2022/04/13 	201.5	203.5	195.0	203.5	3371	2022/04/13 
2022/04/14 	201.5	203.5	197.0	202.0	17144	2022/04/14 
2022/04/15 	203.0	203.0	194.0	194.0	33376	2022/04/15 
2022/04/18 	194.0	196.5	192.5	192.5	18321	2022/04/18 
2022/04/19 	197.5	197.5	195.0	195.5	14000	2022/04/19 
2022/04/20 	200.5	200.5	192.5	196.0	72003	2022/04/20 
2022/04/21 	192.5	197.0	192.5	196.0	8023	2022/04/21 
2022/04/22 	193.0	199.5	190.5	199.5	83001	2022/04/22 
2022/04/25 	190.5	195.5	190.0	190.0	33700	2022/04/25 
2022/04/26 	192.0	196.0	192.0	195.5	15000	2022/04/26 
2022/04/27 	194.5	195.0	192.0	192.5	34000	2022/04/27 
2022/04/28 	198.0	198.0	196.5	196.5	6000	2022/04/28 
2022/04/29 	197.0	198.0	193.0	198.0	4013	2022/04/29 
2022/05/03 	193.0	196.0	192.5	192.5	10514	2022/05/03 
2022/05/04 	192.5	192.5	192.5	192.5	0	2022/05/04 
2022/05/05 	197.0	201.5	197.0	201.5	1001	2022/05/05 
2022/05/06 	198.0	198.0	195.0	195.0	5131	2022/05/06 
2022/05/09 	201.0	201.0	195.0	195.0	9200	2022/05/09 
2022/05/10 	198.0	198.0	194.0	197.0	19050	2022/05/10 
2022/05/11 	197.0	199.0	197.0	199.0	6163	2022/05/11 
2022/05/12 	196.0	197.0	196.0	196.0	8641	2022/05/12 
2022/05/13 	196.0	201.5	194.0	196.0	27293	2022/05/13 
2022/05/16 	195.0	197.0	193.5	195.0	23600	2022/05/16 
2022/05/17 	193.5	195.0	193.0	194.5	11400	2022/05/17 
2022/05/18 	193.0	198.0	193.0	197.0	10372	2022/05/18 
2022/05/19 	196.0	196.0	196.0	196.0	3000	2022/05/19 
2022/05/20 	193.0	200.5	193.0	200.5	12200	2022/05/20 
2022/05/23 	195.0	198.0	195.0	198.0	9101	2022/05/23 
2022/05/24 	194.0	199.0	192.0	199.0	14100	2022/05/24 
2022/05/25 	198.0	198.0	196.0	197.0	10000	2022/05/25 
2022/05/26 	195.0	195.0	192.0	192.0	17460	2022/05/26 
2022/05/27 	190.0	193.5	190.0	193.0	7020	2022/05/27 
2022/05/30 	197.5	198.0	195.0	196.5	23150	2022/05/30 
2022/05/31 	195.5	200.0	195.5	199.0	41577	2022/05/31 
2022/06/01 	204.0	204.5	197.5	202.0	17000	2022/06/01 
2022/06/02 	204.0	206.5	200.0	202.0	6000	2022/06/02 
2022/06/06 	206.5	207.5	200.0	203.0	29406	2022/06/06 
2022/06/07 	204.5	205.0	202.0	203.0	39900	2022/06/07 
2022/06/08 	203.0	212.0	203.0	210.0	62025	2022/06/08 
2022/06/09 	206.0	217.5	202.0	215.0	184069	2022/06/09 
2022/06/10 	214.0	216.0	212.0	216.0	65599	2022/06/10 
2022/06/13 	211.0	215.0	210.0	210.0	103849	2022/06/13 
2022/06/14 	207.0	210.5	198.0	204.0	57548	2022/06/14 
2022/06/15 	210.0	210.0	208.5	208.5	3000	2022/06/15 
2022/06/16 	205.0	212.5	204.0	204.0	22600	2022/06/16 
2022/06/17 	203.0	205.5	203.0	205.5	7620	2022/06/17 
2022/06/20 	203.0	205.5	202.0	202.0	21000	2022/06/20 
2022/06/21 	201.0	209.5	201.0	208.0	26906	2022/06/21 
2022/06/22 	203.0	206.0	203.0	206.0	14050	2022/06/22 
2022/06/23 	202.0	204.5	200.0	200.0	15040	2022/06/23 
2022/06/24 	200.0	200.0	200.0	200.0	0	2022/06/24 
2022/06/27 	209.5	209.5	203.0	203.0	1110	2022/06/27 
2022/06/28 	206.0	206.0	206.0	206.0	3000	2022/06/28 
2022/06/29 	208.0	209.5	205.5	205.5	47030	2022/06/29 
2022/06/30 	204.0	209.0	200.0	204.5	63620	2022/06/30 
2022/07/01 	201.0	205.0	200.5	203.5	33220	2022/07/01 
2022/07/04 	208.0	211.5	205.0	208.0	56352	2022/07/04 
2022/07/05 	212.5	212.5	206.0	209.0	24050	2022/07/05 
2022/07/06 	209.0	218.0	209.0	214.0	61509	2022/07/06 
2022/07/07 	210.5	233.0	210.5	228.5	325450	2022/07/07 
2022/07/08 	231.5	255.0	231.5	248.0	225970	2022/07/08 
2022/07/11 	252.0	263.5	240.0	250.0	97690	2022/07/11 
2022/07/12 	242.0	242.0	235.0	240.0	36211	2022/07/12 
2022/07/13 	248.0	256.0	247.0	247.0	98800	2022/07/13 
2022/07/14 	249.0	256.0	235.5	238.0	296526	2022/07/14 
2022/07/15 	248.0	257.0	248.0	254.0	238660	2022/07/15 
2022/07/18 	251.0	275.0	251.0	267.0	514573	2022/07/18 
2022/07/19 	273.0	281.0	262.0	281.0	615704	2022/07/19 
2022/07/20 	289.5	301.0	277.5	293.0	608253	2022/07/20 
2022/07/21 	295.5	304.5	276.0	291.0	302274	2022/07/21 
2022/07/22 	299.5	300.5	288.5	295.0	406540	2022/07/22 
2022/07/25 	297.0	315.5	289.5	309.5	851081	2022/07/25 
2022/07/26 	306.0	308.0	299.0	300.0	189750	2022/07/26 
2022/07/27 	300.0	310.5	297.5	300.0	215567	2022/07/27 
2022/07/28 	298.5	307.5	298.5	299.0	150750	2022/07/28 
2022/07/29 	302.0	306.0	298.5	302.0	339070	2022/07/29 
2022/08/01 	304.5	318.0	300.0	310.0	262270	2022/08/01 
2022/08/02 	305.0	305.5	298.0	302.5	205089	2022/08/02 
2022/08/03 	304.0	304.0	299.0	301.0	223053	2022/08/03 
2022/08/04 	302.5	309.5	301.0	302.0	92204	2022/08/04 
2022/08/05 	306.5	310.5	293.0	305.0	463263	2022/08/05 
2022/08/08 	303.0	319.0	299.0	311.0	456438	2022/08/08 
2022/08/09 	314.5	337.0	310.5	325.5	641815	2022/08/09 
2022/08/10 	320.0	324.5	301.0	316.5	388233	2022/08/10 
2022/08/11 	317.5	329.5	317.5	320.0	284139	2022/08/11 
2022/08/12 	325.0	325.0	314.0	317.5	187961	2022/08/12 
2022/08/15 	315.5	320.5	309.0	318.5	405322	2022/08/15 
2022/08/16 	318.0	320.0	310.5	313.5	142649	2022/08/16 
2022/08/17 	316.0	336.0	313.0	325.0	170372	2022/08/17 
2022/08/18 	334.5	351.0	326.5	338.0	379132	2022/08/18 
2022/08/19 	339.5	349.5	338.0	345.0	244800	2022/08/19 
2022/08/22 	342.0	346.0	338.0	341.0	85313	2022/08/22 
2022/08/23 	335.0	335.0	324.0	329.5	133878	2022/08/23 
2022/08/24 	332.0	335.0	328.5	331.0	113217	2022/08/24 
2022/08/25 	330.0	336.0	327.5	328.5	99992	2022/08/25 
2022/08/26 	330.0	333.0	327.0	329.0	155550	2022/08/26 
2022/08/29 	329.5	330.0	314.0	326.5	100410	2022/08/29 
2022/08/30 	331.0	341.0	330.0	333.0	258305	2022/08/30 
2022/08/31 	338.0	338.0	327.5	327.5	120420	2022/08/31 
2022/09/01 	328.0	333.0	324.5	330.0	172062	2022/09/01 
2022/09/02 	330.0	331.0	327.0	327.0	64520	2022/09/02 
2022/09/05 	332.0	332.0	315.5	317.0	189564	2022/09/05 
2022/09/06 	320.0	320.0	290.0	295.5	278778	2022/09/06 
2022/09/07 	302.0	307.5	294.0	297.5	122808	2022/09/07 
2022/09/08 	294.5	301.0	290.0	298.5	198572	2022/09/08 
2022/09/12 	303.0	305.5	299.5	300.0	83522	2022/09/12 
2022/09/13 	301.5	302.5	296.5	299.0	63853	2022/09/13 
2022/09/14 	294.0	299.0	290.0	296.0	47980	2022/09/14 
2022/09/15 	295.5	296.0	292.5	295.0	172631	2022/09/15 
2022/09/16 	295.0	295.0	277.0	279.0	401082	2022/09/16 
2022/09/19 	279.0	279.0	279.0	279.0	0	2022/09/19 
2022/09/20 	279.0	279.0	279.0	279.0	0	2022/09/20 
2022/09/21 	279.0	279.0	279.0	279.0	0	2022/09/21 
2022/09/22 	279.0	279.0	279.0	279.0	0	2022/09/22 
2022/09/23 	275.0	285.5	271.5	273.0	160385	2022/09/23 
2022/09/26 	270.0	274.5	266.0	268.5	40200	2022/09/26 
2022/09/27 	267.0	268.5	260.0	268.5	30105	2022/09/27 
2022/09/28 	262.5	265.0	249.5	252.0	143436	2022/09/28 
2022/09/29 	257.0	264.5	255.5	261.5	244598	2022/09/29 
2022/09/30 	258.5	269.5	258.5	266.0	165210	2022/09/30 
2022/10/03 	265.0	266.0	260.0	262.0	86950	2022/10/03 
2022/10/04 	265.0	273.5	264.0	267.0	61507	2022/10/04 
2022/10/05 	264.5	269.0	264.0	268.5	42553	2022/10/05 
2022/10/06 	264.0	270.5	262.0	270.5	42871	2022/10/06 
2022/10/07 	270.0	270.0	264.0	264.0	9360	2022/10/07 
2022/10/11 	268.5	268.5	250.0	259.0	118895	2022/10/11 
2022/10/12 	257.5	257.5	246.5	252.5	132440	2022/10/12 
2022/10/13 	252.5	252.5	229.0	231.0	115657	2022/10/13 
2022/10/14 	234.5	245.5	229.5	237.0	139584	2022/10/14 
2022/10/17 	233.0	234.0	229.0	234.0	42361	2022/10/17 
2022/10/18 	238.0	239.5	233.5	234.0	57552	2022/10/18 
2022/10/19 	236.0	244.5	234.0	235.0	23135	2022/10/19 
2022/10/20 	230.5	231.0	200.0	211.5	207107	2022/10/20 
2022/10/21 	215.0	216.0	203.0	203.0	164223	2022/10/21 
2022/10/24 	205.0	208.5	194.0	194.0	205724	2022/10/24 
2022/10/25 	195.0	195.0	177.0	177.5	276777	2022/10/25 
2022/10/26 	180.0	199.5	179.0	191.0	138371	2022/10/26 
2022/10/27 	200.0	225.5	195.0	219.5	293938	2022/10/27 
2022/10/28 	221.0	224.0	214.0	217.0	79268	2022/10/28 
2022/10/31 	223.0	255.0	218.0	233.0	323367	2022/10/31 
2022/11/01 	240.0	240.0	227.0	236.0	103195	2022/11/01 
2022/11/02 	230.5	233.0	217.0	219.0	278801	2022/11/02 
2022/11/03 	217.0	217.5	205.0	209.0	336494	2022/11/03 
2022/11/04 	207.0	214.0	202.5	211.0	251479	2022/11/04 
2022/11/07 	215.0	225.5	208.0	211.0	214630	2022/11/07 
2022/11/08 	214.0	214.0	206.5	206.5	111597	2022/11/08 
2022/11/09 	210.0	223.0	210.0	215.0	89995	2022/11/09 
2022/11/10 	212.0	212.0	204.0	205.5	89345	2022/11/10 
2022/11/11 	211.5	220.5	210.0	210.0	100764	2022/11/11 
2022/11/14 	210.0	232.5	206.0	220.0	344718	2022/11/14 
2022/11/15 	226.0	227.5	219.0	224.0	262513	2022/11/15 
2022/11/16 	230.0	238.5	223.5	235.0	231595	2022/11/16 
2022/11/17 	237.5	250.0	230.0	248.5	336779	2022/11/17 
2022/11/18 	248.0	249.0	237.0	237.5	134247	2022/11/18 
2022/11/21 	242.0	252.0	236.0	249.5	100167	2022/11/21 
2022/11/22 	247.5	249.5	240.0	245.0	33804	2022/11/22 
2022/11/23 	247.0	247.0	239.5	240.5	129817	2022/11/23 
2022/11/24 	252.0	258.0	244.0	254.5	503001	2022/11/24 
2022/11/25 	258.5	260.5	250.5	251.0	345534	2022/11/25 
2022/11/28 	245.5	268.0	235.0	260.0	2647440	2022/11/28 
2022/11/29 	260.0	284.0	257.5	273.5	1398436	2022/11/29 
2022/11/30 	275.0	287.5	270.5	275.5	1311466	2022/11/30 
2022/12/01 	280.0	283.0	268.0	276.0	685398	2022/12/01 
2022/12/02 	277.0	305.0	277.0	300.0	1908600	2022/12/02 
2022/12/05 	309.5	330.0	292.5	329.5	2234952	2022/12/05 
2022/12/06 	324.0	339.0	315.0	337.5	1490101	2022/12/06 
2022/12/07 	331.0	339.0	320.0	336.5	1230151	2022/12/07 
2022/12/08 	334.0	334.0	310.0	318.5	1043270	2022/12/08 
2022/12/09 	315.5	335.5	303.0	331.0	1772236	2022/12/09 
2022/12/12 	336.0	349.5	327.5	345.0	1738653	2022/12/12 
2022/12/13 	340.0	358.5	338.0	351.0	1556298	2022/12/13 
2022/12/14 	349.5	355.0	342.0	348.0	726604	2022/12/14 
2022/12/15 	350.0	358.5	345.5	349.0	1010674	2022/12/15 
2022/12/16 	340.0	348.0	329.0	331.5	765130	2022/12/16 
2022/12/19 	329.0	338.0	318.0	333.0	541098	2022/12/19 
2022/12/20 	328.0	332.5	300.0	308.0	1307006	2022/12/20 
2022/12/21 	308.5	317.0	303.0	310.0	614200	2022/12/21 
2022/12/22 	312.5	312.5	279.0	300.0	1724170	2022/12/22 
2022/12/23 	288.5	293.0	283.0	290.0	640100	2022/12/23 
2022/12/26 	288.0	292.0	282.0	286.0	389100	2022/12/26 
2022/12/27 	289.5	306.0	283.0	301.0	773050	2022/12/27 
2022/12/28 	296.0	304.5	293.0	295.5	481011	2022/12/28 
2022/12/29 	293.5	299.5	285.5	299.0	356011	2022/12/29 
2022/12/30 	299.5	300.0	284.0	284.5	638363	2022/12/30 
2023/01/03 	285.0	302.5	283.0	299.0	605032	2023/01/03 
2023/01/04 	298.0	313.0	296.5	307.0	602020	2023/01/04 
2023/01/05 	307.0	308.0	301.0	302.0	251500	2023/01/05 
2023/01/06 	302.0	302.0	294.0	294.0	392020	2023/01/06 
2023/01/09 	297.5	304.5	288.0	303.0	640020	2023/01/09 
2023/01/10 	296.0	299.0	294.0	295.5	291010	2023/01/10 
2023/01/11 	295.0	297.5	287.0	288.5	407318	2023/01/11 
2023/01/12 	289.0	293.0	285.0	290.5	261208	2023/01/12 
2023/01/13 	290.5	300.0	288.0	293.5	329010	2023/01/13 
2023/01/16 	296.5	322.5	294.0	322.0	1350248	2023/01/16 
2023/01/17 	321.0	342.0	317.5	333.0	1222494	2023/01/17 
2023/01/30 	340.0	340.0	321.0	329.5	951441	2023/01/30 
2023/01/31 	327.0	343.0	325.0	341.0	892351	2023/01/31 
2023/02/01 	338.0	345.0	337.0	339.5	565245	2023/02/01 
2023/02/02 	340.0	340.0	326.5	333.0	609320	2023/02/02 
2023/02/03 	330.0	334.0	319.0	321.0	526268	2023/02/03 
2023/02/06 	323.0	341.0	321.0	336.5	711609	2023/02/06 
2023/02/07 	339.5	347.5	336.5	339.0	880995	2023/02/07 
2023/02/08 	339.0	347.5	336.5	341.5	570210	2023/02/08 
2023/02/09 	337.0	345.5	335.0	340.0	489534	2023/02/09 
2023/02/10 	348.0	360.5	341.5	353.0	1510259	2023/02/10 
2023/02/13 	351.0	351.0	333.0	334.5	912296	2023/02/13 
2023/02/14 	331.5	338.5	326.0	327.5	715310	2023/02/14 
2023/02/15 	333.0	338.0	327.0	335.5	643340	2023/02/15 
2023/02/16 	332.0	345.0	332.0	343.5	600787	2023/02/16 
2023/02/17 	341.0	344.0	335.5	343.5	458148	2023/02/17 
2023/02/20 	345.0	377.5	344.5	377.5	1726512	2023/02/20 
2023/02/21 	377.0	387.5	368.5	383.5	1095080	2023/02/21 
2023/02/22 	375.0	382.0	367.5	375.0	736619	2023/02/22 
2023/02/23 	370.5	388.5	370.5	383.0	910710	2023/02/23 
