Date	Open	High	Low	Close	Volume	Date
2020/10/27 	45.0	62.099998474121094	45.0	57.0	975941	2020/10/27 
2020/10/28 	55.5	58.29999923706055	54.5	54.5	422904	2020/10/28 
2020/10/29 	53.5	56.0	50.20000076293945	51.5	374940	2020/10/29 
2020/10/30 	51.5	52.29999923706055	49.599998474121094	50.5	303383	2020/10/30 
2020/11/02 	52.0	52.0	49.0	50.0	257417	2020/11/02 
2020/11/03 	49.5	51.0	48.599998474121094	50.20000076293945	187972	2020/11/03 
2020/11/04 	49.5	50.5	47.29999923706055	49.5	330412	2020/11/04 
2020/11/05 	48.5	49.0	46.29999923706055	46.29999923706055	252359	2020/11/05 
2020/11/06 	48.0	48.0	45.70000076293945	46.79999923706055	185730	2020/11/06 
2020/11/09 	46.29999923706055	47.0	45.599998474121094	46.20000076293945	103377	2020/11/09 
2020/11/10 	47.5	47.5	46.0	46.0	103223	2020/11/10 
2020/11/11 	45.70000076293945	47.0	45.5	47.0	48283	2020/11/11 
2020/11/12 	46.5	47.29999923706055	45.70000076293945	46.29999923706055	182486	2020/11/12 
2020/11/13 	47.29999923706055	47.29999923706055	45.70000076293945	47.0	131554	2020/11/13 
2020/11/16 	47.29999923706055	47.70000076293945	46.5	47.20000076293945	228533	2020/11/16 
2020/11/17 	47.29999923706055	48.5	46.5	48.0	276231	2020/11/17 
2020/11/18 	48.70000076293945	48.70000076293945	47.0	48.5	75691	2020/11/18 
2020/11/19 	47.099998474121094	48.5	47.0	47.0	139572	2020/11/19 
2020/11/20 	48.0	48.5	47.0	47.70000076293945	124930	2020/11/20 
2020/11/23 	47.5	48.5	46.5	47.20000076293945	125269	2020/11/23 
2020/11/24 	47.0	48.5	47.0	47.0	67607	2020/11/24 
2020/11/25 	47.0	48.5	47.0	47.0	50407	2020/11/25 
2020/11/26 	47.79999923706055	48.0	46.900001525878906	47.29999923706055	57790	2020/11/26 
2020/11/27 	46.849998474121094	47.5	46.5	47.20000076293945	114216	2020/11/27 
2020/11/30 	46.70000076293945	48.0	46.5	47.5	23804	2020/11/30 
2020/12/01 	47.5	48.0	46.5	47.20000076293945	33202	2020/12/01 
2020/12/02 	47.20000076293945	47.5	46.70000076293945	46.79999923706055	77692	2020/12/02 
2020/12/03 	47.099998474121094	47.599998474121094	47.0	47.099998474121094	112659	2020/12/03 
2020/12/04 	47.400001525878906	47.400001525878906	46.5	47.099998474121094	161774	2020/12/04 
2020/12/07 	47.0	47.099998474121094	46.400001525878906	46.45000076293945	106903	2020/12/07 
2020/12/08 	46.54999923706055	46.54999923706055	46.0	46.349998474121094	44165	2020/12/08 
2020/12/09 	46.04999923706055	46.29999923706055	45.75	45.900001525878906	136504	2020/12/09 
2020/12/10 	46.0	46.0	45.400001525878906	45.45000076293945	130908	2020/12/10 
2020/12/11 	45.20000076293945	45.599998474121094	45.04999923706055	45.5	36501	2020/12/11 
2020/12/14 	45.0	45.54999923706055	45.0	45.45000076293945	57753	2020/12/14 
2020/12/15 	45.45000076293945	45.79999923706055	45.150001525878906	45.150001525878906	68633	2020/12/15 
2020/12/16 	45.20000076293945	45.400001525878906	45.04999923706055	45.04999923706055	45065	2020/12/16 
2020/12/17 	45.349998474121094	45.349998474121094	45.04999923706055	45.04999923706055	33120	2020/12/17 
2020/12/18 	45.25	45.29999923706055	45.0	45.20000076293945	50023	2020/12/18 
2020/12/21 	45.29999923706055	45.650001525878906	45.099998474121094	45.5	712709	2020/12/21 
2020/12/22 	45.79999923706055	46.25	45.599998474121094	45.79999923706055	173305	2020/12/22 
2020/12/23 	46.20000076293945	46.5	45.79999923706055	45.79999923706055	116338	2020/12/23 
2020/12/24 	46.0	46.0	45.70000076293945	45.79999923706055	35060	2020/12/24 
2020/12/25 	46.099998474121094	46.099998474121094	45.54999923706055	45.599998474121094	40615	2020/12/25 
2020/12/28 	45.5	45.95000076293945	45.400001525878906	45.650001525878906	68400	2020/12/28 
2020/12/29 	45.900001525878906	46.0	45.04999923706055	45.04999923706055	80352	2020/12/29 
2020/12/30 	45.95000076293945	46.75	45.45000076293945	46.650001525878906	231763	2020/12/30 
2020/12/31 	46.79999923706055	47.150001525878906	45.849998474121094	45.849998474121094	158322	2020/12/31 
2021/01/04 	46.25	46.45000076293945	45.900001525878906	46.25	145314	2021/01/04 
2021/01/05 	46.04999923706055	46.400001525878906	45.849998474121094	46.04999923706055	79616	2021/01/05 
2021/01/06 	45.79999923706055	46.45000076293945	45.79999923706055	45.900001525878906	51688	2021/01/06 
2021/01/07 	46.25	46.349998474121094	45.95000076293945	45.95000076293945	67625	2021/01/07 
2021/01/08 	46.349998474121094	46.400001525878906	46.0	46.25	71607	2021/01/08 
2021/01/11 	46.25	46.25	45.900001525878906	46.150001525878906	42801	2021/01/11 
2021/01/12 	46.349998474121094	46.349998474121094	45.900001525878906	45.900001525878906	98147	2021/01/12 
2021/01/13 	46.29999923706055	46.349998474121094	46.0	46.25	61520	2021/01/13 
2021/01/14 	46.0	46.29999923706055	45.95000076293945	46.29999923706055	66451	2021/01/14 
2021/01/15 	46.099998474121094	46.349998474121094	46.099998474121094	46.099998474121094	50369	2021/01/15 
2021/01/18 	46.04999923706055	46.20000076293945	45.900001525878906	46.0	77600	2021/01/18 
2021/01/19 	46.25	46.400001525878906	46.0	46.04999923706055	105040	2021/01/19 
2021/01/20 	46.29999923706055	46.45000076293945	46.0	46.25	68952	2021/01/20 
2021/01/21 	46.45000076293945	46.45000076293945	46.099998474121094	46.25	57402	2021/01/21 
2021/01/22 	46.04999923706055	46.45000076293945	46.04999923706055	46.20000076293945	81626	2021/01/22 
2021/01/25 	46.5	46.849998474121094	46.20000076293945	46.650001525878906	128101	2021/01/25 
2021/01/26 	46.849998474121094	48.95000076293945	46.650001525878906	48.0	307725	2021/01/26 
2021/01/27 	48.45000076293945	48.45000076293945	47.79999923706055	48.099998474121094	138270	2021/01/27 
2021/01/28 	47.95000076293945	48.20000076293945	47.5	47.75	63080	2021/01/28 
2021/01/29 	48.20000076293945	49.5	48.0	48.45000076293945	243102	2021/01/29 
2021/02/01 	48.45000076293945	48.54999923706055	48.0	48.20000076293945	65818	2021/02/01 
2021/02/02 	48.5	48.79999923706055	48.20000076293945	48.54999923706055	298041	2021/02/02 
2021/02/03 	48.54999923706055	48.75	48.29999923706055	48.400001525878906	166441	2021/02/03 
2021/02/04 	48.75	51.29999923706055	48.54999923706055	50.0	281142	2021/02/04 
2021/02/05 	50.79999923706055	51.599998474121094	50.400001525878906	51.5	260024	2021/02/05 
2021/02/17 	51.599998474121094	53.5	51.5	53.29999923706055	514230	2021/02/17 
2021/02/18 	53.400001525878906	54.20000076293945	52.79999923706055	53.599998474121094	313398	2021/02/18 
2021/02/19 	53.70000076293945	55.400001525878906	53.5	55.400001525878906	284434	2021/02/19 
2021/02/22 	55.5	57.900001525878906	55.5	56.400001525878906	448505	2021/02/22 
2021/02/23 	56.900001525878906	57.70000076293945	54.79999923706055	55.599998474121094	485803	2021/02/23 
2021/02/24 	55.0	55.0	52.099998474121094	53.599998474121094	493804	2021/02/24 
2021/02/25 	54.20000076293945	54.70000076293945	53.29999923706055	54.29999923706055	127943	2021/02/25 
2021/02/26 	54.70000076293945	57.5	54.599998474121094	56.5	831468	2021/02/26 
2021/03/02 	57.0	58.5	56.5	57.20000076293945	689182	2021/03/02 
2021/03/03 	57.29999923706055	57.599998474121094	56.0	57.0	272054	2021/03/03 
2021/03/04 	57.20000076293945	57.20000076293945	56.0	56.599998474121094	104537	2021/03/04 
2021/03/05 	56.79999923706055	56.900001525878906	55.79999923706055	56.5	169669	2021/03/05 
2021/03/08 	57.0	57.400001525878906	55.79999923706055	56.20000076293945	261279	2021/03/08 
2021/03/09 	55.900001525878906	56.29999923706055	55.79999923706055	56.0	141578	2021/03/09 
2021/03/10 	56.0	56.5	55.79999923706055	56.29999923706055	206570	2021/03/10 
2021/03/11 	56.20000076293945	56.400001525878906	55.599998474121094	56.20000076293945	202259	2021/03/11 
2021/03/12 	56.20000076293945	56.5	55.79999923706055	56.20000076293945	113048	2021/03/12 
2021/03/15 	56.0	57.29999923706055	55.79999923706055	57.099998474121094	253557	2021/03/15 
2021/03/16 	56.5	57.0	55.599998474121094	56.5	129313	2021/03/16 
2021/03/17 	57.79999923706055	57.79999923706055	56.5	57.20000076293945	236017	2021/03/17 
2021/03/18 	57.599998474121094	57.599998474121094	56.599998474121094	56.79999923706055	172940	2021/03/18 
2021/03/19 	58.099998474121094	58.099998474121094	56.599998474121094	56.79999923706055	122155	2021/03/19 
2021/03/22 	57.20000076293945	57.5	56.70000076293945	57.20000076293945	82737	2021/03/22 
2021/03/23 	56.79999923706055	57.400001525878906	56.70000076293945	56.900001525878906	103629	2021/03/23 
2021/03/24 	58.29999923706055	58.29999923706055	56.599998474121094	57.099998474121094	73295	2021/03/24 
2021/03/25 	57.5	57.900001525878906	56.599998474121094	57.5	149975	2021/03/25 
2021/03/26 	57.599998474121094	58.900001525878906	56.900001525878906	58.900001525878906	347870	2021/03/26 
2021/03/29 	59.79999923706055	61.400001525878906	59.099998474121094	59.900001525878906	402048	2021/03/29 
2021/03/30 	60.900001525878906	62.20000076293945	59.79999923706055	62.20000076293945	465683	2021/03/30 
2021/03/31 	62.599998474121094	62.900001525878906	60.900001525878906	61.900001525878906	367832	2021/03/31 
2021/04/01 	62.20000076293945	62.400001525878906	60.900001525878906	61.29999923706055	317505	2021/04/01 
2021/04/07 	62.900001525878906	66.80000305175781	62.099998474121094	66.5999984741211	536514	2021/04/07 
2021/04/08 	66.80000305175781	71.9000015258789	66.69999694824219	70.80000305175781	870500	2021/04/08 
2021/04/09 	71.0999984741211	73.0	68.4000015258789	68.69999694824219	527668	2021/04/09 
2021/04/12 	69.5999984741211	71.0	69.0	70.69999694824219	312601	2021/04/12 
2021/04/13 	70.5	72.30000305175781	70.0	71.5	359531	2021/04/13 
2021/04/14 	72.5999984741211	72.5999984741211	69.5	72.0	688634	2021/04/14 
2021/04/15 	72.5999984741211	75.0	72.5	73.9000015258789	467404	2021/04/15 
2021/04/16 	74.9000015258789	75.19999694824219	73.0	75.0	226638	2021/04/16 
2021/04/19 	75.30000305175781	76.0999984741211	73.80000305175781	76.0	258561	2021/04/19 
2021/04/20 	76.19999694824219	76.5	75.19999694824219	75.80000305175781	172348	2021/04/20 
2021/04/21 	76.0	76.0	72.69999694824219	73.69999694824219	337906	2021/04/21 
2021/04/22 	74.19999694824219	74.19999694824219	68.5999984741211	69.9000015258789	560658	2021/04/22 
2021/04/23 	70.69999694824219	70.69999694824219	68.69999694824219	69.80000305175781	226479	2021/04/23 
2021/04/26 	71.30000305175781	71.4000015258789	69.69999694824219	71.19999694824219	94236	2021/04/26 
2021/04/27 	71.0999984741211	72.4000015258789	70.19999694824219	70.30000305175781	130617	2021/04/27 
2021/04/28 	71.19999694824219	71.19999694824219	69.80000305175781	70.19999694824219	223660	2021/04/28 
2021/04/29 	71.69999694824219	71.69999694824219	68.69999694824219	69.0999984741211	283910	2021/04/29 
2021/05/03 	70.5	74.80000305175781	70.0	71.19999694824219	384655	2021/05/03 
2021/05/04 	71.80000305175781	71.9000015258789	67.69999694824219	69.5999984741211	252373	2021/05/04 
2021/05/05 	70.30000305175781	70.9000015258789	69.5999984741211	69.80000305175781	98605	2021/05/05 
2021/05/06 	70.4000015258789	70.4000015258789	68.0999984741211	68.5	84521	2021/05/06 
2021/05/07 	69.5	69.9000015258789	67.69999694824219	68.0999984741211	77006	2021/05/07 
2021/05/10 	69.5999984741211	69.80000305175781	68.4000015258789	69.5	152040	2021/05/10 
2021/05/11 	70.19999694824219	70.30000305175781	68.19999694824219	69.0	230968	2021/05/11 
2021/05/12 	69.19999694824219	69.19999694824219	62.70000076293945	64.19999694824219	333522	2021/05/12 
2021/05/13 	64.0	67.0	62.0	66.19999694824219	248727	2021/05/13 
2021/05/14 	67.0999984741211	67.9000015258789	65.0	66.0	183956	2021/05/14 
2021/05/17 	64.0	66.4000015258789	63.599998474121094	64.30000305175781	144723	2021/05/17 
2021/05/18 	63.5	66.5999984741211	63.5	66.0	104132	2021/05/18 
2021/05/19 	66.4000015258789	66.69999694824219	64.9000015258789	65.9000015258789	97465	2021/05/19 
2021/05/20 	66.4000015258789	66.4000015258789	65.19999694824219	65.80000305175781	74193	2021/05/20 
2021/05/21 	66.0999984741211	66.9000015258789	65.4000015258789	66.19999694824219	82461	2021/05/21 
2021/05/24 	66.19999694824219	66.19999694824219	66.19999694824219	66.19999694824219	0	2021/05/24 
2021/05/25 	66.19999694824219	66.19999694824219	66.19999694824219	66.19999694824219	0	2021/05/25 
2021/05/26 	66.19999694824219	66.19999694824219	66.19999694824219	66.19999694824219	0	2021/05/26 
2021/05/27 	66.19999694824219	66.19999694824219	66.19999694824219	66.19999694824219	0	2021/05/27 
2021/05/28 	66.19999694824219	66.19999694824219	66.19999694824219	66.19999694824219	0	2021/05/28 
2021/05/31 	66.19999694824219	66.19999694824219	66.19999694824219	66.19999694824219	0	2021/05/31 
2021/06/01 	66.19999694824219	66.19999694824219	66.19999694824219	66.19999694824219	0	2021/06/01 
2021/06/02 	66.19999694824219	66.19999694824219	66.19999694824219	66.19999694824219	0	2021/06/02 
2021/06/03 	66.19999694824219	66.19999694824219	66.19999694824219	66.19999694824219	0	2021/06/03 
2021/06/04 	66.19999694824219	66.19999694824219	66.19999694824219	66.19999694824219	0	2021/06/04 
2021/06/07 	66.19999694824219	66.19999694824219	66.19999694824219	66.19999694824219	0	2021/06/07 
2021/06/08 	76.69999694824219	77.69999694824219	75.80000305175781	77.0	421547	2021/06/08 
2021/06/09 	77.30000305175781	77.30000305175781	75.19999694824219	75.69999694824219	199059	2021/06/09 
2021/06/10 	76.4000015258789	76.4000015258789	73.0	74.30000305175781	279059	2021/06/10 
2021/06/11 	75.0	75.0	73.0	73.9000015258789	133445	2021/06/11 
2021/06/15 	74.0	75.0	73.5	74.69999694824219	153918	2021/06/15 
2021/06/16 	76.30000305175781	78.0	75.0	77.0	645630	2021/06/16 
2021/06/17 	77.0999984741211	78.19999694824219	76.4000015258789	76.9000015258789	243535	2021/06/17 
2021/06/18 	77.19999694824219	77.4000015258789	76.19999694824219	76.5	148052	2021/06/18 
2021/06/21 	76.69999694824219	78.30000305175781	75.9000015258789	77.80000305175781	261971	2021/06/21 
2021/06/22 	77.80000305175781	77.80000305175781	76.5	77.0999984741211	136423	2021/06/22 
2021/06/23 	77.19999694824219	77.19999694824219	76.0	76.9000015258789	85068	2021/06/23 
2021/06/24 	76.5	77.30000305175781	76.4000015258789	77.19999694824219	164341	2021/06/24 
2021/06/25 	77.30000305175781	77.30000305175781	76.69999694824219	76.69999694824219	151530	2021/06/25 
2021/06/28 	77.0	77.0	75.5999984741211	76.19999694824219	140632	2021/06/28 
2021/06/29 	76.69999694824219	76.69999694824219	75.0	75.30000305175781	148694	2021/06/29 
2021/06/30 	75.69999694824219	76.19999694824219	74.80000305175781	76.19999694824219	139396	2021/06/30 
2021/07/01 	76.19999694824219	76.19999694824219	74.4000015258789	75.30000305175781	110498	2021/07/01 
2021/07/02 	75.4000015258789	75.4000015258789	74.0999984741211	74.30000305175781	101773	2021/07/02 
2021/07/05 	74.80000305175781	75.0	73.69999694824219	74.19999694824219	127401	2021/07/05 
2021/07/06 	74.5	74.5	72.80000305175781	72.80000305175781	132240	2021/07/06 
2021/07/07 	72.5999984741211	73.0999984741211	71.19999694824219	71.69999694824219	253807	2021/07/07 
2021/07/08 	72.5	73.5999984741211	72.0	73.0	54752	2021/07/08 
2021/07/09 	73.80000305175781	73.80000305175781	72.0999984741211	72.5	118711	2021/07/09 
2021/07/12 	72.69999694824219	72.69999694824219	71.80000305175781	72.4000015258789	65865	2021/07/12 
2021/07/13 	72.5	72.5	70.19999694824219	71.30000305175781	249276	2021/07/13 
2021/07/14 	71.4000015258789	71.5	69.80000305175781	69.80000305175781	99431	2021/07/14 
2021/07/15 	69.69999694824219	70.5999984741211	69.5999984741211	70.19999694824219	129618	2021/07/15 
2021/07/16 	69.80000305175781	71.0	69.80000305175781	70.69999694824219	104220	2021/07/16 
2021/07/19 	71.19999694824219	72.4000015258789	71.19999694824219	71.9000015258789	139006	2021/07/19 
2021/07/20 	72.4000015258789	72.4000015258789	71.19999694824219	71.5	39510	2021/07/20 
2021/07/21 	71.4000015258789	71.4000015258789	70.0999984741211	70.0999984741211	71009	2021/07/21 
2021/07/22 	70.69999694824219	70.69999694824219	69.69999694824219	70.30000305175781	80823	2021/07/22 
2021/07/23 	70.30000305175781	70.80000305175781	69.9000015258789	70.5	55275	2021/07/23 
2021/07/26 	70.19999694824219	71.30000305175781	70.0999984741211	71.0	94059	2021/07/26 
2021/07/27 	71.5	72.5999984741211	71.19999694824219	72.30000305175781	254004	2021/07/27 
2021/07/28 	71.69999694824219	71.69999694824219	70.30000305175781	71.30000305175781	176320	2021/07/28 
2021/07/29 	71.4000015258789	71.4000015258789	70.5	71.19999694824219	76633	2021/07/29 
2021/07/30 	71.80000305175781	71.9000015258789	70.5999984741211	71.0999984741211	81872	2021/07/30 
2021/08/02 	71.0	71.9000015258789	70.5	71.0999984741211	115474	2021/08/02 
2021/08/03 	70.5999984741211	71.0	69.80000305175781	70.30000305175781	163571	2021/08/03 
2021/08/04 	70.80000305175781	71.0	70.19999694824219	70.5999984741211	100673	2021/08/04 
2021/08/05 	71.80000305175781	72.0999984741211	70.80000305175781	71.5999984741211	145934	2021/08/05 
2021/08/06 	72.30000305175781	72.30000305175781	71.19999694824219	71.80000305175781	105297	2021/08/06 
2021/08/09 	72.0999984741211	74.9000015258789	72.0	72.80000305175781	389756	2021/08/09 
2021/08/10 	73.4000015258789	73.4000015258789	72.0	73.30000305175781	222811	2021/08/10 
2021/08/11 	72.5	72.5	68.69999694824219	69.30000305175781	298856	2021/08/11 
2021/08/12 	69.9000015258789	69.9000015258789	68.69999694824219	69.0	137636	2021/08/12 
2021/08/13 	69.0999984741211	69.30000305175781	68.4000015258789	68.80000305175781	128016	2021/08/13 
2021/08/16 	69.0	69.0	67.19999694824219	67.80000305175781	87840	2021/08/16 
2021/08/17 	67.5	67.9000015258789	64.4000015258789	64.69999694824219	145988	2021/08/17 
2021/08/18 	63.0	66.5	62.099998474121094	66.4000015258789	136064	2021/08/18 
2021/08/19 	66.0999984741211	66.5	63.599998474121094	64.0	132435	2021/08/19 
2021/08/20 	64.4000015258789	65.19999694824219	64.0	65.0	64299	2021/08/20 
2021/08/23 	65.0999984741211	65.5	64.19999694824219	64.5	93522	2021/08/23 
2021/08/24 	64.80000305175781	65.0	64.0	64.30000305175781	124870	2021/08/24 
2021/08/25 	65.19999694824219	65.80000305175781	64.69999694824219	65.69999694824219	70815	2021/08/25 
2021/08/26 	66.0	66.80000305175781	65.19999694824219	66.0999984741211	68766	2021/08/26 
2021/08/27 	67.0	69.69999694824219	66.5999984741211	69.69999694824219	379065	2021/08/27 
2021/08/30 	69.5999984741211	71.0	69.19999694824219	69.5999984741211	207052	2021/08/30 
2021/08/31 	68.69999694824219	69.30000305175781	67.69999694824219	68.5	120958	2021/08/31 
2021/09/01 	68.5	68.5	67.30000305175781	68.19999694824219	97206	2021/09/01 
2021/09/02 	67.9000015258789	68.0	66.80000305175781	67.19999694824219	123438	2021/09/02 
2021/09/03 	67.30000305175781	69.5	67.30000305175781	67.9000015258789	149237	2021/09/03 
2021/09/06 	68.19999694824219	68.30000305175781	65.19999694824219	65.5999984741211	279929	2021/09/06 
2021/09/07 	67.0	67.0	65.0	65.80000305175781	115864	2021/09/07 
2021/09/08 	65.4000015258789	65.9000015258789	64.69999694824219	65.19999694824219	128492	2021/09/08 
2021/09/09 	64.9000015258789	65.30000305175781	64.19999694824219	65.0	113163	2021/09/09 
2021/09/10 	64.80000305175781	64.9000015258789	63.400001525878906	64.0	180938	2021/09/10 
2021/09/13 	64.30000305175781	64.30000305175781	60.70000076293945	62.20000076293945	497327	2021/09/13 
2021/09/14 	62.0	62.29999923706055	61.5	61.599998474121094	216676	2021/09/14 
2021/09/15 	61.900001525878906	62.29999923706055	61.79999923706055	61.79999923706055	138184	2021/09/15 
2021/09/16 	61.400001525878906	62.0	61.099998474121094	61.29999923706055	193389	2021/09/16 
2021/09/17 	61.20000076293945	61.20000076293945	59.29999923706055	60.70000076293945	574644	2021/09/17 
2021/09/22 	60.29999923706055	60.29999923706055	59.099998474121094	59.599998474121094	118752	2021/09/22 
2021/09/23 	59.400001525878906	60.70000076293945	58.599998474121094	60.5	217750	2021/09/23 
2021/09/24 	60.900001525878906	62.20000076293945	60.20000076293945	61.29999923706055	261435	2021/09/24 
2021/09/27 	61.5	63.400001525878906	61.5	63.400001525878906	531652	2021/09/27 
2021/09/28 	63.79999923706055	64.5	62.599998474121094	62.79999923706055	623368	2021/09/28 
2021/09/29 	62.79999923706055	62.79999923706055	62.79999923706055	62.79999923706055	0	2021/09/29 
2021/09/30 	55.70000076293945	55.70000076293945	52.79999923706055	53.5	2371028	2021/09/30 
2021/10/01 	52.5	53.400001525878906	51.900001525878906	52.70000076293945	2017900	2021/10/01 
2021/10/04 	53.0	53.0	50.5	52.400001525878906	2207524	2021/10/04 
2021/10/05 	51.400001525878906	52.70000076293945	50.400001525878906	52.70000076293945	1585741	2021/10/05 
2021/10/06 	52.5	52.5	51.099998474121094	51.099998474121094	490400	2021/10/06 
2021/10/07 	51.099998474121094	51.5	50.79999923706055	50.900001525878906	713499	2021/10/07 
2021/10/08 	51.0	51.0	50.20000076293945	50.20000076293945	642349	2021/10/08 
2021/10/12 	49.95000076293945	49.95000076293945	48.70000076293945	48.75	751500	2021/10/12 
2021/10/13 	49.0	49.099998474121094	47.650001525878906	47.650001525878906	683756	2021/10/13 
2021/10/14 	47.900001525878906	48.54999923706055	47.54999923706055	48.400001525878906	295061	2021/10/14 
2021/10/15 	49.0	49.29999923706055	48.45000076293945	48.5	310074	2021/10/15 
2021/10/18 	48.45000076293945	48.650001525878906	48.0	48.04999923706055	266372	2021/10/18 
2021/10/19 	48.04999923706055	48.29999923706055	48.04999923706055	48.20000076293945	326182	2021/10/19 
2021/10/20 	48.20000076293945	48.20000076293945	47.849998474121094	47.900001525878906	320110	2021/10/20 
2021/10/21 	47.900001525878906	48.45000076293945	47.849998474121094	48.20000076293945	243100	2021/10/21 
2021/10/22 	48.25	48.349998474121094	48.04999923706055	48.04999923706055	202110	2021/10/22 
2021/10/25 	48.04999923706055	48.25	47.900001525878906	48.25	232500	2021/10/25 
2021/10/26 	48.20000076293945	48.400001525878906	48.0	48.0	282000	2021/10/26 
2021/10/27 	48.0	48.29999923706055	47.95000076293945	48.20000076293945	255296	2021/10/27 
2021/10/28 	48.04999923706055	48.25	47.900001525878906	47.95000076293945	315603	2021/10/28 
2021/10/29 	48.0	48.29999923706055	47.900001525878906	48.29999923706055	227100	2021/10/29 
2021/11/01 	48.599998474121094	50.79999923706055	48.25	49.900001525878906	728295	2021/11/01 
2021/11/02 	49.79999923706055	49.79999923706055	48.70000076293945	48.95000076293945	459110	2021/11/02 
2021/11/03 	49.29999923706055	49.29999923706055	48.75	48.900001525878906	197100	2021/11/03 
2021/11/04 	48.900001525878906	49.0	48.45000076293945	48.45000076293945	280503	2021/11/04 
2021/11/05 	48.45000076293945	48.599998474121094	48.349998474121094	48.349998474121094	204000	2021/11/05 
2021/11/08 	48.349998474121094	48.54999923706055	48.20000076293945	48.5	103150	2021/11/08 
2021/11/09 	48.5	48.599998474121094	48.25	48.25	174000	2021/11/09 
2021/11/10 	48.29999923706055	48.54999923706055	48.25	48.54999923706055	129400	2021/11/10 
2021/11/11 	48.0	48.25	47.599998474121094	48.150001525878906	319003	2021/11/11 
2021/11/12 	48.150001525878906	48.54999923706055	48.099998474121094	48.25	308100	2021/11/12 
2021/11/15 	48.599998474121094	48.599998474121094	48.099998474121094	48.20000076293945	279255	2021/11/15 
2021/11/16 	48.20000076293945	48.20000076293945	48.099998474121094	48.150001525878906	131300	2021/11/16 
2021/11/17 	48.20000076293945	48.400001525878906	48.150001525878906	48.400001525878906	190430	2021/11/17 
2021/11/18 	48.400001525878906	49.75	48.400001525878906	49.54999923706055	621292	2021/11/18 
2021/11/19 	49.849998474121094	50.400001525878906	49.849998474121094	50.099998474121094	792600	2021/11/19 
2021/11/22 	50.099998474121094	50.099998474121094	49.400001525878906	49.5	460845	2021/11/22 
2021/11/23 	49.04999923706055	49.25	49.04999923706055	49.099998474121094	247110	2021/11/23 
2021/11/24 	49.599998474121094	50.29999923706055	49.150001525878906	50.29999923706055	298499	2021/11/24 
2021/11/25 	50.5	50.79999923706055	50.0	50.099998474121094	403837	2021/11/25 
2021/11/26 	50.0	50.0	49.5	49.599998474121094	247140	2021/11/26 
2021/11/29 	49.099998474121094	49.099998474121094	48.5	49.0	294053	2021/11/29 
2021/11/30 	49.099998474121094	49.29999923706055	49.0	49.099998474121094	208031	2021/11/30 
2021/12/01 	49.099998474121094	49.400001525878906	48.650001525878906	49.20000076293945	182356	2021/12/01 
2021/12/02 	49.150001525878906	49.29999923706055	48.95000076293945	49.0	184500	2021/12/02 
2021/12/03 	49.04999923706055	49.45000076293945	49.0	49.25	139280	2021/12/03 
2021/12/06 	49.04999923706055	49.20000076293945	48.79999923706055	48.900001525878906	207141	2021/12/06 
2021/12/07 	49.0	49.20000076293945	48.900001525878906	48.900001525878906	233350	2021/12/07 
2021/12/08 	49.0	49.25	48.900001525878906	49.099998474121094	269070	2021/12/08 
2021/12/09 	49.29999923706055	49.29999923706055	49.0	49.04999923706055	168179	2021/12/09 
2021/12/10 	49.04999923706055	49.599998474121094	48.95000076293945	49.5	141870	2021/12/10 
2021/12/13 	49.5	49.5	49.0	49.0	221100	2021/12/13 
2021/12/14 	48.900001525878906	49.25	48.70000076293945	48.95000076293945	140130	2021/12/14 
2021/12/15 	48.79999923706055	49.04999923706055	48.79999923706055	49.0	81220	2021/12/15 
2021/12/16 	49.0	49.0	48.900001525878906	49.0	115500	2021/12/16 
2021/12/17 	49.0	49.0	48.900001525878906	48.95000076293945	91123	2021/12/17 
2021/12/20 	48.849998474121094	48.900001525878906	48.79999923706055	48.849998474121094	111086	2021/12/20 
2021/12/21 	48.849998474121094	49.150001525878906	48.5	48.75	330000	2021/12/21 
2021/12/22 	48.849998474121094	49.0	48.5	48.75	130000	2021/12/22 
2021/12/23 	48.75	48.79999923706055	48.650001525878906	48.75	181000	2021/12/23 
2021/12/24 	48.849998474121094	50.70000076293945	48.849998474121094	50.5	1011629	2021/12/24 
2021/12/27 	51.099998474121094	52.70000076293945	50.79999923706055	52.70000076293945	1769808	2021/12/27 
2021/12/28 	52.900001525878906	52.900001525878906	51.099998474121094	51.599998474121094	769115	2021/12/28 
2021/12/29 	51.599998474121094	51.79999923706055	50.0	50.5	936095	2021/12/29 
2021/12/30 	50.5	50.5	49.900001525878906	50.20000076293945	447100	2021/12/30 
2022/01/03 	50.29999923706055	50.29999923706055	49.349998474121094	49.400001525878906	676120	2022/01/03 
2022/01/04 	49.400001525878906	49.900001525878906	49.400001525878906	49.75	151122	2022/01/04 
2022/01/05 	49.400001525878906	49.5	49.099998474121094	49.29999923706055	227000	2022/01/05 
2022/01/06 	49.29999923706055	49.650001525878906	49.29999923706055	49.5	93140	2022/01/06 
2022/01/07 	49.5	49.5	49.150001525878906	49.20000076293945	184000	2022/01/07 
2022/01/10 	49.349998474121094	49.599998474121094	49.20000076293945	49.400001525878906	132010	2022/01/10 
2022/01/11 	49.5	49.54999923706055	49.29999923706055	49.400001525878906	128000	2022/01/11 
2022/01/12 	49.5	49.75	49.45000076293945	49.75	153900	2022/01/12 
2022/01/13 	49.900001525878906	49.95000076293945	49.5	49.70000076293945	148135	2022/01/13 
2022/01/14 	49.650001525878906	49.650001525878906	49.0	49.45000076293945	240050	2022/01/14 
2022/01/17 	49.04999923706055	49.150001525878906	49.0	49.099998474121094	227957	2022/01/17 
2022/01/18 	49.5	49.5	49.099998474121094	49.20000076293945	93954	2022/01/18 
2022/01/19 	49.20000076293945	49.20000076293945	49.04999923706055	49.20000076293945	103344	2022/01/19 
2022/01/20 	49.20000076293945	49.20000076293945	48.900001525878906	49.04999923706055	119001	2022/01/20 
2022/01/21 	49.0	49.0	48.79999923706055	48.79999923706055	159759	2022/01/21 
2022/01/24 	48.70000076293945	48.900001525878906	48.150001525878906	48.599998474121094	117061	2022/01/24 
2022/01/25 	48.599998474121094	48.599998474121094	48.29999923706055	48.29999923706055	166405	2022/01/25 
2022/01/26 	48.150001525878906	48.29999923706055	48.0	48.099998474121094	216150	2022/01/26 
2022/02/07 	48.150001525878906	49.599998474121094	48.150001525878906	49.599998474121094	197000	2022/02/07 
2022/02/08 	50.20000076293945	50.400001525878906	49.349998474121094	49.70000076293945	396070	2022/02/08 
2022/02/09 	49.70000076293945	49.70000076293945	49.25	49.54999923706055	183170	2022/02/09 
2022/02/10 	49.54999923706055	50.0	49.400001525878906	50.0	188072	2022/02/10 
2022/02/11 	49.849998474121094	49.900001525878906	49.650001525878906	49.849998474121094	109000	2022/02/11 
2022/02/14 	49.599998474121094	49.599998474121094	48.79999923706055	48.79999923706055	277200	2022/02/14 
2022/02/15 	48.79999923706055	48.95000076293945	48.650001525878906	48.75	85045	2022/02/15 
2022/02/16 	49.20000076293945	49.20000076293945	48.79999923706055	48.900001525878906	88000	2022/02/16 
2022/02/17 	48.79999923706055	49.0	48.75	48.95000076293945	71050	2022/02/17 
2022/02/18 	48.650001525878906	48.900001525878906	48.650001525878906	48.75	110084	2022/02/18 
2022/02/21 	48.75	49.25	48.75	49.150001525878906	173001	2022/02/21 
2022/02/22 	49.150001525878906	49.150001525878906	48.54999923706055	48.650001525878906	174051	2022/02/22 
2022/02/23 	48.54999923706055	48.900001525878906	48.54999923706055	48.900001525878906	113100	2022/02/23 
2022/02/24 	48.54999923706055	48.75	48.29999923706055	48.45000076293945	224000	2022/02/24 
2022/02/25 	48.5	48.70000076293945	48.45000076293945	48.45000076293945	107000	2022/02/25 
2022/03/01 	48.45000076293945	48.70000076293945	48.45000076293945	48.599998474121094	121586	2022/03/01 
2022/03/02 	48.54999923706055	49.04999923706055	48.54999923706055	48.900001525878906	160030	2022/03/02 
2022/03/03 	48.900001525878906	49.0	48.70000076293945	48.75	118344	2022/03/03 
2022/03/04 	48.75	48.75	48.45000076293945	48.599998474121094	119312	2022/03/04 
2022/03/07 	48.099998474121094	48.20000076293945	47.70000076293945	47.95000076293945	320424	2022/03/07 
2022/03/08 	47.900001525878906	47.900001525878906	47.45000076293945	47.5	198547	2022/03/08 
2022/03/09 	47.5	47.95000076293945	47.5	47.54999923706055	113132	2022/03/09 
2022/03/10 	47.54999923706055	47.95000076293945	47.54999923706055	47.75	95300	2022/03/10 
2022/03/11 	48.29999923706055	48.54999923706055	48.29999923706055	48.400001525878906	205132	2022/03/11 
2022/03/14 	48.400001525878906	49.099998474121094	48.400001525878906	48.900001525878906	195163	2022/03/14 
2022/03/15 	48.5	48.599998474121094	48.349998474121094	48.400001525878906	168000	2022/03/15 
2022/03/16 	48.5	48.70000076293945	48.349998474121094	48.349998474121094	87000	2022/03/16 
2022/03/17 	48.5	48.900001525878906	48.45000076293945	48.79999923706055	169012	2022/03/17 
2022/03/18 	48.79999923706055	48.79999923706055	48.0	48.0	180290	2022/03/18 
2022/03/21 	48.45000076293945	48.54999923706055	48.20000076293945	48.5	143000	2022/03/21 
2022/03/22 	48.5	48.54999923706055	48.45000076293945	48.5	103000	2022/03/22 
2022/03/23 	48.75	48.900001525878906	48.75	48.849998474121094	179001	2022/03/23 
2022/03/24 	48.75	48.849998474121094	48.45000076293945	48.70000076293945	139059	2022/03/24 
2022/03/25 	48.5	48.650001525878906	48.29999923706055	48.5	110003	2022/03/25 
2022/03/28 	48.29999923706055	48.5	48.20000076293945	48.400001525878906	79086	2022/03/28 
2022/03/29 	48.45000076293945	48.54999923706055	48.400001525878906	48.45000076293945	77990	2022/03/29 
2022/03/30 	48.5	48.79999923706055	48.400001525878906	48.79999923706055	179100	2022/03/30 
2022/03/31 	48.599998474121094	48.650001525878906	48.45000076293945	48.45000076293945	80098	2022/03/31 
2022/04/01 	48.45000076293945	48.54999923706055	48.29999923706055	48.45000076293945	74000	2022/04/01 
2022/04/06 	48.29999923706055	48.5	48.04999923706055	48.150001525878906	185060	2022/04/06 
2022/04/07 	48.04999923706055	48.150001525878906	48.0	48.0	166000	2022/04/07 
2022/04/08 	48.400001525878906	48.400001525878906	48.0	48.150001525878906	46412	2022/04/08 
2022/04/11 	48.04999923706055	48.29999923706055	47.70000076293945	47.79999923706055	203956	2022/04/11 
2022/04/12 	47.650001525878906	47.70000076293945	47.45000076293945	47.45000076293945	243173	2022/04/12 
2022/04/13 	47.45000076293945	47.70000076293945	47.45000076293945	47.650001525878906	105878	2022/04/13 
2022/04/14 	47.75	47.849998474121094	47.70000076293945	47.75	66247	2022/04/14 
2022/04/15 	47.75	47.79999923706055	47.599998474121094	47.599998474121094	89300	2022/04/15 
2022/04/18 	47.599998474121094	47.599998474121094	47.29999923706055	47.400001525878906	131000	2022/04/18 
2022/04/19 	47.5	47.599998474121094	47.400001525878906	47.400001525878906	80050	2022/04/19 
2022/04/20 	47.400001525878906	47.70000076293945	47.29999923706055	47.400001525878906	101000	2022/04/20 
2022/04/21 	47.5	47.70000076293945	47.5	47.599998474121094	71000	2022/04/21 
2022/04/22 	47.5	47.79999923706055	47.45000076293945	47.650001525878906	83200	2022/04/22 
2022/04/25 	47.349998474121094	47.349998474121094	47.099998474121094	47.099998474121094	150096	2022/04/25 
2022/04/26 	47.20000076293945	47.20000076293945	46.79999923706055	47.04999923706055	107086	2022/04/26 
2022/04/27 	46.599998474121094	46.599998474121094	45.79999923706055	46.04999923706055	266300	2022/04/27 
2022/04/28 	46.04999923706055	46.349998474121094	46.04999923706055	46.29999923706055	62437	2022/04/28 
2022/04/29 	46.25	46.45000076293945	46.099998474121094	46.25	97263	2022/04/29 
2022/05/03 	46.25	48.29999923706055	44.79999923706055	46.54999923706055	346344	2022/05/03 
2022/05/04 	46.900001525878906	46.900001525878906	46.54999923706055	46.650001525878906	67250	2022/05/04 
2022/05/05 	46.75	46.79999923706055	46.70000076293945	46.70000076293945	26308	2022/05/05 
2022/05/06 	46.349998474121094	46.54999923706055	46.349998474121094	46.5	55046	2022/05/06 
2022/05/09 	46.099998474121094	46.099998474121094	45.75	45.75	101255	2022/05/09 
2022/05/10 	45.25	45.75	45.25	45.349998474121094	120000	2022/05/10 
2022/05/11 	45.349998474121094	45.349998474121094	44.20000076293945	44.20000076293945	321622	2022/05/11 
2022/05/12 	44.0	44.0	42.0	42.04999923706055	630961	2022/05/12 
2022/05/13 	42.25	43.25	42.25	43.04999923706055	159227	2022/05/13 
2022/05/16 	43.150001525878906	43.20000076293945	42.5	42.75	108451	2022/05/16 
2022/05/17 	42.75	43.5	42.75	43.099998474121094	79030	2022/05/17 
2022/05/18 	42.900001525878906	43.849998474121094	42.849998474121094	43.400001525878906	215134	2022/05/18 
2022/05/19 	43.29999923706055	43.29999923706055	42.54999923706055	42.95000076293945	69005	2022/05/19 
2022/05/20 	42.900001525878906	43.29999923706055	42.900001525878906	43.0	79100	2022/05/20 
2022/05/23 	43.20000076293945	43.20000076293945	42.5	42.54999923706055	84100	2022/05/23 
2022/05/24 	42.5	43.0	42.400001525878906	42.599998474121094	104000	2022/05/24 
2022/05/25 	42.599998474121094	42.79999923706055	42.5	42.70000076293945	63015	2022/05/25 
2022/05/26 	42.70000076293945	43.29999923706055	42.70000076293945	42.95000076293945	103219	2022/05/26 
2022/05/27 	42.79999923706055	43.04999923706055	42.79999923706055	42.95000076293945	85100	2022/05/27 
2022/05/30 	43.0	43.400001525878906	43.0	43.099998474121094	89000	2022/05/30 
2022/05/31 	43.0	43.45000076293945	43.0	43.400001525878906	63050	2022/05/31 
2022/06/01 	43.29999923706055	43.400001525878906	43.099998474121094	43.25	118400	2022/06/01 
2022/06/02 	43.25	43.349998474121094	43.150001525878906	43.29999923706055	66171	2022/06/02 
2022/06/06 	43.29999923706055	43.70000076293945	43.20000076293945	43.70000076293945	74069	2022/06/06 
2022/06/07 	43.400001525878906	43.5	43.29999923706055	43.400001525878906	132183	2022/06/07 
2022/06/08 	43.349998474121094	43.54999923706055	43.29999923706055	43.29999923706055	92000	2022/06/08 
2022/06/09 	43.25	43.5	43.150001525878906	43.29999923706055	115100	2022/06/09 
2022/06/10 	43.0	43.0	42.54999923706055	42.79999923706055	136162	2022/06/10 
2022/06/13 	42.54999923706055	42.54999923706055	42.04999923706055	42.20000076293945	192592	2022/06/13 
2022/06/14 	42.20000076293945	42.25	41.900001525878906	42.20000076293945	89026	2022/06/14 
2022/06/15 	42.20000076293945	43.70000076293945	42.20000076293945	43.20000076293945	241437	2022/06/15 
2022/06/16 	43.25	43.900001525878906	42.45000076293945	42.650001525878906	384250	2022/06/16 
2022/06/17 	42.599998474121094	42.599998474121094	42.20000076293945	42.349998474121094	81850	2022/06/17 
2022/06/20 	42.349998474121094	42.650001525878906	41.20000076293945	41.79999923706055	213000	2022/06/20 
2022/06/21 	41.79999923706055	42.20000076293945	41.79999923706055	42.20000076293945	148005	2022/06/21 
2022/06/22 	42.20000076293945	42.20000076293945	41.54999923706055	41.599998474121094	115150	2022/06/22 
2022/06/23 	41.849998474121094	42.150001525878906	41.349998474121094	41.54999923706055	150100	2022/06/23 
2022/06/24 	42.04999923706055	42.54999923706055	41.900001525878906	41.900001525878906	136000	2022/06/24 
2022/06/27 	42.0	42.75	42.0	42.20000076293945	179034	2022/06/27 
2022/06/28 	42.20000076293945	42.20000076293945	41.79999923706055	42.099998474121094	109470	2022/06/28 
2022/06/29 	41.54999923706055	41.849998474121094	41.54999923706055	41.79999923706055	74800	2022/06/29 
2022/06/30 	41.5	41.5	41.29999923706055	41.349998474121094	276010	2022/06/30 
2022/07/01 	41.099998474121094	41.20000076293945	40.04999923706055	40.150001525878906	337380	2022/07/01 
2022/07/04 	37.5	37.79999923706055	37.45000076293945	37.70000076293945	173310	2022/07/04 
2022/07/05 	38.79999923706055	39.0	38.54999923706055	38.79999923706055	81000	2022/07/05 
2022/07/06 	38.79999923706055	38.849998474121094	38.04999923706055	38.04999923706055	61050	2022/07/06 
2022/07/07 	38.29999923706055	38.349998474121094	38.0	38.0	59999	2022/07/07 
2022/07/08 	38.0	38.29999923706055	38.0	38.099998474121094	39114	2022/07/08 
2022/07/11 	38.099998474121094	38.099998474121094	38.0	38.0	44131	2022/07/11 
2022/07/12 	37.70000076293945	38.0	37.349998474121094	37.400001525878906	117012	2022/07/12 
2022/07/13 	37.79999923706055	37.900001525878906	37.400001525878906	37.400001525878906	54570	2022/07/13 
2022/07/14 	37.25	37.54999923706055	37.25	37.45000076293945	43620	2022/07/14 
2022/07/15 	37.45000076293945	37.79999923706055	37.349998474121094	37.5	93101	2022/07/15 
2022/07/18 	37.5	38.099998474121094	37.5	37.900001525878906	67000	2022/07/18 
2022/07/19 	37.900001525878906	38.70000076293945	37.70000076293945	38.25	92001	2022/07/19 
2022/07/20 	38.25	38.75	38.25	38.25	83036	2022/07/20 
2022/07/21 	38.29999923706055	38.599998474121094	38.25	38.5	52000	2022/07/21 
2022/07/22 	38.599998474121094	38.599998474121094	38.099998474121094	38.29999923706055	36041	2022/07/22 
2022/07/25 	38.29999923706055	38.349998474121094	38.150001525878906	38.349998474121094	26150	2022/07/25 
2022/07/26 	38.75	38.75	38.349998474121094	38.45000076293945	54077	2022/07/26 
2022/07/27 	38.5	38.599998474121094	38.400001525878906	38.599998474121094	51050	2022/07/27 
2022/07/28 	38.599998474121094	39.20000076293945	38.5	38.650001525878906	87000	2022/07/28 
2022/07/29 	38.75	38.95000076293945	38.70000076293945	38.79999923706055	47000	2022/07/29 
2022/08/01 	38.79999923706055	39.0	38.75	38.95000076293945	43055	2022/08/01 
2022/08/02 	38.79999923706055	38.79999923706055	38.5	38.599998474121094	60000	2022/08/02 
2022/08/03 	38.599998474121094	38.75	38.54999923706055	38.599998474121094	51192	2022/08/03 
2022/08/04 	38.599998474121094	38.70000076293945	38.04999923706055	38.400001525878906	70660	2022/08/04 
2022/08/05 	38.400001525878906	38.650001525878906	38.400001525878906	38.599998474121094	55100	2022/08/05 
2022/08/08 	38.599998474121094	38.79999923706055	38.599998474121094	38.650001525878906	44000	2022/08/08 
2022/08/09 	38.599998474121094	38.900001525878906	38.599998474121094	38.79999923706055	37000	2022/08/09 
2022/08/10 	38.79999923706055	38.95000076293945	38.599998474121094	38.95000076293945	33196	2022/08/10 
2022/08/11 	38.900001525878906	39.099998474121094	38.900001525878906	39.0	70271	2022/08/11 
2022/08/12 	39.0	39.0	38.79999923706055	39.0	64421	2022/08/12 
2022/08/15 	39.0	39.04999923706055	38.79999923706055	39.0	62004	2022/08/15 
2022/08/16 	39.0	39.150001525878906	39.0	39.04999923706055	88100	2022/08/16 
2022/08/17 	39.04999923706055	39.04999923706055	38.900001525878906	38.900001525878906	102000	2022/08/17 
2022/08/18 	38.900001525878906	38.900001525878906	38.70000076293945	38.849998474121094	44701	2022/08/18 
2022/08/19 	38.54999923706055	38.75	38.54999923706055	38.650001525878906	60010	2022/08/19 
2022/08/22 	39.45000076293945	39.599998474121094	39.0	39.099998474121094	154000	2022/08/22 
2022/08/23 	39.0	39.0	38.54999923706055	38.79999923706055	66100	2022/08/23 
2022/08/24 	38.849998474121094	38.849998474121094	38.650001525878906	38.75	40150	2022/08/24 
2022/08/25 	38.79999923706055	39.04999923706055	38.75	39.0	63036	2022/08/25 
2022/08/26 	39.20000076293945	39.20000076293945	38.900001525878906	39.0	68000	2022/08/26 
2022/08/29 	38.70000076293945	38.70000076293945	38.20000076293945	38.400001525878906	83000	2022/08/29 
2022/08/30 	38.400001525878906	38.599998474121094	38.349998474121094	38.54999923706055	39077	2022/08/30 
2022/08/31 	38.599998474121094	38.75	38.54999923706055	38.70000076293945	29030	2022/08/31 
2022/09/01 	38.599998474121094	38.70000076293945	38.150001525878906	38.349998474121094	86026	2022/09/01 
2022/09/02 	38.349998474121094	38.400001525878906	38.20000076293945	38.25	31130	2022/09/02 
2022/09/05 	38.20000076293945	38.20000076293945	38.04999923706055	38.150001525878906	37000	2022/09/05 
2022/09/06 	38.25	38.25	38.099998474121094	38.150001525878906	55020	2022/09/06 
2022/09/07 	38.150001525878906	38.150001525878906	37.900001525878906	37.900001525878906	79001	2022/09/07 
2022/09/08 	37.95000076293945	38.0	37.5	37.849998474121094	124000	2022/09/08 
2022/09/12 	38.0	38.45000076293945	38.0	38.20000076293945	24000	2022/09/12 
2022/09/13 	38.349998474121094	38.349998474121094	38.20000076293945	38.349998474121094	33200	2022/09/13 
2022/09/14 	38.25	38.29999923706055	38.0	38.04999923706055	83100	2022/09/14 
2022/09/15 	37.79999923706055	38.20000076293945	37.79999923706055	38.099998474121094	43030	2022/09/15 
2022/09/16 	37.79999923706055	38.099998474121094	37.79999923706055	38.0	44042	2022/09/16 
2022/09/19 	38.0	38.099998474121094	37.79999923706055	37.900001525878906	40000	2022/09/19 
2022/09/20 	38.0	38.04999923706055	37.900001525878906	37.900001525878906	31000	2022/09/20 
2022/09/21 	37.900001525878906	37.95000076293945	37.849998474121094	37.849998474121094	18160	2022/09/21 
2022/09/22 	37.70000076293945	37.79999923706055	37.45000076293945	37.54999923706055	74262	2022/09/22 
2022/09/23 	37.54999923706055	37.599998474121094	37.349998474121094	37.400001525878906	48000	2022/09/23 
2022/09/26 	37.400001525878906	37.400001525878906	36.79999923706055	36.900001525878906	108452	2022/09/26 
2022/09/27 	37.349998474121094	37.349998474121094	36.79999923706055	36.79999923706055	62009	2022/09/27 
2022/09/28 	36.849998474121094	36.849998474121094	35.75	35.75	134000	2022/09/28 
2022/09/29 	35.75	35.900001525878906	35.75	35.900001525878906	76030	2022/09/29 
2022/09/30 	35.650001525878906	36.20000076293945	35.5	35.849998474121094	57270	2022/09/30 
2022/10/03 	35.95000076293945	36.0	35.5	35.70000076293945	45749	2022/10/03 
2022/10/04 	35.70000076293945	35.900001525878906	35.650001525878906	35.75	90100	2022/10/04 
2022/10/05 	35.599998474121094	35.900001525878906	35.599998474121094	35.75	50083	2022/10/05 
2022/10/06 	35.54999923706055	35.70000076293945	35.5	35.650001525878906	31053	2022/10/06 
2022/10/07 	35.70000076293945	35.79999923706055	35.5	35.79999923706055	48000	2022/10/07 
2022/10/11 	35.5	35.5	34.900001525878906	35.099998474121094	104055	2022/10/11 
2022/10/12 	35.150001525878906	35.150001525878906	34.900001525878906	35.0	33041	2022/10/12 
2022/10/13 	35.0	35.099998474121094	34.650001525878906	34.650001525878906	63100	2022/10/13 
2022/10/14 	34.849998474121094	35.29999923706055	34.849998474121094	35.099998474121094	93015	2022/10/14 
2022/10/17 	35.0	35.0	34.400001525878906	34.79999923706055	85000	2022/10/17 
2022/10/18 	35.099998474121094	35.099998474121094	34.70000076293945	34.70000076293945	21015	2022/10/18 
2022/10/19 	34.70000076293945	34.75	34.599998474121094	34.650001525878906	52357	2022/10/19 
2022/10/20 	34.5	34.5	34.150001525878906	34.25	41270	2022/10/20 
2022/10/21 	34.25	34.5	34.25	34.29999923706055	27000	2022/10/21 
2022/10/24 	34.349998474121094	34.70000076293945	34.349998474121094	34.599998474121094	59000	2022/10/24 
2022/10/25 	34.849998474121094	34.849998474121094	34.45000076293945	34.849998474121094	31094	2022/10/25 
2022/10/26 	34.79999923706055	34.95000076293945	34.599998474121094	34.75	23178	2022/10/26 
2022/10/27 	34.75	35.0	34.650001525878906	34.900001525878906	67000	2022/10/27 
2022/10/28 	35.150001525878906	35.150001525878906	34.900001525878906	34.900001525878906	35000	2022/10/28 
2022/10/31 	35.29999923706055	35.29999923706055	34.900001525878906	34.900001525878906	15015	2022/10/31 
2022/11/01 	35.04999923706055	35.04999923706055	34.849998474121094	34.95000076293945	16015	2022/11/01 
2022/11/02 	34.95000076293945	35.45000076293945	34.95000076293945	35.29999923706055	32000	2022/11/02 
2022/11/03 	35.04999923706055	35.20000076293945	35.0	35.20000076293945	10001	2022/11/03 
2022/11/04 	35.0	35.20000076293945	34.79999923706055	35.20000076293945	34000	2022/11/04 
2022/11/07 	35.349998474121094	35.349998474121094	35.04999923706055	35.150001525878906	23500	2022/11/07 
2022/11/08 	35.20000076293945	35.25	35.0	35.150001525878906	38001	2022/11/08 
2022/11/09 	35.150001525878906	35.349998474121094	35.150001525878906	35.349998474121094	34014	2022/11/09 
2022/11/10 	35.29999923706055	35.400001525878906	35.150001525878906	35.25	17000	2022/11/10 
2022/11/11 	35.5	35.5	35.099998474121094	35.29999923706055	69017	2022/11/11 
2022/11/14 	35.20000076293945	35.349998474121094	35.0	35.349998474121094	46000	2022/11/14 
2022/11/15 	35.20000076293945	35.95000076293945	35.20000076293945	35.95000076293945	62050	2022/11/15 
2022/11/16 	36.150001525878906	36.150001525878906	35.599998474121094	35.599998474121094	56150	2022/11/16 
2022/11/17 	35.95000076293945	36.04999923706055	35.70000076293945	35.95000076293945	51669	2022/11/17 
2022/11/18 	35.95000076293945	36.150001525878906	35.650001525878906	35.95000076293945	72100	2022/11/18 
2022/11/21 	35.95000076293945	35.95000076293945	35.599998474121094	35.650001525878906	53000	2022/11/21 
2022/11/22 	35.5	35.70000076293945	35.349998474121094	35.400001525878906	55215	2022/11/22 
2022/11/23 	35.5	35.5	35.400001525878906	35.45000076293945	45255	2022/11/23 
2022/11/24 	35.54999923706055	35.900001525878906	35.45000076293945	35.849998474121094	91045	2022/11/24 
2022/11/25 	35.900001525878906	35.900001525878906	35.599998474121094	35.650001525878906	78100	2022/11/25 
2022/11/28 	35.650001525878906	35.70000076293945	35.400001525878906	35.70000076293945	36089	2022/11/28 
2022/11/29 	35.849998474121094	35.849998474121094	35.599998474121094	35.79999923706055	28001	2022/11/29 
2022/11/30 	35.79999923706055	36.0	35.79999923706055	35.95000076293945	72083	2022/11/30 
2022/12/01 	36.099998474121094	36.29999923706055	36.099998474121094	36.20000076293945	125050	2022/12/01 
2022/12/02 	36.29999923706055	36.650001525878906	36.150001525878906	36.650001525878906	72441	2022/12/02 
2022/12/05 	36.650001525878906	36.95000076293945	36.54999923706055	36.75	95000	2022/12/05 
2022/12/06 	36.79999923706055	36.849998474121094	36.20000076293945	36.5	168264	2022/12/06 
2022/12/07 	36.099998474121094	36.5	36.099998474121094	36.400001525878906	38200	2022/12/07 
2022/12/08 	36.099998474121094	36.25	36.04999923706055	36.099998474121094	46030	2022/12/08 
2022/12/09 	36.20000076293945	36.29999923706055	36.04999923706055	36.099998474121094	44000	2022/12/09 
2022/12/12 	36.5	36.5	36.25	36.25	32108	2022/12/12 
2022/12/13 	36.20000076293945	36.25	36.20000076293945	36.20000076293945	27000	2022/12/13 
2022/12/14 	36.29999923706055	36.54999923706055	36.29999923706055	36.5	46000	2022/12/14 
2022/12/15 	36.5	36.599998474121094	36.45000076293945	36.45000076293945	32000	2022/12/15 
2022/12/16 	36.099998474121094	36.29999923706055	36.04999923706055	36.04999923706055	51080	2022/12/16 
2022/12/19 	35.900001525878906	36.29999923706055	35.900001525878906	35.95000076293945	28230	2022/12/19 
2022/12/20 	35.849998474121094	36.0	35.75	35.79999923706055	45080	2022/12/20 
2022/12/21 	35.79999923706055	35.849998474121094	35.54999923706055	35.75	29335	2022/12/21 
2022/12/22 	35.79999923706055	35.95000076293945	35.54999923706055	35.599998474121094	25000	2022/12/22 
2022/12/23 	35.25	35.54999923706055	35.04999923706055	35.400001525878906	61000	2022/12/23 
2022/12/26 	35.5	35.5	35.04999923706055	35.04999923706055	56107	2022/12/26 
2022/12/27 	35.20000076293945	35.20000076293945	35.0	35.04999923706055	58006	2022/12/27 
2022/12/28 	35.04999923706055	35.25	34.79999923706055	34.900001525878906	79141	2022/12/28 
2022/12/29 	34.79999923706055	34.79999923706055	34.5	34.70000076293945	197057	2022/12/29 
2022/12/30 	34.79999923706055	34.95000076293945	34.650001525878906	34.95000076293945	73000	2022/12/30 
2023/01/03 	34.79999923706055	34.95000076293945	34.599998474121094	34.95000076293945	20130	2023/01/03 
2023/01/04 	34.95000076293945	35.150001525878906	34.95000076293945	34.95000076293945	23000	2023/01/04 
2023/01/05 	35.099998474121094	35.099998474121094	35.0	35.099998474121094	18000	2023/01/05 
2023/01/06 	35.0	35.0	34.900001525878906	35.0	49030	2023/01/06 
2023/01/09 	35.0	35.29999923706055	35.0	35.29999923706055	55000	2023/01/09 
2023/01/10 	35.29999923706055	35.400001525878906	35.0	35.29999923706055	29050	2023/01/10 
2023/01/11 	35.349998474121094	35.75	35.349998474121094	35.75	51500	2023/01/11 
2023/01/12 	35.75	35.849998474121094	35.75	35.79999923706055	47033	2023/01/12 
2023/01/13 	35.79999923706055	35.849998474121094	35.650001525878906	35.70000076293945	56030	2023/01/13 
2023/01/16 	35.79999923706055	36.099998474121094	35.75	36.04999923706055	97135	2023/01/16 
2023/01/17 	36.04999923706055	36.79999923706055	36.04999923706055	36.650001525878906	103100	2023/01/17 
2023/01/30 	36.70000076293945	37.349998474121094	36.70000076293945	37.0	129129	2023/01/30 
2023/01/31 	37.0	37.20000076293945	36.900001525878906	37.099998474121094	60355	2023/01/31 
2023/02/01 	37.099998474121094	37.150001525878906	37.0	37.04999923706055	46115	2023/02/01 
2023/02/02 	37.25	38.79999923706055	37.25	38.04999923706055	127430	2023/02/02 
2023/02/03 	37.849998474121094	38.20000076293945	37.75	38.150001525878906	101030	2023/02/03 
2023/02/06 	38.150001525878906	38.54999923706055	37.900001525878906	38.099998474121094	76489	2023/02/06 
2023/02/07 	38.099998474121094	38.150001525878906	37.95000076293945	38.099998474121094	61050	2023/02/07 
2023/02/08 	37.900001525878906	38.70000076293945	37.900001525878906	38.400001525878906	104328	2023/02/08 
2023/02/09 	38.099998474121094	38.400001525878906	38.099998474121094	38.150001525878906	55000	2023/02/09 
2023/02/10 	38.04999923706055	38.04999923706055	37.79999923706055	38.0	81497	2023/02/10 
2023/02/13 	37.900001525878906	38.0	37.599998474121094	37.75	61030	2023/02/13 
2023/02/14 	37.70000076293945	37.849998474121094	37.70000076293945	37.70000076293945	23002	2023/02/14 
2023/02/15 	38.0	38.0	37.5	37.599998474121094	34320	2023/02/15 
2023/02/16 	37.650001525878906	37.79999923706055	37.54999923706055	37.650001525878906	25102	2023/02/16 
2023/02/17 	37.650001525878906	38.099998474121094	37.650001525878906	37.849998474121094	33109	2023/02/17 
2023/02/20 	38.0	38.0	37.5	37.5	142005	2023/02/20 
2023/02/21 	37.900001525878906	37.900001525878906	37.45000076293945	37.5	90031	2023/02/21 
2023/02/22 	37.5	37.5	37.150001525878906	37.400001525878906	70000	2023/02/22 
2023/02/23 	37.75	37.79999923706055	37.5	37.5	128123	2023/02/23 
