Date	Open	High	Low	Close	Volume	Date
2020/11/19 	100.0	117.5	96.0	103.0	484065	2020/11/19 
2020/11/20 	105.0	110.5	102.0	110.0	958285	2020/11/20 
2020/11/23 	115.0	119.5	110.5	116.0	644096	2020/11/23 
2020/11/24 	114.5	115.5	111.0	111.5	358795	2020/11/24 
2020/11/25 	110.5	111.0	108.5	110.0	235740	2020/11/25 
2020/11/26 	109.0	110.0	107.5	108.5	139050	2020/11/26 
2020/11/27 	109.0	116.0	108.0	109.5	383061	2020/11/27 
2020/11/30 	109.0	109.5	105.0	107.0	304325	2020/11/30 
2020/12/01 	105.0	107.0	104.0	106.5	108490	2020/12/01 
2020/12/02 	107.5	108.0	105.5	106.5	84281	2020/12/02 
2020/12/03 	106.5	106.5	102.5	103.5	130860	2020/12/03 
2020/12/04 	102.5	103.0	100.5	101.0	163234	2020/12/04 
2020/12/07 	100.5	101.0	95.69999694824219	96.4000015258789	253923	2020/12/07 
2020/12/08 	97.0	97.0	91.0	91.5	232910	2020/12/08 
2020/12/09 	90.0	95.9000015258789	87.0	95.30000305175781	283706	2020/12/09 
2020/12/10 	95.9000015258789	95.9000015258789	92.80000305175781	93.80000305175781	75367	2020/12/10 
2020/12/11 	94.4000015258789	97.30000305175781	91.80000305175781	96.5	148592	2020/12/11 
2020/12/14 	97.9000015258789	102.5	95.80000305175781	101.0	173531	2020/12/14 
2020/12/15 	102.0	102.0	96.5	97.5	101060	2020/12/15 
2020/12/16 	98.4000015258789	98.4000015258789	96.19999694824219	98.0999984741211	18146	2020/12/16 
2020/12/17 	98.0	98.5	97.0999984741211	98.19999694824219	20400	2020/12/17 
2020/12/18 	96.30000305175781	98.5	96.19999694824219	97.0999984741211	85700	2020/12/18 
2020/12/21 	98.5999984741211	103.5	97.4000015258789	100.0	142330	2020/12/21 
2020/12/22 	99.5	101.5	95.0999984741211	95.0999984741211	92611	2020/12/22 
2020/12/23 	93.0999984741211	96.69999694824219	92.5	96.0	49916	2020/12/23 
2020/12/24 	97.4000015258789	97.4000015258789	94.19999694824219	94.5999984741211	33800	2020/12/24 
2020/12/25 	94.0999984741211	96.0	93.5999984741211	94.4000015258789	123626	2020/12/25 
2020/12/28 	94.5	96.0	93.69999694824219	94.30000305175781	51960	2020/12/28 
2020/12/29 	93.5999984741211	94.30000305175781	93.5	93.5	52050	2020/12/29 
2020/12/30 	94.0	94.9000015258789	93.5999984741211	94.4000015258789	35361	2020/12/30 
2020/12/31 	94.4000015258789	94.9000015258789	93.69999694824219	93.69999694824219	29310	2020/12/31 
2021/01/04 	95.0	99.5	94.0	96.30000305175781	185525	2021/01/04 
2021/01/05 	94.69999694824219	98.4000015258789	94.5999984741211	97.80000305175781	75207	2021/01/05 
2021/01/06 	98.4000015258789	104.5	98.0	102.0	585595	2021/01/06 
2021/01/07 	104.0	106.5	98.5	99.0	404120	2021/01/07 
2021/01/08 	98.5	100.0	95.5999984741211	99.5	274598	2021/01/08 
2021/01/11 	96.5	102.5	96.5	102.0	190957	2021/01/11 
2021/01/12 	99.0999984741211	99.5	97.0	98.0	102820	2021/01/12 
2021/01/13 	97.0	98.5	96.0	97.5999984741211	83569	2021/01/13 
2021/01/14 	97.30000305175781	98.0	94.69999694824219	96.9000015258789	147010	2021/01/14 
2021/01/15 	96.9000015258789	96.9000015258789	94.19999694824219	94.5	135314	2021/01/15 
2021/01/18 	94.0	94.0	91.5999984741211	92.4000015258789	136640	2021/01/18 
2021/01/19 	92.30000305175781	95.0	92.0	93.0	57601	2021/01/19 
2021/01/20 	92.5	92.5	90.69999694824219	91.0	90648	2021/01/20 
2021/01/21 	90.69999694824219	91.69999694824219	89.5999984741211	90.0	126430	2021/01/21 
2021/01/22 	90.0999984741211	90.19999694824219	88.69999694824219	89.0	66890	2021/01/22 
2021/01/25 	89.69999694824219	89.69999694824219	87.9000015258789	89.5	41216	2021/01/25 
2021/01/26 	88.5	88.80000305175781	87.5999984741211	87.9000015258789	72894	2021/01/26 
2021/01/27 	88.30000305175781	93.0999984741211	88.0	91.0	73721	2021/01/27 
2021/01/28 	90.5999984741211	91.30000305175781	89.5	91.30000305175781	55362	2021/01/28 
2021/01/29 	93.5	102.0	93.4000015258789	96.69999694824219	424200	2021/01/29 
2021/02/01 	97.0999984741211	98.9000015258789	92.80000305175781	92.80000305175781	126004	2021/02/01 
2021/02/02 	92.0999984741211	93.69999694824219	91.0	92.19999694824219	85093	2021/02/02 
2021/02/03 	91.0999984741211	92.19999694824219	91.0	91.0	17500	2021/02/03 
2021/02/04 	90.9000015258789	92.9000015258789	89.4000015258789	90.80000305175781	31201	2021/02/04 
2021/02/05 	91.4000015258789	93.5	91.4000015258789	93.0	40000	2021/02/05 
2021/02/17 	93.5	97.5	93.0	94.30000305175781	211506	2021/02/17 
2021/02/18 	100.0	116.0	98.0	114.5	1809974	2021/02/18 
2021/02/19 	115.5	144.0	112.5	144.0	1883508	2021/02/19 
2021/02/22 	139.5	152.0	133.0	148.0	1858084	2021/02/22 
2021/02/23 	144.0	148.0	128.5	140.5	1127176	2021/02/23 
2021/02/24 	136.0	145.5	131.5	138.5	561053	2021/02/24 
2021/02/25 	140.5	144.0	134.0	136.0	469872	2021/02/25 
2021/02/26 	133.0	133.0	128.0	129.5	376625	2021/02/26 
2021/03/02 	131.5	135.5	125.5	129.5	296495	2021/03/02 
2021/03/03 	128.0	128.0	118.5	122.0	347330	2021/03/03 
2021/03/04 	122.5	122.5	118.0	119.0	143497	2021/03/04 
2021/03/05 	118.0	121.0	112.5	120.5	162043	2021/03/05 
2021/03/08 	122.0	122.5	115.0	118.0	216006	2021/03/08 
2021/03/09 	116.5	116.5	112.5	113.5	172741	2021/03/09 
2021/03/10 	114.0	114.5	104.5	105.0	382077	2021/03/10 
2021/03/11 	107.0	119.5	105.0	113.5	263635	2021/03/11 
2021/03/12 	115.0	115.5	109.0	110.0	105475	2021/03/12 
2021/03/15 	110.5	112.5	108.0	110.5	139174	2021/03/15 
2021/03/16 	111.0	124.5	110.5	121.0	479383	2021/03/16 
2021/03/17 	122.5	125.5	113.5	118.0	247124	2021/03/17 
2021/03/18 	116.5	118.0	114.5	115.0	163730	2021/03/18 
2021/03/19 	114.5	116.5	110.0	114.5	134224	2021/03/19 
2021/03/22 	114.5	115.5	113.5	114.5	174806	2021/03/22 
2021/03/23 	114.0	115.5	114.0	115.0	138710	2021/03/23 
2021/03/24 	115.0	120.5	114.5	116.5	193310	2021/03/24 
2021/03/25 	118.0	118.5	116.5	118.0	54200	2021/03/25 
2021/03/26 	116.5	118.5	116.5	117.5	63395	2021/03/26 
2021/03/29 	120.5	126.0	119.0	122.5	355958	2021/03/29 
2021/03/30 	122.5	131.0	122.5	128.0	321225	2021/03/30 
2021/03/31 	128.5	132.0	123.0	124.0	344949	2021/03/31 
2021/04/01 	125.5	126.5	121.5	125.5	269122	2021/04/01 
2021/04/07 	125.0	132.0	122.0	132.0	499921	2021/04/07 
2021/04/08 	132.0	136.0	130.0	131.5	449436	2021/04/08 
2021/04/09 	134.0	150.5	134.0	148.0	1493859	2021/04/09 
2021/04/12 	149.0	151.5	138.0	139.5	591683	2021/04/12 
2021/04/13 	140.5	140.5	127.0	131.0	511770	2021/04/13 
2021/04/14 	135.0	138.0	124.0	129.0	327225	2021/04/14 
2021/04/15 	128.5	130.0	125.0	130.0	184663	2021/04/15 
2021/04/16 	131.0	138.0	128.5	135.5	302654	2021/04/16 
2021/04/19 	134.5	136.5	130.0	130.5	188300	2021/04/19 
2021/04/20 	130.5	131.0	129.0	130.0	121990	2021/04/20 
2021/04/21 	130.5	132.0	128.5	130.0	134880	2021/04/21 
2021/04/22 	129.5	131.0	125.0	127.0	183881	2021/04/22 
2021/04/23 	126.0	130.0	126.0	128.5	42130	2021/04/23 
2021/04/26 	126.0	127.5	125.0	125.5	110275	2021/04/26 
2021/04/27 	126.5	127.5	124.5	125.5	75048	2021/04/27 
2021/04/28 	125.0	127.0	119.5	124.5	177971	2021/04/28 
2021/04/29 	120.0	122.0	120.0	121.0	117039	2021/04/29 
2021/05/03 	120.0	121.0	114.5	115.5	238946	2021/05/03 
2021/05/04 	114.0	115.5	99.80000305175781	110.5	276919	2021/05/04 
2021/05/05 	110.0	116.5	109.5	112.0	67560	2021/05/05 
2021/05/06 	113.0	115.5	112.0	112.0	51771	2021/05/06 
2021/05/07 	114.5	115.5	114.0	115.0	39871	2021/05/07 
2021/05/10 	115.0	116.0	113.5	114.5	19183	2021/05/10 
2021/05/11 	112.0	113.0	103.0	103.5	179870	2021/05/11 
2021/05/12 	102.5	104.0	96.0	98.69999694824219	240035	2021/05/12 
2021/05/13 	97.0	99.30000305175781	97.0	99.30000305175781	117530	2021/05/13 
2021/05/14 	99.4000015258789	104.0	98.0	98.5	128407	2021/05/14 
2021/05/17 	97.80000305175781	97.80000305175781	90.0	93.80000305175781	83955	2021/05/17 
2021/05/18 	93.0	98.0	93.0	98.0	37300	2021/05/18 
2021/05/19 	97.80000305175781	98.9000015258789	92.19999694824219	96.0	213487	2021/05/19 
2021/05/20 	94.30000305175781	96.69999694824219	89.80000305175781	93.5	72640	2021/05/20 
2021/05/21 	94.0	99.9000015258789	94.0	99.5	72500	2021/05/21 
2021/05/24 	99.5	99.5	99.5	99.5	0	2021/05/24 
2021/05/25 	99.5	99.5	99.5	99.5	0	2021/05/25 
2021/05/26 	99.5	99.5	99.5	99.5	0	2021/05/26 
2021/05/27 	99.5	99.5	99.5	99.5	0	2021/05/27 
2021/05/28 	99.5	99.5	99.5	99.5	0	2021/05/28 
2021/05/31 	99.5	99.5	99.5	99.5	0	2021/05/31 
2021/06/01 	99.5	99.5	99.5	99.5	0	2021/06/01 
2021/06/02 	99.5	99.5	99.5	99.5	0	2021/06/02 
2021/06/03 	99.5	99.5	99.5	99.5	0	2021/06/03 
2021/06/04 	99.5	99.5	99.5	99.5	0	2021/06/04 
2021/06/07 	99.5	99.5	99.5	99.5	0	2021/06/07 
2021/06/08 	109.5	109.5	106.5	109.5	5640	2021/06/08 
2021/06/09 	109.5	110.5	107.0	110.5	73250	2021/06/09 
2021/06/10 	111.0	112.5	110.0	111.5	44610	2021/06/10 
2021/06/11 	112.0	113.0	111.0	112.5	12810	2021/06/11 
2021/06/15 	112.5	115.0	112.0	113.5	38210	2021/06/15 
2021/06/16 	113.5	114.0	112.5	114.0	9414	2021/06/16 
2021/06/17 	111.0	114.0	110.5	113.0	34355	2021/06/17 
2021/06/18 	114.0	117.0	113.5	116.5	66647	2021/06/18 
2021/06/21 	117.5	118.0	113.5	114.5	62305	2021/06/21 
2021/06/22 	114.0	117.0	113.5	114.0	20745	2021/06/22 
2021/06/23 	115.0	118.0	114.5	118.0	22140	2021/06/23 
2021/06/24 	115.5	120.0	115.5	120.0	39041	2021/06/24 
2021/06/25 	121.0	125.5	117.0	119.0	94732	2021/06/25 
2021/06/28 	119.0	119.0	115.5	117.0	66945	2021/06/28 
2021/06/29 	116.5	116.5	112.5	114.5	51550	2021/06/29 
2021/06/30 	115.5	118.0	115.0	115.0	29790	2021/06/30 
2021/07/01 	115.5	115.5	113.5	114.0	37710	2021/07/01 
2021/07/02 	115.0	117.5	114.0	114.0	31450	2021/07/02 
2021/07/05 	117.5	117.5	115.0	115.0	16550	2021/07/05 
2021/07/06 	117.5	118.0	116.0	116.5	39491	2021/07/06 
2021/07/07 	117.5	121.5	117.5	121.0	120330	2021/07/07 
2021/07/08 	122.0	125.0	121.0	122.5	113315	2021/07/08 
2021/07/09 	123.5	124.5	120.5	124.0	71600	2021/07/09 
2021/07/12 	124.5	127.5	124.5	127.5	217836	2021/07/12 
2021/07/13 	128.5	131.0	124.0	124.0	186861	2021/07/13 
2021/07/14 	125.0	130.0	123.5	128.5	146418	2021/07/14 
2021/07/15 	126.5	130.5	126.0	128.0	51835	2021/07/15 
2021/07/16 	126.5	128.5	126.0	127.5	36522	2021/07/16 
2021/07/19 	127.5	127.5	123.5	124.0	73150	2021/07/19 
2021/07/20 	122.0	126.0	120.5	121.0	95103	2021/07/20 
2021/07/21 	121.5	124.5	118.0	119.0	109166	2021/07/21 
2021/07/22 	122.0	126.0	120.5	122.0	138746	2021/07/22 
2021/07/23 	123.0	125.5	122.0	123.5	76700	2021/07/23 
2021/07/26 	124.5	125.5	123.5	124.0	69760	2021/07/26 
2021/07/27 	125.5	133.5	124.5	125.0	290039	2021/07/27 
2021/07/28 	126.0	128.0	119.5	124.5	122509	2021/07/28 
2021/07/29 	125.0	132.0	125.0	130.5	338160	2021/07/29 
2021/07/30 	131.0	137.0	130.0	131.5	257167	2021/07/30 
2021/08/02 	132.0	132.0	126.5	129.0	106772	2021/08/02 
2021/08/03 	130.0	130.0	126.5	129.0	58711	2021/08/03 
2021/08/04 	130.0	130.0	126.5	127.5	34713	2021/08/04 
2021/08/05 	132.5	144.5	132.0	139.5	446701	2021/08/05 
2021/08/06 	139.5	139.5	130.0	137.5	221198	2021/08/06 
2021/08/09 	138.0	138.5	130.0	131.5	195787	2021/08/09 
2021/08/10 	131.5	132.0	128.5	129.0	118652	2021/08/10 
2021/08/11 	128.5	130.5	124.0	128.0	273927	2021/08/11 
2021/08/12 	125.0	127.0	123.0	124.5	167890	2021/08/12 
2021/08/13 	126.5	126.5	120.0	121.5	165163	2021/08/13 
2021/08/16 	123.0	123.0	117.0	118.5	267497	2021/08/16 
2021/08/17 	118.0	121.5	115.5	115.5	112380	2021/08/17 
2021/08/18 	117.0	126.5	116.0	126.5	150200	2021/08/18 
2021/08/19 	125.0	127.5	120.5	120.5	147606	2021/08/19 
2021/08/20 	121.5	128.5	121.0	127.5	136169	2021/08/20 
2021/08/23 	127.5	131.0	127.0	130.5	168891	2021/08/23 
2021/08/24 	130.5	131.0	127.0	127.0	143808	2021/08/24 
2021/08/25 	127.5	129.5	127.0	127.5	133163	2021/08/25 
2021/08/26 	129.0	130.0	127.5	128.5	182001	2021/08/26 
2021/08/27 	129.0	131.5	128.0	130.0	161366	2021/08/27 
2021/08/30 	132.0	136.5	130.0	130.5	196054	2021/08/30 
2021/08/31 	129.5	133.0	129.0	132.0	51873	2021/08/31 
2021/09/01 	132.0	133.0	129.0	133.0	83484	2021/09/01 
2021/09/02 	131.5	136.0	131.5	132.0	141262	2021/09/02 
2021/09/03 	133.0	135.5	131.0	131.5	116891	2021/09/03 
2021/09/06 	130.0	132.0	129.0	129.5	81233	2021/09/06 
2021/09/07 	131.0	133.5	129.0	130.0	145503	2021/09/07 
2021/09/08 	131.5	131.5	127.5	128.0	100409	2021/09/08 
2021/09/09 	129.5	132.5	129.5	131.5	63740	2021/09/09 
2021/09/10 	132.0	132.0	129.5	129.5	64821	2021/09/10 
2021/09/13 	131.0	132.0	129.5	130.0	54405	2021/09/13 
2021/09/14 	131.0	131.0	129.5	130.0	31329	2021/09/14 
2021/09/15 	130.0	130.5	129.0	130.5	56590	2021/09/15 
2021/09/16 	131.0	132.5	130.0	131.5	43888	2021/09/16 
2021/09/17 	129.5	130.5	129.0	130.0	53400	2021/09/17 
2021/09/22 	129.0	130.0	125.0	129.5	66770	2021/09/22 
2021/09/23 	129.5	131.5	129.0	130.5	136988	2021/09/23 
2021/09/24 	134.0	142.5	133.0	140.5	791979	2021/09/24 
2021/09/27 	137.5	156.5	137.5	148.5	1117681	2021/09/27 
2021/09/28 	148.5	148.5	141.5	146.5	443860	2021/09/28 
2021/09/29 	144.0	157.5	139.5	148.5	682866	2021/09/29 
2021/09/30 	150.0	156.5	146.5	149.5	550693	2021/09/30 
2021/10/01 	149.5	149.5	137.5	140.5	591135	2021/10/01 
2021/10/04 	140.5	145.0	134.5	137.0	323066	2021/10/04 
2021/10/05 	135.0	140.0	130.0	139.0	125207	2021/10/05 
2021/10/06 	137.5	140.0	137.0	137.5	90391	2021/10/06 
2021/10/07 	140.0	140.5	138.5	139.0	65679	2021/10/07 
2021/10/08 	139.5	144.0	138.5	138.5	133284	2021/10/08 
2021/10/12 	137.5	140.5	134.0	134.5	134701	2021/10/12 
2021/10/13 	134.5	134.5	130.0	130.0	204193	2021/10/13 
2021/10/14 	131.5	131.5	127.5	128.5	173324	2021/10/14 
2021/10/15 	129.5	131.0	129.5	129.5	107750	2021/10/15 
2021/10/18 	130.0	130.5	128.0	128.0	104568	2021/10/18 
2021/10/19 	129.5	130.5	128.5	129.5	101940	2021/10/19 
2021/10/20 	130.0	133.0	130.0	132.5	96771	2021/10/20 
2021/10/21 	134.5	136.0	133.0	134.0	107061	2021/10/21 
2021/10/22 	132.5	133.5	132.0	132.5	51970	2021/10/22 
2021/10/25 	133.0	134.0	129.5	132.0	88633	2021/10/25 
2021/10/26 	132.0	142.5	132.0	140.0	430838	2021/10/26 
2021/10/27 	141.0	145.0	138.0	141.5	265853	2021/10/27 
2021/10/28 	141.5	145.5	139.5	143.0	301246	2021/10/28 
2021/10/29 	144.0	150.0	140.0	147.0	245921	2021/10/29 
2021/11/01 	144.5	152.0	142.5	151.0	637446	2021/11/01 
2021/11/02 	152.0	152.5	146.0	147.5	368634	2021/11/02 
2021/11/03 	144.0	145.0	137.5	139.0	432571	2021/11/03 
2021/11/04 	139.5	141.5	136.5	138.0	179488	2021/11/04 
2021/11/05 	138.5	139.0	134.5	136.0	208349	2021/11/05 
2021/11/08 	136.0	141.0	136.0	139.5	240788	2021/11/08 
2021/11/09 	141.0	145.5	139.0	143.0	231240	2021/11/09 
2021/11/10 	143.5	144.5	139.5	140.5	165246	2021/11/10 
2021/11/11 	142.0	143.5	137.5	142.5	515420	2021/11/11 
2021/11/12 	142.0	150.5	141.0	150.5	843502	2021/11/12 
2021/11/15 	150.5	161.5	150.5	159.5	1951674	2021/11/15 
2021/11/16 	163.0	172.0	159.0	165.5	1887496	2021/11/16 
2021/11/17 	165.0	173.0	164.0	171.0	1446311	2021/11/17 
2021/11/18 	171.0	171.0	160.0	163.5	889562	2021/11/18 
2021/11/19 	164.0	179.5	163.0	177.5	1372681	2021/11/19 
2021/11/22 	179.0	183.5	173.5	175.0	1302221	2021/11/22 
2021/11/23 	179.5	181.0	174.0	177.0	458460	2021/11/23 
2021/11/24 	177.0	192.5	177.0	192.5	1241856	2021/11/24 
2021/11/25 	194.0	195.0	188.0	190.5	634043	2021/11/25 
2021/11/26 	191.5	192.0	180.0	185.5	851612	2021/11/26 
2021/11/29 	183.0	188.0	178.0	186.0	555234	2021/11/29 
2021/11/30 	188.0	189.5	186.0	186.0	392247	2021/11/30 
2021/12/01 	186.0	186.0	178.0	184.0	588696	2021/12/01 
2021/12/02 	185.5	186.0	182.0	184.0	292036	2021/12/02 
2021/12/03 	185.0	193.0	184.0	193.0	725791	2021/12/03 
2021/12/06 	189.0	197.0	187.0	191.0	561477	2021/12/06 
2021/12/07 	192.0	192.0	182.0	183.0	915155	2021/12/07 
2021/12/08 	188.0	200.0	179.5	200.0	2875837	2021/12/08 
2021/12/09 	197.5	216.0	191.0	216.0	2708329	2021/12/09 
2021/12/10 	212.0	222.0	208.5	215.5	2685965	2021/12/10 
2021/12/13 	210.5	220.0	204.0	205.0	2202530	2021/12/13 
2021/12/14 	200.5	208.5	198.0	198.5	1326937	2021/12/14 
2021/12/15 	200.0	208.0	189.5	208.0	1833524	2021/12/15 
2021/12/16 	212.5	228.5	209.5	228.5	2725925	2021/12/16 
2021/12/17 	223.5	229.0	206.0	223.0	3146043	2021/12/17 
2021/12/20 	216.0	223.0	213.5	213.5	1839590	2021/12/20 
2021/12/21 	211.0	215.5	203.0	212.5	1999249	2021/12/21 
2021/12/22 	212.0	217.5	211.0	216.5	1682500	2021/12/22 
2021/12/23 	217.0	217.0	210.0	210.0	864700	2021/12/23 
2021/12/24 	210.0	212.0	206.0	208.0	852200	2021/12/24 
2021/12/27 	208.0	214.5	208.0	208.5	681087	2021/12/27 
2021/12/28 	210.0	211.5	205.5	206.0	522136	2021/12/28 
2021/12/29 	206.0	209.5	203.5	204.0	728330	2021/12/29 
2021/12/30 	204.5	206.0	200.0	201.5	521862	2021/12/30 
2022/01/03 	203.0	205.0	199.5	199.5	471268	2022/01/03 
2022/01/04 	199.5	200.5	191.5	193.5	687051	2022/01/04 
2022/01/05 	195.0	202.0	195.0	198.5	559200	2022/01/05 
2022/01/06 	196.5	197.5	191.0	191.5	474500	2022/01/06 
2022/01/07 	193.5	193.5	178.0	179.0	1099090	2022/01/07 
2022/01/10 	172.0	182.5	171.0	179.0	369120	2022/01/10 
2022/01/11 	178.0	178.0	165.5	167.5	590107	2022/01/11 
2022/01/12 	171.0	171.0	160.5	163.0	506800	2022/01/12 
2022/01/13 	165.0	167.5	163.0	165.5	288100	2022/01/13 
2022/01/14 	163.0	163.0	153.0	161.0	461283	2022/01/14 
2022/01/17 	163.0	170.5	159.5	169.0	455291	2022/01/17 
2022/01/18 	169.0	179.5	168.0	170.5	589130	2022/01/18 
2022/01/19 	165.0	170.5	163.0	165.0	293600	2022/01/19 
2022/01/20 	165.0	165.0	160.0	162.0	210157	2022/01/20 
2022/01/21 	160.5	160.5	153.0	153.5	356421	2022/01/21 
2022/01/24 	151.0	151.0	143.0	150.0	339100	2022/01/24 
2022/01/25 	151.0	151.0	142.0	142.5	310102	2022/01/25 
2022/01/26 	139.0	145.0	139.0	143.0	211000	2022/01/26 
2022/02/07 	145.0	150.0	144.0	149.0	188100	2022/02/07 
2022/02/08 	147.0	149.5	147.0	148.0	104000	2022/02/08 
2022/02/09 	148.5	153.5	148.5	151.5	198000	2022/02/09 
2022/02/10 	151.5	151.5	146.0	147.0	177200	2022/02/10 
2022/02/11 	146.5	146.5	145.0	145.0	115215	2022/02/11 
2022/02/14 	142.0	142.0	139.0	139.0	214220	2022/02/14 
2022/02/15 	139.0	141.5	137.5	137.5	163021	2022/02/15 
2022/02/16 	140.0	142.0	139.0	139.0	165000	2022/02/16 
2022/02/17 	138.0	141.5	138.0	139.0	151000	2022/02/17 
2022/02/18 	138.0	141.5	137.5	141.0	140000	2022/02/18 
2022/02/21 	139.0	139.5	133.5	135.5	353021	2022/02/21 
2022/02/22 	131.5	135.0	128.5	129.0	385223	2022/02/22 
2022/02/23 	129.0	132.0	128.5	131.5	182100	2022/02/23 
2022/02/24 	130.0	130.0	122.0	123.0	340240	2022/02/24 
2022/02/25 	127.0	127.0	123.0	125.0	152000	2022/02/25 
2022/03/01 	127.0	132.5	127.0	130.0	119100	2022/03/01 
2022/03/02 	129.0	131.0	127.0	131.0	121000	2022/03/02 
2022/03/03 	131.5	132.5	129.0	129.5	128012	2022/03/03 
2022/03/04 	129.0	137.0	128.5	133.0	433100	2022/03/04 
2022/03/07 	130.5	130.5	122.5	125.0	364141	2022/03/07 
2022/03/08 	125.0	127.0	119.0	120.0	236000	2022/03/08 
2022/03/09 	121.0	124.5	120.0	123.5	198025	2022/03/09 
2022/03/10 	128.0	129.5	126.5	129.0	234000	2022/03/10 
2022/03/11 	132.0	133.0	128.5	129.0	219000	2022/03/11 
2022/03/14 	129.0	130.0	126.5	127.5	121000	2022/03/14 
2022/03/15 	126.0	126.0	120.0	121.0	181020	2022/03/15 
2022/03/16 	123.5	124.0	117.0	119.0	373102	2022/03/16 
2022/03/17 	125.0	127.0	122.5	126.5	267205	2022/03/17 
2022/03/18 	126.5	128.5	125.0	128.0	165044	2022/03/18 
2022/03/21 	130.0	132.5	129.0	130.0	120050	2022/03/21 
2022/03/22 	128.0	130.5	128.0	130.5	62041	2022/03/22 
2022/03/23 	132.0	132.0	129.0	129.5	128015	2022/03/23 
2022/03/24 	129.0	142.0	129.0	142.0	967240	2022/03/24 
2022/03/25 	142.0	148.5	140.0	143.5	1357210	2022/03/25 
2022/03/28 	139.5	140.0	137.0	138.0	420010	2022/03/28 
2022/03/29 	138.0	138.0	132.0	132.0	561000	2022/03/29 
2022/03/30 	133.0	136.0	132.0	132.0	212015	2022/03/30 
2022/03/31 	133.5	133.5	129.5	130.0	161000	2022/03/31 
2022/04/01 	130.5	130.5	128.0	128.5	150015	2022/04/01 
2022/04/06 	129.0	129.0	125.5	126.0	183015	2022/04/06 
2022/04/07 	126.0	128.0	122.0	123.5	177100	2022/04/07 
2022/04/08 	125.0	127.0	123.0	123.5	112010	2022/04/08 
2022/04/11 	125.5	125.5	118.5	118.5	207263	2022/04/11 
2022/04/12 	118.0	118.0	113.5	114.5	233000	2022/04/12 
2022/04/13 	117.0	118.5	115.5	117.5	192000	2022/04/13 
2022/04/14 	119.0	119.0	116.0	117.5	85000	2022/04/14 
2022/04/15 	116.0	116.5	113.5	114.5	120000	2022/04/15 
2022/04/18 	115.5	116.5	114.0	115.5	65100	2022/04/18 
2022/04/19 	117.0	118.5	115.5	116.5	50501	2022/04/19 
2022/04/20 	117.0	118.0	117.0	117.0	74067	2022/04/20 
2022/04/21 	117.5	119.5	116.0	118.0	83040	2022/04/21 
2022/04/22 	116.5	117.0	115.0	115.0	78001	2022/04/22 
2022/04/25 	111.5	113.0	110.0	110.0	147000	2022/04/25 
2022/04/26 	112.0	112.5	109.5	110.5	81005	2022/04/26 
2022/04/27 	107.5	108.0	104.0	107.0	202000	2022/04/27 
2022/04/28 	106.5	110.5	106.5	109.5	83000	2022/04/28 
2022/04/29 	110.5	114.5	110.5	113.0	116050	2022/04/29 
2022/05/03 	113.0	113.5	111.5	112.0	54020	2022/05/03 
2022/05/04 	112.0	113.0	111.0	111.0	72100	2022/05/04 
2022/05/05 	113.5	115.5	113.0	114.0	83100	2022/05/05 
2022/05/06 	110.5	111.0	109.0	110.0	67000	2022/05/06 
2022/05/09 	108.0	108.0	100.0	102.0	183006	2022/05/09 
2022/05/10 	100.0	102.5	98.0999984741211	101.5	220150	2022/05/10 
2022/05/11 	101.0	102.0	100.0	101.5	171100	2022/05/11 
2022/05/12 	101.0	102.0	99.0	99.0	172152	2022/05/12 
2022/05/13 	99.5	101.0	99.5	100.0	103000	2022/05/13 
2022/05/16 	101.5	104.0	101.5	103.0	109000	2022/05/16 
2022/05/17 	103.5	106.0	103.5	105.0	96500	2022/05/17 
2022/05/18 	108.0	108.0	105.5	105.5	80040	2022/05/18 
2022/05/19 	102.0	104.0	102.0	104.0	58142	2022/05/19 
2022/05/20 	104.5	105.5	104.0	105.5	55080	2022/05/20 
2022/05/23 	107.0	107.5	105.5	105.5	62000	2022/05/23 
2022/05/24 	105.5	106.0	103.0	103.0	105005	2022/05/24 
2022/05/25 	103.5	104.5	103.0	104.0	55112	2022/05/25 
2022/05/26 	105.5	106.0	103.5	103.5	82000	2022/05/26 
2022/05/27 	104.5	106.0	104.5	105.0	48000	2022/05/27 
2022/05/30 	106.0	110.5	106.0	109.5	135020	2022/05/30 
2022/05/31 	109.5	109.5	107.5	109.0	113000	2022/05/31 
2022/06/01 	109.0	113.5	109.0	111.0	316160	2022/06/01 
2022/06/02 	111.0	111.5	109.5	110.5	89000	2022/06/02 
2022/06/06 	112.0	112.0	107.5	108.5	106015	2022/06/06 
2022/06/07 	108.5	108.5	106.0	108.0	153210	2022/06/07 
2022/06/08 	108.0	108.5	107.0	107.5	81110	2022/06/08 
2022/06/09 	106.5	108.0	106.5	107.0	62042	2022/06/09 
2022/06/10 	105.0	105.0	102.5	103.5	162100	2022/06/10 
2022/06/13 	100.5	100.5	99.0	99.5	148143	2022/06/13 
2022/06/14 	99.9000015258789	99.9000015258789	96.80000305175781	98.30000305175781	126000	2022/06/14 
2022/06/15 	98.9000015258789	98.9000015258789	97.80000305175781	98.19999694824219	104367	2022/06/15 
2022/06/16 	99.30000305175781	100.0	95.19999694824219	95.5	134017	2022/06/16 
2022/06/17 	93.19999694824219	95.0	93.0	93.5	85407	2022/06/17 
2022/06/20 	93.5	93.5	89.0	89.0	181000	2022/06/20 
2022/06/21 	90.9000015258789	91.30000305175781	88.30000305175781	91.0	109050	2022/06/21 
2022/06/22 	95.9000015258789	100.0	95.80000305175781	99.5	513175	2022/06/22 
2022/06/23 	98.0	98.5999984741211	91.80000305175781	98.0	236119	2022/06/23 
2022/06/24 	96.0999984741211	96.4000015258789	95.0	95.0999984741211	116241	2022/06/24 
2022/06/27 	94.69999694824219	95.9000015258789	93.5999984741211	94.5999984741211	165046	2022/06/27 
2022/06/28 	95.30000305175781	96.0	93.9000015258789	94.4000015258789	70000	2022/06/28 
2022/06/29 	94.19999694824219	94.19999694824219	91.5	91.5	72006	2022/06/29 
2022/06/30 	90.5	90.5	86.0	86.80000305175781	194250	2022/06/30 
2022/07/01 	87.5999984741211	88.0999984741211	80.9000015258789	81.0	211312	2022/07/01 
2022/07/04 	83.69999694824219	83.69999694824219	81.30000305175781	82.30000305175781	88000	2022/07/04 
2022/07/05 	84.0999984741211	84.9000015258789	82.4000015258789	84.69999694824219	109060	2022/07/05 
2022/07/06 	84.0	85.30000305175781	82.5	82.5	171005	2022/07/06 
2022/07/07 	77.0	80.69999694824219	75.4000015258789	79.5	211010	2022/07/07 
2022/07/08 	80.0999984741211	82.5999984741211	79.0	82.0	187167	2022/07/08 
2022/07/11 	82.0	83.19999694824219	80.5	83.19999694824219	146000	2022/07/11 
2022/07/12 	81.5	81.5	77.5999984741211	80.30000305175781	156213	2022/07/12 
2022/07/13 	81.19999694824219	81.80000305175781	80.19999694824219	81.69999694824219	90127	2022/07/13 
2022/07/14 	79.80000305175781	82.0	79.0999984741211	82.0	93050	2022/07/14 
2022/07/15 	81.5	83.5999984741211	81.19999694824219	83.5	131100	2022/07/15 
2022/07/18 	84.0	86.30000305175781	83.5	85.0	102008	2022/07/18 
2022/07/19 	83.5999984741211	85.19999694824219	82.9000015258789	84.30000305175781	47109	2022/07/19 
2022/07/20 	85.0	86.19999694824219	84.5999984741211	86.0	163060	2022/07/20 
2022/07/21 	86.80000305175781	89.0	86.0	88.9000015258789	167120	2022/07/21 
2022/07/22 	89.5	89.5	87.0999984741211	88.80000305175781	116004	2022/07/22 
2022/07/25 	87.69999694824219	88.4000015258789	87.0	88.0	70050	2022/07/25 
2022/07/26 	87.0999984741211	87.0999984741211	85.5	85.80000305175781	120057	2022/07/26 
2022/07/27 	85.69999694824219	88.0	84.5	88.0	252307	2022/07/27 
2022/07/28 	88.9000015258789	89.0	87.0	88.0	85000	2022/07/28 
2022/07/29 	88.0	90.0	87.69999694824219	89.69999694824219	118160	2022/07/29 
2022/08/01 	89.69999694824219	89.69999694824219	88.30000305175781	89.5	54199	2022/08/01 
2022/08/02 	89.0	89.0	85.30000305175781	87.5	148597	2022/08/02 
2022/08/03 	86.9000015258789	87.0	84.0	84.0	151091	2022/08/03 
2022/08/04 	83.9000015258789	83.9000015258789	80.69999694824219	82.80000305175781	107100	2022/08/04 
2022/08/05 	84.5999984741211	84.5999984741211	83.19999694824219	84.5	95007	2022/08/05 
2022/08/08 	82.30000305175781	84.9000015258789	82.30000305175781	84.80000305175781	118020	2022/08/08 
2022/08/09 	85.0999984741211	86.19999694824219	84.19999694824219	86.19999694824219	106015	2022/08/09 
2022/08/10 	86.0	87.0	85.5	86.5	43020	2022/08/10 
2022/08/11 	87.5	87.9000015258789	86.9000015258789	87.4000015258789	70000	2022/08/11 
2022/08/12 	86.80000305175781	87.5999984741211	86.80000305175781	87.5999984741211	50003	2022/08/12 
2022/08/15 	87.80000305175781	92.69999694824219	87.5999984741211	90.5999984741211	471100	2022/08/15 
2022/08/16 	90.80000305175781	92.0	89.5999984741211	90.19999694824219	85000	2022/08/16 
2022/08/17 	89.19999694824219	90.19999694824219	87.19999694824219	87.69999694824219	237500	2022/08/17 
2022/08/18 	87.19999694824219	89.80000305175781	86.9000015258789	89.4000015258789	148025	2022/08/18 
2022/08/19 	89.5999984741211	90.4000015258789	88.80000305175781	89.30000305175781	94039	2022/08/19 
2022/08/22 	89.0	89.0	87.69999694824219	87.80000305175781	33000	2022/08/22 
2022/08/23 	86.0	86.30000305175781	85.30000305175781	85.4000015258789	83090	2022/08/23 
2022/08/24 	85.69999694824219	85.9000015258789	83.5999984741211	83.69999694824219	79004	2022/08/24 
2022/08/25 	84.19999694824219	85.5	84.0	85.19999694824219	69030	2022/08/25 
2022/08/26 	85.9000015258789	88.0	85.0999984741211	85.0999984741211	97050	2022/08/26 
2022/08/29 	83.0999984741211	83.5	82.19999694824219	82.80000305175781	59005	2022/08/29 
2022/08/30 	83.0	85.4000015258789	83.0	85.0999984741211	104000	2022/08/30 
2022/08/31 	85.0	93.5999984741211	84.9000015258789	93.5999984741211	550160	2022/08/31 
2022/09/01 	94.5999984741211	102.0	94.5999984741211	95.69999694824219	1957083	2022/09/01 
2022/09/02 	96.80000305175781	98.9000015258789	94.0	94.0999984741211	865130	2022/09/02 
2022/09/05 	94.5	102.5	94.30000305175781	98.5	1530000	2022/09/05 
2022/09/06 	105.0	105.0	99.5	101.5	2199526	2022/09/06 
2022/09/07 	99.0	101.5	93.0	93.0	904056	2022/09/07 
2022/09/08 	93.5999984741211	96.4000015258789	92.5	92.5	455000	2022/09/08 
2022/09/12 	92.5	92.5	87.5	88.19999694824219	518212	2022/09/12 
2022/09/13 	88.4000015258789	90.80000305175781	88.4000015258789	88.5	304000	2022/09/13 
2022/09/14 	85.69999694824219	88.0	85.69999694824219	88.0	165000	2022/09/14 
2022/09/15 	87.19999694824219	88.80000305175781	86.4000015258789	86.4000015258789	163000	2022/09/15 
2022/09/16 	85.0	85.69999694824219	82.9000015258789	83.30000305175781	278050	2022/09/16 
2022/09/19 	83.30000305175781	83.5999984741211	82.0999984741211	82.0999984741211	137200	2022/09/19 
2022/09/20 	83.0	85.80000305175781	83.0	84.0	85020	2022/09/20 
2022/09/21 	84.69999694824219	86.80000305175781	83.19999694824219	83.5	127100	2022/09/21 
2022/09/22 	82.5999984741211	84.9000015258789	82.5999984741211	84.19999694824219	42000	2022/09/22 
2022/09/23 	84.19999694824219	84.4000015258789	82.9000015258789	82.9000015258789	72050	2022/09/23 
2022/09/26 	82.0999984741211	82.0999984741211	78.0	78.4000015258789	153203	2022/09/26 
2022/09/27 	78.4000015258789	80.0	77.80000305175781	79.5999984741211	88005	2022/09/27 
2022/09/28 	78.4000015258789	78.4000015258789	75.0	75.0	117030	2022/09/28 
2022/09/29 	76.9000015258789	76.9000015258789	74.19999694824219	75.0	92205	2022/09/29 
2022/09/30 	72.4000015258789	73.9000015258789	71.19999694824219	73.30000305175781	133000	2022/09/30 
2022/10/03 	73.0	75.0	73.0	73.69999694824219	65400	2022/10/03 
2022/10/04 	75.0999984741211	76.5999984741211	74.0	75.0999984741211	98000	2022/10/04 
2022/10/05 	75.5999984741211	76.9000015258789	74.4000015258789	74.80000305175781	88000	2022/10/05 
2022/10/06 	75.0	75.0	72.69999694824219	73.69999694824219	71000	2022/10/06 
2022/10/07 	72.80000305175781	74.0	72.4000015258789	72.5	91000	2022/10/07 
2022/10/11 	72.0	72.0	69.0	69.5	117000	2022/10/11 
2022/10/12 	71.80000305175781	71.80000305175781	68.19999694824219	69.4000015258789	67200	2022/10/12 
2022/10/13 	69.4000015258789	69.4000015258789	65.5	65.5	199000	2022/10/13 
2022/10/14 	68.0	68.30000305175781	66.30000305175781	67.19999694824219	103000	2022/10/14 
2022/10/17 	65.80000305175781	68.80000305175781	64.19999694824219	68.5	104000	2022/10/17 
2022/10/18 	70.19999694824219	70.19999694824219	66.80000305175781	68.19999694824219	57000	2022/10/18 
2022/10/19 	68.9000015258789	68.9000015258789	66.30000305175781	67.19999694824219	82000	2022/10/19 
2022/10/20 	67.9000015258789	67.9000015258789	66.69999694824219	67.5	36000	2022/10/20 
2022/10/21 	68.4000015258789	68.4000015258789	66.19999694824219	66.30000305175781	59390	2022/10/21 
2022/10/24 	68.19999694824219	68.5999984741211	66.80000305175781	67.5999984741211	69000	2022/10/24 
2022/10/25 	68.0999984741211	68.0999984741211	65.0999984741211	65.9000015258789	78000	2022/10/25 
2022/10/26 	66.5	66.5	64.80000305175781	65.19999694824219	36000	2022/10/26 
2022/10/27 	65.9000015258789	68.0	65.9000015258789	68.0	98022	2022/10/27 
2022/10/28 	68.5999984741211	68.5999984741211	66.30000305175781	66.4000015258789	34000	2022/10/28 
2022/10/31 	67.19999694824219	68.80000305175781	67.0	68.19999694824219	57000	2022/10/31 
2022/11/01 	68.80000305175781	68.9000015258789	67.0999984741211	68.69999694824219	44010	2022/11/01 
2022/11/02 	69.30000305175781	71.0	68.9000015258789	70.4000015258789	83020	2022/11/02 
2022/11/03 	69.5	70.80000305175781	68.80000305175781	70.69999694824219	47100	2022/11/03 
2022/11/04 	70.5999984741211	70.9000015258789	69.5	70.0999984741211	75000	2022/11/04 
2022/11/07 	70.69999694824219	72.5	70.69999694824219	72.0	67184	2022/11/07 
2022/11/08 	73.19999694824219	74.0	71.80000305175781	71.9000015258789	73001	2022/11/08 
2022/11/09 	73.19999694824219	73.80000305175781	72.0999984741211	73.4000015258789	77005	2022/11/09 
2022/11/10 	73.4000015258789	73.4000015258789	71.5	71.80000305175781	40050	2022/11/10 
2022/11/11 	74.80000305175781	74.80000305175781	71.5	72.0	81107	2022/11/11 
2022/11/14 	73.4000015258789	73.4000015258789	72.30000305175781	73.19999694824219	65000	2022/11/14 
2022/11/15 	73.5999984741211	74.5	73.5	74.30000305175781	71208	2022/11/15 
2022/11/16 	74.5	74.5	72.30000305175781	72.80000305175781	84053	2022/11/16 
2022/11/17 	73.0	75.30000305175781	73.0	75.30000305175781	99100	2022/11/17 
2022/11/18 	75.5	75.5	73.19999694824219	73.19999694824219	65000	2022/11/18 
2022/11/21 	73.19999694824219	73.19999694824219	71.0999984741211	71.69999694824219	78075	2022/11/21 
2022/11/22 	71.80000305175781	72.5	71.80000305175781	72.0	38020	2022/11/22 
2022/11/23 	72.4000015258789	74.19999694824219	72.30000305175781	73.69999694824219	48100	2022/11/23 
2022/11/24 	73.69999694824219	75.0	73.69999694824219	75.0	65230	2022/11/24 
2022/11/25 	74.69999694824219	75.19999694824219	74.19999694824219	74.19999694824219	78025	2022/11/25 
2022/11/28 	73.5	73.80000305175781	72.5	73.0	71195	2022/11/28 
2022/11/29 	72.5999984741211	74.69999694824219	72.5	74.4000015258789	54000	2022/11/29 
2022/11/30 	74.5999984741211	78.5	74.5999984741211	77.80000305175781	220000	2022/11/30 
2022/12/01 	79.0	81.0	78.0999984741211	78.5999984741211	226030	2022/12/01 
2022/12/02 	78.5999984741211	78.5999984741211	77.0	77.30000305175781	78000	2022/12/02 
2022/12/05 	78.0	79.5	77.80000305175781	78.69999694824219	109045	2022/12/05 
2022/12/06 	78.30000305175781	78.30000305175781	75.69999694824219	75.9000015258789	166000	2022/12/06 
2022/12/07 	75.30000305175781	76.5999984741211	73.69999694824219	73.9000015258789	115000	2022/12/07 
2022/12/08 	73.9000015258789	74.4000015258789	73.0	73.69999694824219	63000	2022/12/08 
2022/12/09 	74.0	75.0	73.0999984741211	73.4000015258789	68000	2022/12/09 
2022/12/12 	72.30000305175781	73.5	71.80000305175781	72.69999694824219	43001	2022/12/12 
2022/12/13 	73.0999984741211	73.80000305175781	72.5	72.5	54089	2022/12/13 
2022/12/14 	73.0	75.4000015258789	72.69999694824219	75.0	67011	2022/12/14 
2022/12/15 	74.9000015258789	76.0	74.30000305175781	75.80000305175781	56000	2022/12/15 
2022/12/16 	75.4000015258789	75.4000015258789	72.69999694824219	72.69999694824219	77000	2022/12/16 
2022/12/19 	72.69999694824219	73.4000015258789	71.80000305175781	72.5	37100	2022/12/19 
2022/12/20 	73.0	73.19999694824219	70.69999694824219	70.69999694824219	79000	2022/12/20 
2022/12/21 	71.19999694824219	71.5	70.69999694824219	70.69999694824219	30210	2022/12/21 
2022/12/22 	72.4000015258789	72.4000015258789	70.5999984741211	70.5999984741211	37000	2022/12/22 
2022/12/23 	70.5	70.5	68.30000305175781	69.19999694824219	137050	2022/12/23 
2022/12/26 	69.5999984741211	69.69999694824219	67.69999694824219	67.9000015258789	98000	2022/12/26 
2022/12/27 	68.0999984741211	68.80000305175781	68.0999984741211	68.69999694824219	95000	2022/12/27 
2022/12/28 	68.9000015258789	68.9000015258789	66.30000305175781	66.5999984741211	166011	2022/12/28 
2022/12/29 	66.0999984741211	66.9000015258789	65.30000305175781	66.5	82000	2022/12/29 
2022/12/30 	67.19999694824219	68.0	66.0	66.0999984741211	81000	2022/12/30 
2023/01/03 	66.30000305175781	68.19999694824219	65.5999984741211	67.9000015258789	68000	2023/01/03 
2023/01/04 	67.30000305175781	68.9000015258789	67.0999984741211	68.5999984741211	64000	2023/01/04 
2023/01/05 	68.5	68.80000305175781	67.5	68.0999984741211	65000	2023/01/05 
2023/01/06 	67.69999694824219	70.0999984741211	67.5	69.9000015258789	78000	2023/01/06 
2023/01/09 	70.5	70.80000305175781	69.5	70.4000015258789	65000	2023/01/09 
2023/01/10 	69.19999694824219	70.19999694824219	69.19999694824219	70.19999694824219	24010	2023/01/10 
2023/01/11 	70.0	70.5	69.69999694824219	69.69999694824219	34000	2023/01/11 
2023/01/12 	70.30000305175781	70.5	68.9000015258789	69.0999984741211	45000	2023/01/12 
2023/01/13 	69.0999984741211	70.0	68.9000015258789	69.0999984741211	36000	2023/01/13 
2023/01/16 	69.30000305175781	69.5999984741211	69.19999694824219	69.5	50000	2023/01/16 
2023/01/17 	69.0	70.30000305175781	69.0	69.5	72008	2023/01/17 
2023/01/30 	71.0	71.5999984741211	70.19999694824219	71.5999984741211	85016	2023/01/30 
2023/01/31 	71.5	71.9000015258789	71.4000015258789	71.5	38000	2023/01/31 
2023/02/01 	71.5999984741211	73.9000015258789	71.5	73.80000305175781	100000	2023/02/01 
2023/02/02 	74.19999694824219	77.5	74.0	77.19999694824219	388000	2023/02/02 
2023/02/03 	77.19999694824219	77.5999984741211	75.80000305175781	76.80000305175781	145000	2023/02/03 
2023/02/06 	76.80000305175781	76.80000305175781	75.5999984741211	75.80000305175781	75016	2023/02/06 
2023/02/07 	75.69999694824219	75.80000305175781	74.69999694824219	75.5999984741211	93000	2023/02/07 
2023/02/08 	75.80000305175781	78.30000305175781	75.69999694824219	78.19999694824219	190000	2023/02/08 
2023/02/09 	78.4000015258789	78.4000015258789	77.0	77.5	98000	2023/02/09 
2023/02/10 	77.30000305175781	78.4000015258789	76.9000015258789	77.0	117000	2023/02/10 
2023/02/13 	77.0	77.0	75.80000305175781	76.0	33000	2023/02/13 
2023/02/14 	76.0	76.5999984741211	75.5999984741211	76.0	21000	2023/02/14 
2023/02/15 	76.0	76.0	74.4000015258789	75.0	56020	2023/02/15 
2023/02/16 	75.0	76.4000015258789	74.9000015258789	76.0999984741211	55022	2023/02/16 
2023/02/17 	76.30000305175781	78.5999984741211	76.30000305175781	78.19999694824219	93086	2023/02/17 
2023/02/20 	78.19999694824219	86.0	78.19999694824219	81.5	705487	2023/02/20 
2023/02/21 	82.0	83.0	81.19999694824219	82.5999984741211	142054	2023/02/21 
2023/02/22 	81.5999984741211	82.4000015258789	80.0999984741211	80.69999694824219	130020	2023/02/22 
2023/02/23 	80.9000015258789	81.5	80.80000305175781	81.0999984741211	43070	2023/02/23 
2023/02/24 	82.30000305175781	82.30000305175781	80.5999984741211	80.69999694824219	99000	2023/02/24 
2023/03/01 	80.0999984741211	80.5999984741211	79.5999984741211	80.30000305175781	47006	2023/03/01 
2023/03/02 	81.0999984741211	81.0999984741211	79.80000305175781	80.0999984741211	49025	2023/03/02 
2023/03/03 	80.19999694824219	81.5	80.0999984741211	80.30000305175781	61058	2023/03/03 
2023/03/06 	83.5	87.5	81.0999984741211	84.9000015258789	450000	2023/03/06 
2023/03/07 	84.5999984741211	85.30000305175781	83.9000015258789	84.9000015258789	126100	2023/03/07 
2023/03/08 	83.9000015258789	85.4000015258789	83.30000305175781	85.4000015258789	146241	2023/03/08 
