Date	Open	High	Low	Close	Volume	Date
2020/12/07 	55.573787689208984	75.18806457519531	55.573787689208984	57.535213470458984	4216265	2020/12/07 
2020/12/08 	56.963130950927734	58.434200286865234	48.87224197387695	51.32402801513672	2744284	2020/12/08 
2020/12/09 	51.07884979248047	51.48748016357422	48.87224197387695	50.01640701293945	1336704	2020/12/09 
2020/12/10 	49.85295486450195	51.40575408935547	49.36259841918945	50.99712371826172	793898	2020/12/10 
2020/12/11 	50.67021560668945	54.10271453857422	50.5884895324707	52.95854949951172	932374	2020/12/11 
2020/12/14 	52.87682342529297	59.7418212890625	52.87682342529297	56.636226654052734	1362438	2020/12/14 
2020/12/15 	57.208309173583984	60.96771240234375	56.636226654052734	57.290035247802734	507045	2020/12/15 
2020/12/16 	57.698665618896484	58.18902587890625	56.717952728271484	57.616939544677734	525307	2020/12/16 
2020/12/17 	57.616939544677734	58.352474212646484	57.044857025146484	57.780391693115234	274358	2020/12/17 
2020/12/18 	57.943843841552734	60.15045166015625	57.943843841552734	59.66009521484375	831351	2020/12/18 
2020/12/21 	59.66009521484375	60.3956298828125	58.270748138427734	59.0880126953125	453262	2020/12/21 
2020/12/22 	58.59765625	58.84283447265625	57.208309173583984	57.208309173583984	410949	2020/12/22 
2020/12/23 	57.044857025146484	58.352474212646484	56.799678802490234	58.1072998046875	261185	2020/12/23 
2020/12/24 	57.780391693115234	58.434200286865234	57.535213470458984	57.535213470458984	249955	2020/12/24 
2020/12/25 	57.862117767333984	57.943843841552734	57.044857025146484	57.290035247802734	142278	2020/12/25 
2020/12/28 	57.616939544677734	58.434200286865234	57.208309173583984	57.616939544677734	330706	2020/12/28 
2020/12/29 	57.453487396240234	57.862117767333984	56.963130950927734	56.963130950927734	344203	2020/12/29 
2020/12/30 	56.963130950927734	59.66009521484375	56.963130950927734	57.044857025146484	211617	2020/12/30 
2020/12/31 	57.044857025146484	59.7418212890625	56.963130950927734	57.044857025146484	166827	2020/12/31 
2021/01/04 	57.044857025146484	57.453487396240234	56.963130950927734	57.044857025146484	335302	2021/01/04 
2021/01/05 	57.208309173583984	57.290035247802734	56.799678802490234	56.881404876708984	154228	2021/01/05 
2021/01/06 	57.044857025146484	57.616939544677734	56.881404876708984	56.881404876708984	469297	2021/01/06 
2021/01/07 	57.371761322021484	57.943843841552734	56.963130950927734	57.126583099365234	553480	2021/01/07 
2021/01/08 	57.126583099365234	57.862117767333984	57.126583099365234	57.371761322021484	262745	2021/01/08 
2021/01/11 	57.208309173583984	57.616939544677734	56.963130950927734	57.044857025146484	502385	2021/01/11 
2021/01/12 	57.044857025146484	57.616939544677734	56.881404876708984	56.963130950927734	343762	2021/01/12 
2021/01/13 	57.453487396240234	57.616939544677734	56.963130950927734	57.371761322021484	128578	2021/01/13 
2021/01/14 	56.963130950927734	57.371761322021484	56.881404876708984	56.963130950927734	123815	2021/01/14 
2021/01/15 	56.799678802490234	57.208309173583984	55.818965911865234	56.309322357177734	310267	2021/01/15 
2021/01/18 	56.064144134521484	56.309322357177734	54.593074798583984	55.083431243896484	305138	2021/01/18 
2021/01/19 	56.309322357177734	56.309322357177734	54.919979095458984	54.919979095458984	148568	2021/01/19 
2021/01/20 	55.573787689208984	55.818965911865234	53.53063201904297	53.85753631591797	249576	2021/01/20 
2021/01/21 	53.93926239013672	54.919979095458984	53.85753631591797	54.511348724365234	149873	2021/01/21 
2021/01/22 	54.919979095458984	57.862117767333984	54.919979095458984	56.881404876708984	288448	2021/01/22 
2021/01/25 	56.799678802490234	56.881404876708984	55.083431243896484	55.410335540771484	344817	2021/01/25 
2021/01/26 	55.573787689208984	55.818965911865234	54.511348724365234	54.593074798583984	100349	2021/01/26 
2021/01/27 	54.593074798583984	55.573787689208984	54.511348724365234	55.001705169677734	44942	2021/01/27 
2021/01/28 	54.75652313232422	55.573787689208984	54.75652313232422	55.165157318115234	81513	2021/01/28 
2021/01/29 	54.919979095458984	55.900691986083984	54.919979095458984	55.165157318115234	110998	2021/01/29 
2021/02/01 	55.165157318115234	55.165157318115234	52.54991912841797	54.593074798583984	81408	2021/02/01 
2021/02/02 	54.919979095458984	55.001705169677734	54.511348724365234	54.593074798583984	59797	2021/02/02 
2021/02/03 	55.328609466552734	55.328609466552734	54.511348724365234	54.593074798583984	43228	2021/02/03 
2021/02/04 	55.328609466552734	56.554500579833984	55.165157318115234	56.472774505615234	195836	2021/02/04 
2021/02/05 	55.982418060302734	58.434200286865234	55.982418060302734	57.943843841552734	747969	2021/02/05 
2021/02/17 	57.943843841552734	59.16973876953125	57.943843841552734	58.67938232421875	374943	2021/02/17 
2021/02/18 	59.0880126953125	60.47735595703125	58.51593017578125	59.66009521484375	369579	2021/02/18 
2021/02/19 	60.31390380859375	68.64997100830078	59.98699951171875	66.93372344970703	910812	2021/02/19 
2021/02/22 	66.68854522705078	74.61598205566406	66.68854522705078	74.28907775878906	1219613	2021/02/22 
2021/02/23 	74.61598205566406	75.26979064941406	70.28449249267578	72.24592590332031	787958	2021/02/23 
2021/02/24 	72.98146057128906	73.55354309082031	71.91902160644531	72.73628234863281	353394	2021/02/24 
2021/02/25 	72.98146057128906	73.96217346191406	72.49110412597656	72.89973449707031	312406	2021/02/25 
2021/02/26 	72.73628234863281	73.14491271972656	71.10175323486328	71.59211730957031	191205	2021/02/26 
2021/03/02 	72.32765197753906	72.73628234863281	70.52967071533203	70.77484893798828	387560	2021/03/02 
2021/03/03 	71.10175323486328	71.26520538330078	70.36621856689453	70.93830871582031	344602	2021/03/03 
2021/03/04 	70.36621856689453	70.44794464111328	68.56824493408203	68.81342315673828	315300	2021/03/04 
2021/03/05 	68.64997100830078	69.05860137939453	67.83271026611328	68.40479278564453	138628	2021/03/05 
2021/03/08 	69.14032745361328	71.83729553222656	68.56824493408203	69.46723175048828	187857	2021/03/08 
2021/03/09 	69.38550567626953	70.77484893798828	69.14032745361328	69.95758819580078	249692	2021/03/09 
2021/03/10 	69.95758819580078	74.12562561035156	69.95758819580078	72.73628234863281	511286	2021/03/10 
2021/03/11 	71.59211730957031	73.47181701660156	71.59211730957031	73.47181701660156	145168	2021/03/11 
2021/03/12 	73.55354309082031	75.18806457519531	72.89973449707031	73.96217346191406	444583	2021/03/12 
2021/03/15 	74.20735168457031	79.8464584350586	73.96217346191406	79.8464584350586	1317476	2021/03/15 
2021/03/16 	77.80329895019531	79.8464584350586	75.26979064941406	75.59669494628906	574552	2021/03/16 
2021/03/17 	75.26979064941406	77.80329895019531	75.18806457519531	76.33222961425781	274394	2021/03/17 
2021/03/18 	76.98603820800781	76.98603820800781	75.84187316894531	76.00532531738281	142507	2021/03/18 
2021/03/19 	76.00532531738281	77.63984680175781	75.84187316894531	76.82258605957031	160837	2021/03/19 
2021/03/22 	78.45710754394531	81.6444320678711	77.63984680175781	79.6830062866211	614483	2021/03/22 
2021/03/23 	80.3368148803711	80.41854095458984	78.8657455444336	79.76473236083984	361644	2021/03/23 
2021/03/24 	80.41854095458984	80.74544525146484	79.92818450927734	79.92818450927734	274718	2021/03/24 
2021/03/25 	80.5002670288086	82.1347885131836	80.1733627319336	81.39925384521484	456693	2021/03/25 
2021/03/26 	82.1347885131836	83.36067962646484	81.56270599365234	82.54341888427734	799774	2021/03/26 
2021/03/29 	83.36067962646484	84.17794036865234	82.9520492553711	82.9520492553711	349911	2021/03/29 
2021/03/30 	83.7693099975586	84.5865707397461	83.36067962646484	83.7693099975586	177717	2021/03/30 
2021/03/31 	84.99520111083984	91.12466430664062	84.17794036865234	91.12466430664062	1069819	2021/03/31 
2021/04/01 	92.35055541992188	100.11454010009766	92.35055541992188	98.0713882446289	1060014	2021/04/01 
2021/04/07 	114.82524871826172	120.137451171875	96.84549713134766	105.83537292480469	1948061	2021/04/07 
2021/04/08 	105.42674255371094	106.65263366699219	99.7059097290039	103.38359069824219	711168	2021/04/08 
2021/04/09 	103.38359069824219	104.20085144042969	97.66275787353516	100.5231704711914	749706	2021/04/09 
2021/04/12 	101.74906921386719	112.78209686279297	101.74906921386719	105.01811218261719	771569	2021/04/12 
2021/04/13 	105.42674255371094	107.87852478027344	102.15769958496094	102.56632995605469	545663	2021/04/13 
2021/04/14 	104.20085144042969	104.60948181152344	97.66275787353516	100.5231704711914	468836	2021/04/14 
2021/04/15 	102.15769958496094	102.97496032714844	100.5231704711914	102.15769958496094	200854	2021/04/15 
2021/04/16 	102.97496032714844	106.65263366699219	102.56632995605469	102.97496032714844	292928	2021/04/16 
2021/04/19 	103.79222106933594	105.01811218261719	102.15769958496094	103.79222106933594	258443	2021/04/19 
2021/04/20 	104.20085144042969	114.82524871826172	103.38359069824219	111.14757537841797	944272	2021/04/20 
2021/04/21 	120.5715560913086	120.5715560913086	109.04633331298828	110.81944274902344	910342	2021/04/21 
2021/04/22 	112.14927673339844	113.47911071777344	109.04633331298828	109.04633331298828	413589	2021/04/22 
2021/04/23 	108.60305786132812	109.9328842163086	105.94338989257812	106.82994079589844	318987	2021/04/23 
2021/04/26 	106.82994079589844	109.48960876464844	106.82994079589844	108.60305786132812	101095	2021/04/26 
2021/04/27 	107.27322387695312	112.14927673339844	107.27322387695312	109.04633331298828	204366	2021/04/27 
2021/04/28 	109.04633331298828	109.9328842163086	107.27322387695312	108.15977478027344	228597	2021/04/28 
2021/04/29 	107.27322387695312	108.60305786132812	103.72699737548828	105.05683135986328	417444	2021/04/29 
2021/05/03 	105.50010681152344	105.50010681152344	94.86144256591797	95.30471801757812	553268	2021/05/03 
2021/05/04 	95.30471801757812	97.96438598632812	88.30093383789062	96.63455200195312	748250	2021/05/04 
2021/05/05 	93.97489166259766	100.18077850341797	93.53160858154297	95.30471801757812	432876	2021/05/05 
2021/05/06 	98.40766906738281	100.18077850341797	96.19127655029297	97.07783508300781	120735	2021/05/06 
2021/05/07 	97.52111053466797	98.85094451904297	94.86144256591797	96.63455200195312	238763	2021/05/07 
2021/05/10 	99.29421997070312	99.73749542236328	97.07783508300781	97.96438598632812	245430	2021/05/10 
2021/05/11 	97.52111053466797	97.96438598632812	93.53160858154297	95.30471801757812	395518	2021/05/11 
2021/05/12 	95.74800109863281	96.19127655029297	85.19799041748047	89.98538970947266	649520	2021/05/12 
2021/05/13 	89.54210662841797	93.53160858154297	86.8824462890625	90.87194061279297	171993	2021/05/13 
2021/05/14 	93.97489166259766	96.19127655029297	90.42866516113281	90.42866516113281	237504	2021/05/14 
2021/05/17 	87.23706817626953	90.87194061279297	86.70513153076172	87.76899719238281	429848	2021/05/17 
2021/05/18 	88.30093383789062	92.64505767822266	88.30093383789062	92.20177459716797	164192	2021/05/18 
2021/05/19 	91.31522369384766	92.20177459716797	90.42866516113281	91.75849914550781	132352	2021/05/19 
2021/05/20 	91.31522369384766	92.64505767822266	90.42866516113281	91.31522369384766	119675	2021/05/20 
2021/05/21 	92.64505767822266	98.85094451904297	92.64505767822266	95.74800109863281	419331	2021/05/21 
2021/05/24 	95.74800109863281	95.74800109863281	95.74800109863281	95.74800109863281	0	2021/05/24 
2021/05/25 	95.74800109863281	95.74800109863281	95.74800109863281	95.74800109863281	0	2021/05/25 
2021/05/26 	95.74800109863281	95.74800109863281	95.74800109863281	95.74800109863281	0	2021/05/26 
2021/05/27 	95.74800109863281	95.74800109863281	95.74800109863281	95.74800109863281	0	2021/05/27 
2021/05/28 	95.74800109863281	95.74800109863281	95.74800109863281	95.74800109863281	0	2021/05/28 
2021/05/31 	95.74800109863281	95.74800109863281	95.74800109863281	95.74800109863281	0	2021/05/31 
2021/06/01 	95.74800109863281	95.74800109863281	95.74800109863281	95.74800109863281	0	2021/06/01 
2021/06/02 	95.74800109863281	95.74800109863281	95.74800109863281	95.74800109863281	0	2021/06/02 
2021/06/03 	95.74800109863281	95.74800109863281	95.74800109863281	95.74800109863281	0	2021/06/03 
2021/06/04 	95.74800109863281	95.74800109863281	95.74800109863281	95.74800109863281	0	2021/06/04 
2021/06/07 	95.74800109863281	95.74800109863281	95.74800109863281	95.74800109863281	0	2021/06/07 
2021/06/08 	105.50010681152344	106.38666534423828	105.05683135986328	105.50010681152344	74059	2021/06/08 
2021/06/09 	105.94338989257812	105.94338989257812	103.72699737548828	104.61355590820312	134237	2021/06/09 
2021/06/10 	105.50010681152344	106.38666534423828	105.05683135986328	106.38666534423828	99240	2021/06/10 
2021/06/11 	106.38666534423828	106.38666534423828	101.51061248779297	102.84044647216797	575737	2021/06/11 
2021/06/15 	104.17028045654297	107.27322387695312	104.17028045654297	104.17028045654297	347878	2021/06/15 
2021/06/16 	105.05683135986328	105.50010681152344	103.72699737548828	103.72699737548828	242176	2021/06/16 
2021/06/17 	103.28372192382812	105.50010681152344	103.28372192382812	105.05683135986328	108442	2021/06/17 
2021/06/18 	104.17028045654297	105.05683135986328	103.28372192382812	103.72699737548828	145737	2021/06/18 
2021/06/21 	104.17028045654297	105.05683135986328	103.72699737548828	104.61355590820312	200173	2021/06/21 
2021/06/22 	105.05683135986328	105.05683135986328	103.28372192382812	103.28372192382812	95373	2021/06/22 
2021/06/23 	104.17028045654297	105.05683135986328	103.72699737548828	104.17028045654297	105926	2021/06/23 
2021/06/24 	104.17028045654297	104.61355590820312	102.84044647216797	103.28372192382812	152454	2021/06/24 
2021/06/25 	104.61355590820312	108.15977478027344	104.17028045654297	106.82994079589844	1152128	2021/06/25 
2021/06/28 	107.27322387695312	112.14927673339844	106.82994079589844	110.81944274902344	652841	2021/06/28 
2021/06/29 	112.5925521850586	114.80894470214844	109.04633331298828	109.48960876464844	476407	2021/06/29 
2021/06/30 	109.9328842163086	111.70600128173828	109.9328842163086	111.70600128173828	358905	2021/06/30 
2021/07/01 	112.14927673339844	119.68499755859375	112.14927673339844	115.69549560546875	1387028	2021/07/01 
2021/07/02 	117.9118881225586	121.9013900756836	117.9118881225586	120.5715560913086	851992	2021/07/02 
2021/07/05 	120.5715560913086	124.5610580444336	120.12828063964844	123.67449951171875	875496	2021/07/05 
2021/07/06 	124.5610580444336	127.22071838378906	122.7879409790039	123.67449951171875	603455	2021/07/06 
2021/07/07 	123.2312240600586	123.2312240600586	115.69549560546875	118.79844665527344	911888	2021/07/07 
2021/07/08 	121.01483154296875	121.01483154296875	117.02532958984375	117.9118881225586	263806	2021/07/08 
2021/07/09 	118.79844665527344	120.12828063964844	116.5820541381836	118.79844665527344	330982	2021/07/09 
2021/07/12 	120.12828063964844	121.01483154296875	119.2417221069336	119.68499755859375	315456	2021/07/12 
2021/07/13 	120.12828063964844	120.5715560913086	116.13877868652344	116.5820541381836	297501	2021/07/13 
2021/07/14 	116.5820541381836	118.35516357421875	115.69549560546875	116.13877868652344	170502	2021/07/14 
2021/07/15 	118.35516357421875	118.79844665527344	116.5820541381836	117.9118881225586	276930	2021/07/15 
2021/07/16 	118.35516357421875	122.7879409790039	117.46861267089844	122.34466552734375	426351	2021/07/16 
2021/07/19 	122.7879409790039	126.33416748046875	121.9013900756836	126.33416748046875	998420	2021/07/19 
2021/07/20 	125.00433349609375	126.33416748046875	122.7879409790039	125.4476089477539	541744	2021/07/20 
2021/07/21 	126.33416748046875	128.10728454589844	125.00433349609375	126.7774429321289	479789	2021/07/21 
2021/07/22 	127.22071838378906	130.32366943359375	127.22071838378906	129.43710327148438	454011	2021/07/22 
2021/07/23 	128.99383544921875	130.32366943359375	125.89088439941406	128.99383544921875	415969	2021/07/23 
2021/07/26 	128.99383544921875	129.88038635253906	125.00433349609375	128.10728454589844	157352	2021/07/26 
2021/07/27 	126.33416748046875	130.32366943359375	124.5610580444336	127.66400146484375	269816	2021/07/27 
2021/07/28 	124.1177749633789	126.33416748046875	121.01483154296875	123.67449951171875	289024	2021/07/28 
2021/07/29 	124.1177749633789	125.89088439941406	123.67449951171875	125.89088439941406	128686	2021/07/29 
2021/07/30 	125.4476089477539	126.33416748046875	124.5610580444336	125.89088439941406	146170	2021/07/30 
2021/08/02 	125.89088439941406	128.99383544921875	125.89088439941406	128.55055236816406	249095	2021/08/02 
2021/08/03 	128.99383544921875	129.88038635253906	126.33416748046875	126.33416748046875	341763	2021/08/03 
2021/08/04 	127.22071838378906	128.55055236816406	123.67449951171875	126.33416748046875	531040	2021/08/04 
2021/08/05 	124.5610580444336	127.66400146484375	124.5610580444336	126.7774429321289	57150	2021/08/05 
2021/08/06 	125.89088439941406	128.10728454589844	125.4476089477539	126.7774429321289	208888	2021/08/06 
2021/08/09 	127.22071838378906	131.21022033691406	126.7774429321289	128.55055236816406	274619	2021/08/09 
2021/08/10 	128.10728454589844	128.10728454589844	122.34466552734375	125.00433349609375	817498	2021/08/10 
2021/08/11 	126.7774429321289	127.66400146484375	121.9013900756836	121.9013900756836	512701	2021/08/11 
2021/08/12 	122.34466552734375	123.2312240600586	121.9013900756836	122.7879409790039	165894	2021/08/12 
2021/08/13 	122.34466552734375	122.34466552734375	113.9223861694336	113.9223861694336	844416	2021/08/13 
2021/08/16 	114.36566925048828	115.69549560546875	110.37616729736328	111.70600128173828	399745	2021/08/16 
2021/08/17 	111.70600128173828	112.14927673339844	106.38666534423828	106.38666534423828	316785	2021/08/17 
2021/08/18 	105.94338989257812	109.48960876464844	99.73749542236328	109.04633331298828	488517	2021/08/18 
2021/08/19 	108.15977478027344	109.9328842163086	105.50010681152344	107.71649932861328	151553	2021/08/19 
2021/08/20 	108.15977478027344	112.5925521850586	107.27322387695312	111.70600128173828	204738	2021/08/20 
2021/08/23 	113.03583526611328	115.69549560546875	111.70600128173828	114.80894470214844	264202	2021/08/23 
2021/08/24 	117.02532958984375	117.02532958984375	113.03583526611328	114.36566925048828	110698	2021/08/24 
2021/08/25 	114.80894470214844	114.80894470214844	113.47911071777344	113.9223861694336	63897	2021/08/25 
2021/08/26 	114.80894470214844	114.80894470214844	112.5925521850586	112.5925521850586	55224	2021/08/26 
2021/08/27 	115.2522201538086	123.67449951171875	115.2522201538086	122.7879409790039	513897	2021/08/27 
2021/08/30 	122.34466552734375	128.55055236816406	121.4581069946289	122.7879409790039	370589	2021/08/30 
2021/08/31 	121.9013900756836	124.1177749633789	119.2417221069336	121.4581069946289	100299	2021/08/31 
2021/09/01 	121.4581069946289	121.9013900756836	117.9118881225586	120.5715560913086	140226	2021/09/01 
2021/09/02 	120.12828063964844	121.01483154296875	118.79844665527344	120.12828063964844	105913	2021/09/02 
2021/09/03 	119.68499755859375	121.9013900756836	119.68499755859375	120.5715560913086	185062	2021/09/03 
2021/09/06 	120.5715560913086	121.01483154296875	117.9118881225586	118.35516357421875	113939	2021/09/06 
2021/09/07 	119.2417221069336	119.2417221069336	115.2522201538086	115.69549560546875	208627	2021/09/07 
2021/09/08 	115.69549560546875	115.69549560546875	113.03583526611328	114.36566925048828	155666	2021/09/08 
2021/09/09 	112.5925521850586	115.69549560546875	112.5925521850586	113.9223861694336	90753	2021/09/09 
2021/09/10 	114.36566925048828	117.02532958984375	113.9223861694336	116.13877868652344	149766	2021/09/10 
2021/09/13 	116.13877868652344	116.5820541381836	114.80894470214844	115.69549560546875	81291	2021/09/13 
2021/09/14 	115.2522201538086	116.5820541381836	113.9223861694336	113.9223861694336	124511	2021/09/14 
2021/09/15 	115.2522201538086	115.2522201538086	113.03583526611328	113.47911071777344	176725	2021/09/15 
2021/09/16 	115.2522201538086	116.13877868652344	113.47911071777344	114.36566925048828	71763	2021/09/16 
2021/09/17 	114.80894470214844	115.69549560546875	113.47911071777344	114.80894470214844	42529	2021/09/17 
2021/09/22 	115.2522201538086	119.2417221069336	114.36566925048828	117.9118881225586	220611	2021/09/22 
2021/09/23 	119.2417221069336	120.5715560913086	118.35516357421875	120.12828063964844	247454	2021/09/23 
2021/09/24 	121.01483154296875	125.00433349609375	121.01483154296875	121.9013900756836	229741	2021/09/24 
2021/09/27 	122.7879409790039	124.5610580444336	121.9013900756836	122.34466552734375	293477	2021/09/27 
2021/09/28 	122.7879409790039	123.2312240600586	121.4581069946289	121.9013900756836	207205	2021/09/28 
2021/09/29 	120.5715560913086	123.2312240600586	119.68499755859375	121.01483154296875	321707	2021/09/29 
2021/09/30 	121.01483154296875	132.09677124023438	121.01483154296875	128.99383544921875	2783965	2021/09/30 
2021/10/01 	129.88038635253906	132.54005432128906	123.67449951171875	125.4476089477539	1300726	2021/10/01 
2021/10/04 	127.66400146484375	131.21022033691406	122.34466552734375	125.00433349609375	732748	2021/10/04 
2021/10/05 	124.1177749633789	125.00433349609375	121.9013900756836	124.1177749633789	444363	2021/10/05 
2021/10/06 	125.00433349609375	128.55055236816406	123.2312240600586	124.1177749633789	974642	2021/10/06 
2021/10/07 	125.00433349609375	125.89088439941406	123.2312240600586	124.5610580444336	629335	2021/10/07 
2021/10/08 	125.00433349609375	126.33416748046875	124.1177749633789	125.4476089477539	477062	2021/10/08 
2021/10/12 	125.89088439941406	128.99383544921875	124.5610580444336	127.22071838378906	1071883	2021/10/12 
2021/10/13 	126.33416748046875	128.55055236816406	123.2312240600586	124.5610580444336	711016	2021/10/13 
2021/10/14 	121.4581069946289	124.1177749633789	105.94338989257812	109.04633331298828	2784580	2021/10/14 
2021/10/15 	109.48960876464844	113.47911071777344	108.15977478027344	112.14927673339844	848832	2021/10/15 
2021/10/18 	113.03583526611328	114.36566925048828	106.38666534423828	108.15977478027344	839993	2021/10/18 
2021/10/19 	107.27322387695312	108.15977478027344	106.38666534423828	106.82994079589844	406210	2021/10/19 
2021/10/20 	106.38666534423828	108.60305786132812	106.38666534423828	108.15977478027344	253854	2021/10/20 
2021/10/21 	106.82994079589844	107.71649932861328	105.50010681152344	106.38666534423828	258806	2021/10/21 
2021/10/22 	107.27322387695312	111.70600128173828	107.27322387695312	110.81944274902344	589621	2021/10/22 
2021/10/25 	113.47911071777344	113.9223861694336	110.37616729736328	112.14927673339844	434219	2021/10/25 
2021/10/26 	113.47911071777344	113.47911071777344	109.48960876464844	109.9328842163086	310712	2021/10/26 
2021/10/27 	110.37616729736328	110.37616729736328	107.27322387695312	108.15977478027344	339938	2021/10/27 
2021/10/28 	108.15977478027344	108.60305786132812	106.38666534423828	107.27322387695312	484052	2021/10/28 
2021/10/29 	106.82994079589844	108.60305786132812	105.94338989257812	106.82994079589844	364491	2021/10/29 
2021/11/01 	107.27322387695312	112.5925521850586	104.61355590820312	109.9328842163086	1122524	2021/11/01 
2021/11/02 	110.37616729736328	115.69549560546875	109.9328842163086	114.80894470214844	1416926	2021/11/02 
2021/11/03 	115.69549560546875	118.35516357421875	114.80894470214844	116.13877868652344	1026756	2021/11/03 
2021/11/04 	116.5820541381836	117.46861267089844	114.80894470214844	115.69549560546875	544915	2021/11/04 
2021/11/05 	115.69549560546875	115.69549560546875	113.03583526611328	113.47911071777344	495906	2021/11/05 
2021/11/08 	112.5925521850586	114.80894470214844	112.5925521850586	114.36566925048828	247402	2021/11/08 
2021/11/09 	114.36566925048828	116.13877868652344	114.36566925048828	115.2522201538086	726604	2021/11/09 
2021/11/10 	116.13877868652344	116.5820541381836	114.80894470214844	115.69549560546875	715922	2021/11/10 
2021/11/11 	115.2522201538086	116.13877868652344	110.81944274902344	113.9223861694336	1612953	2021/11/11 
2021/11/12 	113.9223861694336	115.2522201538086	113.03583526611328	115.2522201538086	1469506	2021/11/12 
2021/11/15 	102.84044647216797	110.81944274902344	102.39716339111328	103.72699737548828	7496484	2021/11/15 
2021/11/16 	101.95388793945312	101.95388793945312	92.64505767822266	94.86144256591797	3984024	2021/11/16 
2021/11/17 	94.41816711425781	94.86144256591797	92.20177459716797	93.53160858154297	1820958	2021/11/17 
2021/11/18 	93.53160858154297	99.73749542236328	93.08833312988281	95.74800109863281	1956350	2021/11/18 
2021/11/19 	95.30471801757812	95.30471801757812	92.20177459716797	92.64505767822266	2590119	2021/11/19 
2021/11/22 	93.08833312988281	93.08833312988281	88.2122802734375	88.65555572509766	1911796	2021/11/22 
2021/11/23 	88.65555572509766	90.42866516113281	88.56690216064453	88.65555572509766	708780	2021/11/23 
2021/11/24 	89.54210662841797	90.42866516113281	88.65555572509766	88.65555572509766	556714	2021/11/24 
2021/11/25 	89.09883117675781	89.98538970947266	87.32572174072266	87.41437530517578	868611	2021/11/25 
2021/11/26 	87.32572174072266	87.41437530517578	82.00638580322266	82.09504699707031	2231527	2021/11/26 
2021/11/29 	79.79000091552734	82.09504699707031	78.99209594726562	82.09504699707031	1395865	2021/11/29 
2021/11/30 	82.98159790039062	85.46395874023438	82.98159790039062	84.57740020751953	684498	2021/11/30 
2021/12/01 	83.77949523925781	83.77949523925781	81.20848846435547	81.5631103515625	731631	2021/12/01 
2021/12/02 	81.38579559326172	81.38579559326172	79.34672546386719	79.79000091552734	922457	2021/12/02 
2021/12/03 	80.14462280273438	85.10932922363281	79.79000091552734	82.80429077148438	820763	2021/12/03 
2021/12/06 	82.44966888427734	82.44966888427734	81.20848846435547	81.65176391601562	457925	2021/12/06 
2021/12/07 	87.32572174072266	87.32572174072266	84.4887466430664	84.93202209472656	1047089	2021/12/07 
2021/12/08 	85.99588775634766	86.70513153076172	83.77949523925781	84.2227783203125	842017	2021/12/08 
2021/12/09 	84.4887466430664	86.26185607910156	84.4887466430664	85.8185806274414	698786	2021/12/09 
2021/12/10 	86.26185607910156	93.97489166259766	85.99588775634766	93.97489166259766	2155383	2021/12/10 
2021/12/13 	96.19127655029297	102.39716339111328	94.41816711425781	100.18077850341797	4318654	2021/12/13 
2021/12/14 	99.73749542236328	99.73749542236328	91.75849914550781	92.64505767822266	2522447	2021/12/14 
2021/12/15 	93.08833312988281	96.63455200195312	92.64505767822266	94.41816711425781	1045460	2021/12/15 
2021/12/16 	96.19127655029297	96.63455200195312	92.20177459716797	92.64505767822266	933230	2021/12/16 
2021/12/17 	93.08833312988281	94.86144256591797	91.75849914550781	93.08833312988281	818922	2021/12/17 
2021/12/20 	96.19127655029297	98.85094451904297	95.30471801757812	95.74800109863281	1807279	2021/12/20 
2021/12/21 	98.40766906738281	101.51061248779297	96.19127655029297	100.62405395507812	2184396	2021/12/21 
2021/12/22 	101.51061248779297	101.51061248779297	98.40766906738281	98.40766906738281	1516701	2021/12/22 
2021/12/23 	98.40766906738281	99.29421997070312	95.74800109863281	95.74800109863281	992108	2021/12/23 
2021/12/24 	95.30471801757812	96.19127655029297	93.08833312988281	93.08833312988281	913676	2021/12/24 
2021/12/27 	93.08833312988281	94.86144256591797	93.08833312988281	93.08833312988281	331830	2021/12/27 
2021/12/28 	93.53160858154297	94.41816711425781	93.08833312988281	93.53160858154297	370547	2021/12/28 
2021/12/29 	95.74800109863281	95.74800109863281	93.08833312988281	93.53160858154297	404266	2021/12/29 
2021/12/30 	95.30471801757812	95.74800109863281	93.97489166259766	95.30471801757812	632100	2021/12/30 
2022/01/03 	95.74800109863281	96.19127655029297	93.53160858154297	93.97489166259766	432199	2022/01/03 
2022/01/04 	94.86144256591797	94.86144256591797	93.53160858154297	93.97489166259766	375723	2022/01/04 
2022/01/05 	94.41816711425781	94.86144256591797	93.08833312988281	93.08833312988281	367356	2022/01/05 
2022/01/06 	93.53160858154297	93.53160858154297	89.98538970947266	90.87194061279297	1045732	2022/01/06 
2022/01/07 	97.52111053466797	99.29421997070312	94.86144256591797	98.85094451904297	3854631	2022/01/07 
2022/01/10 	98.40766906738281	100.62405395507812	96.19127655029297	98.40766906738281	2810292	2022/01/10 
2022/01/11 	96.63455200195312	98.40766906738281	94.86144256591797	95.30471801757812	1477069	2022/01/11 
2022/01/12 	96.19127655029297	96.19127655029297	92.20177459716797	93.08833312988281	1023327	2022/01/12 
2022/01/13 	93.08833312988281	93.97489166259766	92.64505767822266	92.64505767822266	333188	2022/01/13 
2022/01/14 	92.64505767822266	93.08833312988281	89.98538970947266	91.31522369384766	667076	2022/01/14 
2022/01/17 	93.08833312988281	93.08833312988281	91.75849914550781	92.64505767822266	289844	2022/01/17 
2022/01/18 	92.64505767822266	94.41816711425781	92.20177459716797	92.20177459716797	251613	2022/01/18 
2022/01/19 	92.20177459716797	92.20177459716797	90.87194061279297	91.75849914550781	335703	2022/01/19 
2022/01/20 	91.75849914550781	96.63455200195312	91.75849914550781	95.74800109863281	1188970	2022/01/20 
2022/01/21 	95.30471801757812	95.30471801757812	92.20177459716797	92.20177459716797	679179	2022/01/21 
2022/01/24 	91.31522369384766	91.75849914550781	88.65555572509766	90.87194061279297	596990	2022/01/24 
2022/01/25 	90.87194061279297	90.87194061279297	89.54210662841797	89.98538970947266	329642	2022/01/25 
2022/01/26 	90.42866516113281	91.75849914550781	89.54210662841797	89.98538970947266	416070	2022/01/26 
2022/02/07 	90.87194061279297	90.87194061279297	89.09883117675781	89.98538970947266	322596	2022/02/07 
2022/02/08 	90.87194061279297	92.64505767822266	89.54210662841797	92.64505767822266	313391	2022/02/08 
2022/02/09 	93.08833312988281	93.08833312988281	91.31522369384766	91.75849914550781	455784	2022/02/09 
2022/02/10 	92.64505767822266	92.64505767822266	91.31522369384766	91.75849914550781	233696	2022/02/10 
2022/02/11 	89.54210662841797	90.42866516113281	87.05975341796875	89.98538970947266	440600	2022/02/11 
2022/02/14 	89.09883117675781	89.09883117675781	88.03496551513672	88.65555572509766	484079	2022/02/14 
2022/02/15 	88.65555572509766	89.09883117675781	88.38958740234375	88.38958740234375	324231	2022/02/15 
2022/02/16 	89.09883117675781	89.98538970947266	88.65555572509766	89.98538970947266	221700	2022/02/16 
2022/02/17 	89.98538970947266	89.98538970947266	88.65555572509766	88.65555572509766	211598	2022/02/17 
2022/02/18 	88.65555572509766	88.65555572509766	88.2122802734375	88.56690216064453	179086	2022/02/18 
2022/02/21 	88.56690216064453	88.65555572509766	87.76899719238281	88.30093383789062	330187	2022/02/21 
2022/02/22 	87.85765838623047	87.85765838623047	86.8824462890625	86.8824462890625	485192	2022/02/22 
2022/02/23 	87.05975341796875	87.59169006347656	87.05975341796875	87.32572174072266	144624	2022/02/23 
2022/02/24 	87.76899719238281	87.76899719238281	83.42487335205078	83.51353454589844	730951	2022/02/24 
2022/02/25 	83.60218811035156	86.35050964355469	83.60218811035156	85.64126586914062	351337	2022/02/25 
2022/03/01 	85.64126586914062	86.17320251464844	85.5526123046875	85.99588775634766	206949	2022/03/01 
2022/03/02 	85.90723419189453	86.43916320800781	84.2227783203125	85.99588775634766	342219	2022/03/02 
2022/03/03 	86.97109985351562	91.31522369384766	86.52782440185547	91.31522369384766	1263885	2022/03/03 
2022/03/04 	89.54210662841797	90.42866516113281	88.12361907958984	88.65555572509766	672607	2022/03/04 
2022/03/07 	88.56690216064453	88.56690216064453	84.40008544921875	85.10932922363281	670297	2022/03/07 
2022/03/08 	85.8185806274414	85.99588775634766	82.44966888427734	82.8929443359375	609428	2022/03/08 
2022/03/09 	84.04546356201172	88.65555572509766	83.69084167480469	85.10932922363281	664314	2022/03/09 
2022/03/10 	85.72991943359375	86.35050964355469	84.93202209472656	85.72991943359375	398435	2022/03/10 
2022/03/11 	86.08454132080078	86.08454132080078	84.66605377197266	85.5526123046875	152769	2022/03/11 
2022/03/14 	85.99588775634766	85.99588775634766	84.57740020751953	84.84336853027344	263176	2022/03/14 
2022/03/15 	84.93202209472656	84.93202209472656	83.33621978759766	83.33621978759766	417683	2022/03/15 
2022/03/16 	84.31143188476562	85.5526123046875	82.71562957763672	85.19799041748047	427878	2022/03/16 
2022/03/17 	85.19799041748047	87.05975341796875	85.19799041748047	87.05975341796875	428964	2022/03/17 
2022/03/18 	87.32572174072266	88.56690216064453	86.35050964355469	88.56690216064453	379231	2022/03/18 
2022/03/21 	89.54210662841797	89.54210662841797	87.76899719238281	88.12361907958984	340864	2022/03/21 
2022/03/22 	87.76899719238281	87.85765838623047	86.97109985351562	87.32572174072266	192204	2022/03/22 
2022/03/23 	87.59169006347656	87.68034362792969	87.14840698242188	87.59169006347656	203260	2022/03/23 
2022/03/24 	87.59169006347656	90.42866516113281	87.41437530517578	89.09883117675781	755288	2022/03/24 
2022/03/25 	89.09883117675781	89.09883117675781	88.12361907958984	88.2122802734375	243973	2022/03/25 
2022/03/28 	88.12361907958984	89.98538970947266	87.05975341796875	89.54210662841797	684688	2022/03/28 
2022/03/29 	89.54210662841797	90.42866516113281	88.65555572509766	88.65555572509766	356268	2022/03/29 
2022/03/30 	89.09883117675781	89.09883117675781	87.68034362792969	87.9463119506836	245666	2022/03/30 
2022/03/31 	87.85765838623047	89.98538970947266	87.76899719238281	87.76899719238281	267481	2022/03/31 
2022/04/01 	87.32572174072266	88.03496551513672	86.70513153076172	87.68034362792969	229015	2022/04/01 
2022/04/06 	87.41437530517578	89.09883117675781	87.41437530517578	88.47824096679688	295638	2022/04/06 
2022/04/07 	88.56690216064453	88.56690216064453	86.26185607910156	86.26185607910156	394833	2022/04/07 
2022/04/08 	86.35050964355469	87.32572174072266	86.35050964355469	86.79378509521484	173815	2022/04/08 
2022/04/11 	86.97109985351562	88.30093383789062	86.97109985351562	88.03496551513672	399683	2022/04/11 
2022/04/12 	88.38958740234375	88.47824096679688	87.59169006347656	87.76899719238281	342225	2022/04/12 
2022/04/13 	88.47824096679688	88.47824096679688	87.59169006347656	88.2122802734375	462836	2022/04/13 
2022/04/14 	88.7272720336914	89.54545593261719	88.2727279663086	89.09091186523438	491572	2022/04/14 
2022/04/15 	88.45454406738281	91.81818389892578	88.45454406738281	90.63636016845703	722931	2022/04/15 
2022/04/18 	94.54545593261719	98.63636016845703	91.81818389892578	96.36363220214844	3650809	2022/04/18 
2022/04/19 	95.45454406738281	98.63636016845703	93.63636016845703	97.2727279663086	3044748	2022/04/19 
2022/04/20 	100.0	106.81818389892578	98.18181610107422	106.81818389892578	4966001	2022/04/20 
2022/04/21 	115.45454406738281	115.45454406738281	107.2727279663086	111.36363220214844	8171359	2022/04/21 
2022/04/22 	107.2727279663086	111.81818389892578	106.36363220214844	110.90908813476562	4244487	2022/04/22 
2022/04/25 	107.2727279663086	110.0	105.0	108.18181610107422	3812084	2022/04/25 
2022/04/26 	108.18181610107422	113.18181610107422	105.45454406738281	110.90908813476562	5601778	2022/04/26 
2022/04/27 	106.36363220214844	110.0	104.54545593261719	110.0	3520000	2022/04/27 
2022/04/28 	110.45454406738281	111.36363220214844	103.63636016845703	104.54545593261719	2931263	2022/04/28 
2022/04/29 	105.0	105.45454406738281	99.09091186523438	100.45454406738281	3261002	2022/04/29 
2022/05/03 	100.0	100.0	93.63636016845703	95.0	2696969	2022/05/03 
2022/05/04 	95.45454406738281	96.36363220214844	94.09091186523438	94.09091186523438	1130735	2022/05/04 
2022/05/05 	93.63636016845703	95.90908813476562	93.18181610107422	94.09091186523438	1231610	2022/05/05 
2022/05/06 	92.2727279663086	92.7272720336914	89.63636016845703	90.0	1876653	2022/05/06 
2022/05/09 	89.36363220214844	89.54545593261719	86.7272720336914	87.18181610107422	1390825	2022/05/09 
2022/05/10 	85.7272720336914	89.2727279663086	85.0	88.2727279663086	842869	2022/05/10 
2022/05/11 	88.90908813476562	89.0	86.09091186523438	86.2727279663086	1121884	2022/05/11 
2022/05/12 	86.2727279663086	87.54545593261719	85.90908813476562	86.45454406738281	786088	2022/05/12 
2022/05/13 	81.81818389892578	84.54545593261719	81.63636016845703	82.90908813476562	5076799	2022/05/13 
2022/05/16 	83.63636016845703	83.81818389892578	81.90908813476562	81.90908813476562	1474002	2022/05/16 
2022/05/17 	82.18181610107422	83.2727279663086	82.18181610107422	82.63636016845703	681114	2022/05/17 
2022/05/18 	83.18181610107422	86.45454406738281	82.45454406738281	85.81818389892578	1562300	2022/05/18 
2022/05/19 	84.09091186523438	84.54545593261719	82.90908813476562	83.81818389892578	943598	2022/05/19 
2022/05/20 	84.63636016845703	84.63636016845703	83.18181610107422	83.2727279663086	688281	2022/05/20 
2022/05/23 	83.45454406738281	83.63636016845703	82.54545593261719	82.63636016845703	622848	2022/05/23 
2022/05/24 	83.45454406738281	85.09091186523438	83.18181610107422	83.18181610107422	1892921	2022/05/24 
2022/05/25 	83.90908813476562	84.36363220214844	82.90908813476562	83.0	1385158	2022/05/25 
2022/05/26 	83.45454406738281	83.45454406738281	82.36363220214844	82.36363220214844	885514	2022/05/26 
2022/05/27 	83.09091186523438	83.18181610107422	82.7272720336914	82.81818389892578	412569	2022/05/27 
2022/05/30 	83.18181610107422	84.63636016845703	83.18181610107422	84.0	718516	2022/05/30 
2022/05/31 	83.7272720336914	84.2727279663086	83.45454406738281	83.81818389892578	395213	2022/05/31 
2022/06/01 	84.09091186523438	86.81818389892578	84.0	85.63636016845703	1723091	2022/06/01 
2022/06/02 	85.63636016845703	85.63636016845703	84.18181610107422	84.36363220214844	650507	2022/06/02 
2022/06/06 	84.36363220214844	84.45454406738281	83.36363220214844	84.0	583495	2022/06/06 
2022/06/07 	84.0	84.54545593261719	83.7272720336914	83.7272720336914	295209	2022/06/07 
2022/06/08 	84.09091186523438	84.7272720336914	84.09091186523438	84.09091186523438	344177	2022/06/08 
2022/06/09 	84.90908813476562	89.45454406738281	84.90908813476562	88.09091186523438	3792784	2022/06/09 
2022/06/10 	88.0	89.36363220214844	86.7272720336914	86.81818389892578	2104781	2022/06/10 
2022/06/13 	84.18181610107422	85.18181610107422	84.09091186523438	84.18181610107422	1312003	2022/06/13 
2022/06/14 	83.63636016845703	85.0	82.90908813476562	84.09091186523438	909322	2022/06/14 
2022/06/15 	84.45454406738281	87.63636016845703	84.45454406738281	85.18181610107422	1735957	2022/06/15 
2022/06/16 	86.36363220214844	86.54545593261719	83.7272720336914	83.7272720336914	769472	2022/06/16 
2022/06/17 	83.2727279663086	84.54545593261719	83.09091186523438	83.81818389892578	712395	2022/06/17 
2022/06/20 	84.45454406738281	85.18181610107422	83.18181610107422	83.18181610107422	747841	2022/06/20 
2022/06/21 	84.09091186523438	84.2727279663086	83.36363220214844	83.7272720336914	650646	2022/06/21 
2022/06/22 	84.54545593261719	86.18181610107422	83.36363220214844	83.63636016845703	1690539	2022/06/22 
2022/06/23 	84.45454406738281	84.54545593261719	83.45454406738281	84.0	870454	2022/06/23 
2022/06/24 	84.90908813476562	87.54545593261719	84.45454406738281	86.90908813476562	2957715	2022/06/24 
2022/06/27 	87.90908813476562	88.90908813476562	85.90908813476562	87.09091186523438	2420563	2022/06/27 
2022/06/28 	88.45454406738281	89.54545593261719	87.09091186523438	88.54545593261719	3569832	2022/06/28 
2022/06/29 	89.36363220214844	89.54545593261719	87.09091186523438	87.45454406738281	2514089	2022/06/29 
2022/06/30 	87.36363220214844	87.63636016845703	85.18181610107422	85.18181610107422	2024616	2022/06/30 
2022/07/01 	85.18181610107422	86.09091186523438	82.09091186523438	82.09091186523438	2222862	2022/07/01 
2022/07/04 	82.54545593261719	83.18181610107422	81.18181610107422	81.2727279663086	1349528	2022/07/04 
2022/07/05 	82.54545593261719	84.0	81.7272720336914	83.09091186523438	1212517	2022/07/05 
2022/07/06 	83.2727279663086	83.36363220214844	81.54545593261719	81.54545593261719	872220	2022/07/06 
2022/07/07 	82.18181610107422	82.2727279663086	79.7272720336914	80.90908813476562	1408055	2022/07/07 
2022/07/08 	83.54545593261719	84.0	81.18181610107422	81.7272720336914	1199008	2022/07/08 
2022/07/11 	82.36363220214844	82.36363220214844	79.81818389892578	80.18181610107422	990954	2022/07/11 
2022/07/12 	79.7272720336914	79.7272720336914	73.81818389892578	73.81818389892578	2369943	2022/07/12 
2022/07/13 	76.36363220214844	76.36363220214844	73.90908813476562	74.09091186523438	1423417	2022/07/13 
2022/07/14 	72.7272720336914	73.36363220214844	69.36363220214844	71.63636016845703	2789050	2022/07/14 
2022/07/15 	72.45454406738281	72.45454406738281	69.90908813476562	70.18181610107422	2072569	2022/07/15 
2022/07/18 	70.45454406738281	71.36363220214844	70.09091186523438	71.09091186523438	1413513	2022/07/18 
2022/07/19 	71.0	72.45454406738281	70.63636016845703	72.36363220214844	882825	2022/07/19 
2022/07/20 	73.18181610107422	73.54545593261719	72.36363220214844	72.54545593261719	951847	2022/07/20 
2022/07/21 	72.90908813476562	73.18181610107422	71.63636016845703	72.90908813476562	944496	2022/07/21 
2022/07/22 	73.0	74.0	72.54545593261719	73.45454406738281	677625	2022/07/22 
2022/07/25 	73.7272720336914	75.90908813476562	73.7272720336914	75.09091186523438	1003377	2022/07/25 
2022/07/26 	75.18181610107422	75.45454406738281	73.7272720336914	73.81818389892578	626183	2022/07/26 
2022/07/27 	73.7272720336914	74.2727279663086	73.2727279663086	74.2727279663086	322195	2022/07/27 
2022/07/28 	75.0	75.2727279663086	74.0	74.0	410406	2022/07/28 
2022/07/29 	74.90908813476562	74.90908813476562	73.81818389892578	74.0	465307	2022/07/29 
2022/08/01 	74.54545593261719	74.81818389892578	73.63636016845703	74.0	328629	2022/08/01 
2022/08/02 	73.63636016845703	73.63636016845703	71.0	71.54545593261719	915120	2022/08/02 
2022/08/03 	71.54545593261719	71.90908813476562	70.36363220214844	70.7272720336914	634401	2022/08/03 
2022/08/04 	70.90908813476562	70.90908813476562	69.63636016845703	70.7272720336914	470113	2022/08/04 
2022/08/05 	70.7272720336914	72.90908813476562	70.7272720336914	72.81818389892578	486596	2022/08/05 
2022/08/08 	71.0	71.36363220214844	70.45454406738281	71.09091186523438	524568	2022/08/08 
2022/08/09 	71.45454406738281	72.36363220214844	71.2727279663086	71.63636016845703	291113	2022/08/09 
2022/08/10 	71.2727279663086	71.81818389892578	71.18181610107422	71.54545593261719	206800	2022/08/10 
2022/08/11 	72.2727279663086	73.45454406738281	72.09091186523438	73.18181610107422	718874	2022/08/11 
2022/08/12 	75.2727279663086	75.2727279663086	73.54545593261719	74.2727279663086	524945	2022/08/12 
2022/08/15 	75.0	77.63636016845703	74.90908813476562	76.45454406738281	1783248	2022/08/15 
2022/08/16 	77.18181610107422	78.2727279663086	76.2727279663086	77.0	1336555	2022/08/16 
2022/08/17 	77.36363220214844	78.18181610107422	76.7272720336914	76.90908813476562	892097	2022/08/17 
2022/08/18 	76.90908813476562	77.7272720336914	76.7272720336914	77.54545593261719	493010	2022/08/18 
2022/08/19 	77.63636016845703	78.81818389892578	77.18181610107422	77.54545593261719	680350	2022/08/19 
2022/08/22 	77.2727279663086	77.2727279663086	76.45454406738281	76.63636016845703	409200	2022/08/22 
2022/08/23 	76.90908813476562	77.0	75.54545593261719	75.90908813476562	640700	2022/08/23 
2022/08/24 	76.36363220214844	76.7272720336914	75.81818389892578	75.90908813476562	826395	2022/08/24 
2022/08/25 	76.36363220214844	78.36363220214844	76.09091186523438	77.7272720336914	1738610	2022/08/25 
2022/08/26 	78.4000015258789	79.9000015258789	78.0999984741211	79.0	1663801	2022/08/26 
2022/08/29 	77.30000305175781	78.4000015258789	77.0	78.0	533518	2022/08/29 
2022/08/30 	79.0999984741211	80.5	78.69999694824219	79.19999694824219	755130	2022/08/30 
2022/08/31 	78.80000305175781	78.9000015258789	78.4000015258789	78.80000305175781	562328	2022/08/31 
2022/09/01 	78.5	78.69999694824219	78.0	78.30000305175781	390681	2022/09/01 
2022/09/02 	78.5	79.0	78.0	78.19999694824219	365640	2022/09/02 
2022/09/05 	78.19999694824219	78.30000305175781	77.19999694824219	77.30000305175781	342398	2022/09/05 
2022/09/06 	77.30000305175781	77.80000305175781	76.5	76.5	482457	2022/09/06 
2022/09/07 	76.80000305175781	76.80000305175781	74.5	74.5	533308	2022/09/07 
2022/09/08 	75.0	75.80000305175781	74.19999694824219	75.30000305175781	349550	2022/09/08 
2022/09/12 	76.0	76.0999984741211	75.5	75.80000305175781	178066	2022/09/12 
2022/09/13 	75.9000015258789	76.4000015258789	75.0999984741211	75.0999984741211	277851	2022/09/13 
2022/09/14 	74.4000015258789	74.4000015258789	73.5	73.9000015258789	383359	2022/09/14 
2022/09/15 	73.9000015258789	74.5	73.5999984741211	73.69999694824219	291210	2022/09/15 
2022/09/16 	73.4000015258789	73.4000015258789	72.5999984741211	72.5999984741211	375951	2022/09/16 
2022/09/19 	72.4000015258789	72.4000015258789	70.0	70.0999984741211	847384	2022/09/19 
2022/09/20 	70.19999694824219	70.69999694824219	69.5999984741211	70.0	431074	2022/09/20 
2022/09/21 	69.5	70.69999694824219	69.30000305175781	70.4000015258789	283204	2022/09/21 
2022/09/22 	69.5999984741211	70.0999984741211	68.9000015258789	70.0999984741211	386190	2022/09/22 
2022/09/23 	71.0	74.0999984741211	70.19999694824219	71.9000015258789	731230	2022/09/23 
2022/09/26 	71.9000015258789	71.9000015258789	68.69999694824219	68.69999694824219	678402	2022/09/26 
2022/09/27 	68.5999984741211	70.0	68.19999694824219	69.80000305175781	298843	2022/09/27 
2022/09/28 	69.5	69.5999984741211	66.4000015258789	66.4000015258789	541226	2022/09/28 
2022/09/29 	68.0	68.0	66.0999984741211	67.0	227700	2022/09/29 
2022/09/30 	65.19999694824219	66.5999984741211	65.19999694824219	66.30000305175781	302939	2022/09/30 
2022/10/03 	66.0	66.19999694824219	65.0	65.4000015258789	375918	2022/10/03 
2022/10/04 	66.0	66.80000305175781	65.69999694824219	66.5999984741211	368109	2022/10/04 
2022/10/05 	67.5999984741211	67.69999694824219	67.0	67.0	311351	2022/10/05 
2022/10/06 	67.0999984741211	67.19999694824219	66.0999984741211	66.30000305175781	332100	2022/10/06 
2022/10/07 	65.9000015258789	67.5999984741211	65.9000015258789	66.69999694824219	333367	2022/10/07 
2022/10/11 	66.4000015258789	66.4000015258789	64.19999694824219	64.4000015258789	505780	2022/10/11 
2022/10/12 	64.5	64.5	61.5	61.900001525878906	607790	2022/10/12 
2022/10/13 	61.900001525878906	62.20000076293945	57.20000076293945	57.20000076293945	1003859	2022/10/13 
2022/10/14 	58.70000076293945	59.900001525878906	58.70000076293945	59.5	503800	2022/10/14 
2022/10/17 	59.20000076293945	59.599998474121094	57.29999923706055	59.400001525878906	384799	2022/10/17 
2022/10/18 	60.29999923706055	62.5	60.099998474121094	62.29999923706055	480800	2022/10/18 
2022/10/19 	63.29999923706055	64.5999984741211	62.5	62.79999923706055	758100	2022/10/19 
2022/10/20 	62.400001525878906	62.70000076293945	60.79999923706055	61.599998474121094	438774	2022/10/20 
2022/10/21 	62.20000076293945	62.20000076293945	59.099998474121094	59.099998474121094	478681	2022/10/21 
2022/10/24 	61.20000076293945	62.5	60.5	61.0	483518	2022/10/24 
2022/10/25 	62.29999923706055	65.0	62.29999923706055	62.70000076293945	1334209	2022/10/25 
2022/10/26 	63.20000076293945	63.900001525878906	61.79999923706055	61.79999923706055	369000	2022/10/26 
2022/10/27 	61.900001525878906	62.900001525878906	61.70000076293945	62.20000076293945	222200	2022/10/27 
2022/10/28 	61.900001525878906	62.400001525878906	60.400001525878906	60.400001525878906	334600	2022/10/28 
2022/10/31 	61.400001525878906	61.599998474121094	60.400001525878906	60.70000076293945	152010	2022/10/31 
2022/11/01 	60.79999923706055	61.5	60.70000076293945	61.29999923706055	149839	2022/11/01 
2022/11/02 	61.20000076293945	62.0	61.20000076293945	61.79999923706055	170450	2022/11/02 
2022/11/03 	61.5	62.20000076293945	61.0	62.099998474121094	198917	2022/11/03 
2022/11/04 	62.099998474121094	64.19999694824219	62.099998474121094	62.599998474121094	596002	2022/11/04 
2022/11/07 	62.900001525878906	63.099998474121094	62.20000076293945	62.599998474121094	360139	2022/11/07 
2022/11/08 	63.29999923706055	63.400001525878906	61.5	61.599998474121094	541400	2022/11/08 
2022/11/09 	62.0	64.0	61.900001525878906	63.70000076293945	853617	2022/11/09 
2022/11/10 	63.599998474121094	65.19999694824219	62.900001525878906	63.29999923706055	901121	2022/11/10 
2022/11/11 	64.5	64.5	60.79999923706055	60.900001525878906	1515878	2022/11/11 
2022/11/14 	60.900001525878906	61.70000076293945	60.5	61.0	606156	2022/11/14 
2022/11/15 	61.79999923706055	62.70000076293945	61.099998474121094	62.0	414500	2022/11/15 
2022/11/16 	62.0	62.70000076293945	61.099998474121094	61.099998474121094	445869	2022/11/16 
2022/11/17 	61.099998474121094	62.0	61.099998474121094	61.5	171481	2022/11/17 
2022/11/18 	61.599998474121094	62.0	61.20000076293945	61.5	243900	2022/11/18 
2022/11/21 	61.29999923706055	62.400001525878906	60.79999923706055	61.79999923706055	624642	2022/11/21 
2022/11/22 	62.0	62.0	60.599998474121094	60.900001525878906	451977	2022/11/22 
2022/11/23 	61.099998474121094	62.29999923706055	61.099998474121094	62.0	503725	2022/11/23 
2022/11/24 	62.20000076293945	62.79999923706055	61.70000076293945	62.70000076293945	472312	2022/11/24 
2022/11/25 	62.70000076293945	64.0999984741211	62.70000076293945	62.70000076293945	621200	2022/11/25 
2022/11/28 	62.70000076293945	62.79999923706055	61.900001525878906	62.70000076293945	263549	2022/11/28 
2022/11/29 	62.599998474121094	62.599998474121094	61.29999923706055	61.5	524295	2022/11/29 
2022/11/30 	62.099998474121094	64.0	62.099998474121094	63.70000076293945	1285404	2022/11/30 
2022/12/01 	64.5	64.5	63.20000076293945	63.900001525878906	768788	2022/12/01 
2022/12/02 	63.900001525878906	70.19999694824219	63.5	70.19999694824219	4283071	2022/12/02 
2022/12/05 	70.30000305175781	71.69999694824219	68.5	69.0	4388970	2022/12/05 
2022/12/06 	68.80000305175781	73.0	68.30000305175781	70.80000305175781	4410511	2022/12/06 
2022/12/07 	70.0999984741211	71.5999984741211	68.30000305175781	68.5	2120262	2022/12/07 
2022/12/08 	68.30000305175781	71.19999694824219	68.19999694824219	69.9000015258789	2364363	2022/12/08 
2022/12/09 	70.19999694824219	72.0	69.19999694824219	69.19999694824219	2742032	2022/12/09 
2022/12/12 	69.30000305175781	71.80000305175781	68.30000305175781	70.9000015258789	3008160	2022/12/12 
2022/12/13 	71.69999694824219	75.4000015258789	71.19999694824219	74.0	7122337	2022/12/13 
2022/12/14 	78.0	81.4000015258789	77.19999694824219	81.4000015258789	12819690	2022/12/14 
2022/12/15 	80.0	84.0	79.5	79.5	17777991	2022/12/15 
2022/12/16 	79.5	82.30000305175781	76.69999694824219	76.69999694824219	10241036	2022/12/16 
2022/12/19 	76.80000305175781	79.5	75.5	75.69999694824219	5417411	2022/12/19 
2022/12/20 	75.80000305175781	81.30000305175781	75.80000305175781	78.0	12734709	2022/12/20 
2022/12/21 	81.80000305175781	84.19999694824219	81.0	82.30000305175781	16281103	2022/12/21 
2022/12/22 	82.30000305175781	84.80000305175781	79.5	82.4000015258789	13676351	2022/12/22 
2022/12/23 	82.4000015258789	84.69999694824219	82.0	82.9000015258789	8579770	2022/12/23 
2022/12/26 	84.0	86.69999694824219	83.0999984741211	85.5999984741211	14094896	2022/12/26 
2022/12/27 	87.0	89.5999984741211	87.0	87.69999694824219	19729877	2022/12/27 
2022/12/28 	88.0	90.0	87.80000305175781	88.9000015258789	13388696	2022/12/28 
2022/12/29 	88.69999694824219	88.80000305175781	85.0	85.69999694824219	10596175	2022/12/29 
2022/12/30 	87.0	88.30000305175781	84.0999984741211	84.9000015258789	7590942	2022/12/30 
2023/01/03 	85.4000015258789	90.4000015258789	85.0999984741211	90.4000015258789	10543605	2023/01/03 
2023/01/04 	90.80000305175781	96.5	89.19999694824219	90.5	28693393	2023/01/04 
2023/01/05 	91.4000015258789	91.69999694824219	87.5999984741211	88.0999984741211	8764620	2023/01/05 
2023/01/06 	87.4000015258789	87.5999984741211	84.30000305175781	84.5	8190221	2023/01/06 
2023/01/09 	84.5	85.5999984741211	82.80000305175781	84.0	7084172	2023/01/09 
2023/01/10 	83.30000305175781	83.69999694824219	80.69999694824219	80.9000015258789	6264920	2023/01/10 
2023/01/11 	81.69999694824219	84.0	81.5	81.69999694824219	5663832	2023/01/11 
2023/01/12 	82.30000305175781	82.69999694824219	81.19999694824219	81.9000015258789	2516030	2023/01/12 
2023/01/13 	81.9000015258789	83.0	80.30000305175781	80.4000015258789	2583599	2023/01/13 
2023/01/16 	80.0999984741211	81.5	79.4000015258789	81.4000015258789	1613922	2023/01/16 
2023/01/17 	81.9000015258789	83.5	81.5999984741211	82.9000015258789	2754393	2023/01/17 
2023/01/30 	84.4000015258789	84.80000305175781	83.0999984741211	84.80000305175781	2650208	2023/01/30 
2023/01/31 	85.4000015258789	88.19999694824219	85.4000015258789	87.0	7952372	2023/01/31 
2023/02/01 	87.4000015258789	88.5	86.19999694824219	87.0999984741211	3797322	2023/02/01 
2023/02/02 	88.0	88.80000305175781	85.4000015258789	85.5	4619377	2023/02/02 
2023/02/03 	84.9000015258789	84.9000015258789	81.0	81.0999984741211	5714432	2023/02/03 
2023/02/06 	80.9000015258789	82.30000305175781	80.30000305175781	82.19999694824219	1692057	2023/02/06 
2023/02/07 	82.5	82.5999984741211	80.5	81.19999694824219	2434685	2023/02/07 
2023/02/08 	82.5	82.9000015258789	81.80000305175781	82.30000305175781	1912549	2023/02/08 
2023/02/09 	82.5	84.0999984741211	82.19999694824219	82.5999984741211	2971430	2023/02/09 
2023/02/10 	84.0	87.9000015258789	83.9000015258789	86.5	13823248	2023/02/10 
2023/02/13 	88.0	90.19999694824219	87.5	87.5	15568600	2023/02/13 
2023/02/14 	88.5	89.30000305175781	86.69999694824219	86.69999694824219	5086016	2023/02/14 
2023/02/15 	87.0	90.0	86.9000015258789	89.19999694824219	10305254	2023/02/15 
2023/02/16 	90.4000015258789	91.9000015258789	88.69999694824219	88.69999694824219	9333699	2023/02/16 
2023/02/17 	88.5999984741211	90.0	88.5999984741211	89.80000305175781	4434260	2023/02/17 
2023/02/20 	90.30000305175781	91.80000305175781	89.0999984741211	89.19999694824219	5029528	2023/02/20 
2023/02/21 	89.5999984741211	89.69999694824219	87.0	87.19999694824219	4832429	2023/02/21 
2023/02/22 	86.80000305175781	87.0	85.4000015258789	86.0	3090053	2023/02/22 
2023/02/23 	87.0	88.5999984741211	86.80000305175781	88.5999984741211	2619636	2023/02/23 
2023/02/24 	90.4000015258789	90.5	86.80000305175781	87.0	5058039	2023/02/24 
2023/03/01 	87.0	87.5	85.9000015258789	85.9000015258789	1736611	2023/03/01 
2023/03/02 	85.5999984741211	86.4000015258789	84.30000305175781	84.30000305175781	1879477	2023/03/02 
2023/03/03 	84.9000015258789	86.5999984741211	84.4000015258789	85.19999694824219	1896895	2023/03/03 
2023/03/06 	86.30000305175781	86.9000015258789	85.5999984741211	86.69999694824219	1394397	2023/03/06 
2023/03/07 	87.80000305175781	90.5	87.5	89.5999984741211	8353554	2023/03/07 
2023/03/08 	89.0	91.0	88.19999694824219	88.5999984741211	5727031	2023/03/08 
