Date	Open	High	Low	Close	Volume	Date
2022/04/25 	39.400001525878906	40.599998474121094	38.79999923706055	40.349998474121094	1893000	2022/04/25 
2022/04/26 	40.79999923706055	41.75	40.599998474121094	40.599998474121094	985300	2022/04/26 
2022/04/27 	39.29999923706055	40.0	38.95000076293945	39.29999923706055	362034	2022/04/27 
2022/04/28 	39.900001525878906	39.900001525878906	39.25	39.25	240000	2022/04/28 
2022/04/29 	39.099998474121094	39.25	37.95000076293945	38.0	541000	2022/04/29 
2022/05/03 	38.0	38.0	36.150001525878906	36.20000076293945	292008	2022/05/03 
2022/05/04 	36.900001525878906	36.900001525878906	36.150001525878906	36.400001525878906	117000	2022/05/04 
2022/05/05 	36.5	36.75	36.45000076293945	36.45000076293945	67000	2022/05/05 
2022/05/06 	36.04999923706055	36.04999923706055	35.599998474121094	36.0	95000	2022/05/06 
2022/05/09 	35.650001525878906	35.75	35.400001525878906	35.45000076293945	142000	2022/05/09 
2022/05/10 	34.95000076293945	34.95000076293945	34.099998474121094	34.599998474121094	177000	2022/05/10 
2022/05/11 	34.599998474121094	34.599998474121094	34.45000076293945	34.45000076293945	44000	2022/05/11 
2022/05/12 	34.04999923706055	34.349998474121094	32.20000076293945	33.70000076293945	133000	2022/05/12 
2022/05/13 	32.79999923706055	32.79999923706055	30.350000381469727	30.350000381469727	917000	2022/05/13 
2022/05/16 	30.0	30.0	27.5	28.75	316030	2022/05/16 
2022/05/17 	28.100000381469727	29.0	27.649999618530273	29.0	170000	2022/05/17 
2022/05/18 	29.5	29.950000762939453	29.25	29.700000762939453	126000	2022/05/18 
2022/05/19 	28.799999237060547	29.5	28.799999237060547	29.450000762939453	36000	2022/05/19 
2022/05/20 	29.200000762939453	29.25	29.0	29.200000762939453	86000	2022/05/20 
2022/05/23 	29.100000381469727	29.350000381469727	29.0	29.299999237060547	36000	2022/05/23 
2022/05/24 	29.299999237060547	29.350000381469727	28.799999237060547	28.950000762939453	52000	2022/05/24 
2022/05/25 	28.899999618530273	29.200000762939453	28.899999618530273	28.950000762939453	25000	2022/05/25 
2022/05/26 	29.0	29.100000381469727	28.899999618530273	28.950000762939453	56000	2022/05/26 
2022/05/27 	29.0	29.100000381469727	29.0	29.0	42000	2022/05/27 
2022/05/30 	29.299999237060547	29.75	29.100000381469727	29.5	28000	2022/05/30 
2022/05/31 	29.5	29.5	29.25	29.25	26000	2022/05/31 
2022/06/01 	29.049999237060547	29.149999618530273	29.0	29.0	32000	2022/06/01 
2022/06/02 	28.950000762939453	29.399999618530273	28.950000762939453	29.200000762939453	47000	2022/06/02 
2022/06/06 	29.200000762939453	30.899999618530273	29.200000762939453	30.75	104000	2022/06/06 
2022/06/07 	31.0	31.0	30.200000762939453	30.25	50000	2022/06/07 
2022/06/08 	30.0	30.399999618530273	30.0	30.399999618530273	22000	2022/06/08 
2022/06/09 	30.399999618530273	30.399999618530273	30.049999237060547	30.100000381469727	22000	2022/06/09 
2022/06/10 	31.950000762939453	33.099998474121094	31.399999618530273	33.099998474121094	339000	2022/06/10 
2022/06/13 	31.5	33.04999923706055	30.200000762939453	32.20000076293945	213000	2022/06/13 
2022/06/14 	31.399999618530273	31.600000381469727	30.75	30.950000762939453	91000	2022/06/14 
2022/06/15 	31.0	32.0	30.899999618530273	31.649999618530273	48000	2022/06/15 
2022/06/16 	31.899999618530273	31.899999618530273	30.799999237060547	30.799999237060547	71000	2022/06/16 
2022/06/17 	30.0	30.549999237060547	29.799999237060547	30.100000381469727	93000	2022/06/17 
2022/06/20 	30.100000381469727	30.5	29.450000762939453	29.5	70002	2022/06/20 
2022/06/21 	30.0	30.049999237060547	29.899999618530273	30.049999237060547	11000	2022/06/21 
2022/06/22 	29.700000762939453	29.75	29.700000762939453	29.700000762939453	4000	2022/06/22 
2022/06/23 	29.700000762939453	29.700000762939453	29.549999237060547	29.700000762939453	8000	2022/06/23 
2022/06/24 	30.5	30.5	29.850000381469727	30.100000381469727	12000	2022/06/24 
2022/06/27 	30.100000381469727	30.5	30.049999237060547	30.5	28000	2022/06/27 
2022/06/28 	30.899999618530273	30.899999618530273	29.799999237060547	30.0	20000	2022/06/28 
2022/06/29 	30.399999618530273	30.399999618530273	29.700000762939453	29.799999237060547	16238	2022/06/29 
2022/06/30 	29.899999618530273	30.0	29.549999237060547	29.549999237060547	12000	2022/06/30 
2022/07/01 	29.950000762939453	29.950000762939453	29.25	29.25	22000	2022/07/01 
2022/07/04 	30.25	30.25	29.25	29.25	20000	2022/07/04 
2022/07/05 	29.950000762939453	29.950000762939453	29.25	29.799999237060547	18000	2022/07/05 
2022/07/06 	29.850000381469727	29.850000381469727	28.5	29.200000762939453	37000	2022/07/06 
2022/07/07 	29.0	29.700000762939453	29.0	29.649999618530273	15000	2022/07/07 
2022/07/08 	29.600000381469727	29.600000381469727	29.149999618530273	29.5	28000	2022/07/08 
2022/07/11 	29.5	29.950000762939453	29.5	29.5	28032	2022/07/11 
2022/07/12 	29.0	29.399999618530273	28.75	29.399999618530273	15100	2022/07/12 
2022/07/13 	30.200000762939453	30.200000762939453	29.100000381469727	29.149999618530273	24000	2022/07/13 
2022/07/14 	28.850000381469727	29.5	28.850000381469727	29.5	23000	2022/07/14 
2022/07/15 	29.5	29.75	29.0	29.75	53013	2022/07/15 
2022/07/18 	27.450000762939453	28.5	27.450000762939453	28.0	30000	2022/07/18 
2022/07/19 	27.799999237060547	27.799999237060547	27.299999237060547	27.299999237060547	83000	2022/07/19 
2022/07/20 	27.700000762939453	27.700000762939453	27.299999237060547	27.700000762939453	19000	2022/07/20 
2022/07/21 	27.950000762939453	27.950000762939453	27.5	27.5	7000	2022/07/21 
2022/07/22 	27.850000381469727	27.850000381469727	27.850000381469727	27.850000381469727	1000	2022/07/22 
2022/07/25 	27.799999237060547	27.850000381469727	27.799999237060547	27.850000381469727	12000	2022/07/25 
2022/07/26 	27.950000762939453	28.25	27.450000762939453	28.25	17000	2022/07/26 
2022/07/27 	28.0	28.200000762939453	28.0	28.200000762939453	6212	2022/07/27 
2022/07/28 	28.350000381469727	28.350000381469727	27.600000381469727	27.600000381469727	16000	2022/07/28 
2022/07/29 	27.799999237060547	28.100000381469727	27.700000762939453	28.049999237060547	5000	2022/07/29 
2022/08/01 	28.049999237060547	28.049999237060547	27.299999237060547	28.0	12000	2022/08/01 
2022/08/02 	27.549999237060547	27.700000762939453	26.799999237060547	27.700000762939453	24000	2022/08/02 
2022/08/03 	27.299999237060547	28.450000762939453	27.200000762939453	28.149999618530273	42000	2022/08/03 
2022/08/04 	27.200000762939453	27.899999618530273	27.200000762939453	27.75	17000	2022/08/04 
2022/08/05 	27.899999618530273	27.950000762939453	27.399999618530273	27.700000762939453	12000	2022/08/05 
2022/08/08 	27.700000762939453	27.700000762939453	27.600000381469727	27.600000381469727	4000	2022/08/08 
2022/08/09 	27.649999618530273	27.950000762939453	27.649999618530273	27.75	6000	2022/08/09 
2022/08/10 	27.700000762939453	27.950000762939453	27.700000762939453	27.950000762939453	17000	2022/08/10 
2022/08/11 	28.25	28.450000762939453	28.0	28.049999237060547	32000	2022/08/11 
2022/08/12 	28.049999237060547	28.100000381469727	28.0	28.100000381469727	10000	2022/08/12 
2022/08/15 	28.399999618530273	28.399999618530273	28.049999237060547	28.049999237060547	28000	2022/08/15 
2022/08/16 	28.0	28.5	27.899999618530273	28.5	19000	2022/08/16 
2022/08/17 	28.799999237060547	28.799999237060547	28.200000762939453	28.200000762939453	7000	2022/08/17 
2022/08/18 	28.399999618530273	28.399999618530273	28.200000762939453	28.399999618530273	13000	2022/08/18 
2022/08/19 	28.600000381469727	28.600000381469727	28.200000762939453	28.200000762939453	13000	2022/08/19 
2022/08/22 	27.850000381469727	27.899999618530273	27.850000381469727	27.899999618530273	4000	2022/08/22 
2022/08/23 	27.950000762939453	27.950000762939453	27.75	27.950000762939453	26000	2022/08/23 
2022/08/24 	27.75	27.899999618530273	27.75	27.899999618530273	11000	2022/08/24 
2022/08/25 	28.100000381469727	28.5	28.100000381469727	28.149999618530273	25000	2022/08/25 
2022/08/26 	28.299999237060547	28.299999237060547	27.950000762939453	28.0	13000	2022/08/26 
2022/08/29 	28.200000762939453	28.899999618530273	28.149999618530273	28.799999237060547	45000	2022/08/29 
2022/08/30 	28.899999618530273	28.899999618530273	28.450000762939453	28.75	38000	2022/08/30 
2022/08/31 	28.25	28.700000762939453	28.25	28.700000762939453	22000	2022/08/31 
2022/09/01 	28.450000762939453	28.450000762939453	28.25	28.299999237060547	35001	2022/09/01 
2022/09/02 	28.299999237060547	28.299999237060547	28.25	28.25	12000	2022/09/02 
2022/09/05 	28.75	29.149999618530273	28.350000381469727	28.899999618530273	22000	2022/09/05 
2022/09/06 	29.0	29.049999237060547	28.399999618530273	28.399999618530273	22000	2022/09/06 
2022/09/07 	28.100000381469727	28.149999618530273	28.049999237060547	28.100000381469727	16000	2022/09/07 
2022/09/08 	28.25	28.5	28.25	28.299999237060547	9000	2022/09/08 
2022/09/12 	28.299999237060547	28.649999618530273	28.25	28.649999618530273	14100	2022/09/12 
2022/09/13 	28.600000381469727	28.649999618530273	28.5	28.649999618530273	21008	2022/09/13 
2022/09/14 	27.799999237060547	28.200000762939453	27.799999237060547	28.200000762939453	12048	2022/09/14 
2022/09/15 	28.100000381469727	28.200000762939453	28.049999237060547	28.100000381469727	14000	2022/09/15 
2022/09/16 	28.0	28.149999618530273	27.799999237060547	28.149999618530273	21000	2022/09/16 
2022/09/19 	27.899999618530273	27.950000762939453	27.0	27.549999237060547	33000	2022/09/19 
2022/09/20 	27.649999618530273	28.350000381469727	27.649999618530273	28.350000381469727	4000	2022/09/20 
2022/09/21 	27.600000381469727	27.799999237060547	27.600000381469727	27.799999237060547	9000	2022/09/21 
2022/09/22 	27.649999618530273	27.75	27.5	27.75	6000	2022/09/22 
2022/09/23 	27.450000762939453	27.600000381469727	27.100000381469727	27.600000381469727	35000	2022/09/23 
2022/09/26 	27.200000762939453	27.299999237060547	27.0	27.100000381469727	10000	2022/09/26 
2022/09/27 	27.0	27.049999237060547	26.799999237060547	27.0	12001	2022/09/27 
2022/09/28 	27.0	27.0	26.450000762939453	26.700000762939453	17000	2022/09/28 
2022/09/29 	26.700000762939453	26.899999618530273	26.700000762939453	26.899999618530273	2000	2022/09/29 
2022/09/30 	26.200000762939453	27.450000762939453	26.149999618530273	27.450000762939453	6000	2022/09/30 
2022/10/03 	26.950000762939453	26.950000762939453	26.899999618530273	26.899999618530273	2000	2022/10/03 
2022/10/04 	26.899999618530273	26.899999618530273	26.700000762939453	26.899999618530273	16000	2022/10/04 
2022/10/05 	27.100000381469727	27.200000762939453	26.600000381469727	26.600000381469727	33000	2022/10/05 
2022/10/06 	26.600000381469727	26.600000381469727	26.600000381469727	26.600000381469727	4000	2022/10/06 
2022/10/07 	26.600000381469727	26.600000381469727	26.200000762939453	26.600000381469727	16000	2022/10/07 
2022/10/11 	26.200000762939453	26.25	25.850000381469727	26.25	12000	2022/10/11 
2022/10/12 	26.100000381469727	26.100000381469727	25.600000381469727	25.950000762939453	20000	2022/10/12 
2022/10/13 	25.600000381469727	25.600000381469727	25.0	25.450000762939453	28000	2022/10/13 
2022/10/14 	25.450000762939453	25.450000762939453	24.600000381469727	24.950000762939453	25001	2022/10/14 
2022/10/17 	25.049999237060547	25.049999237060547	24.200000762939453	24.799999237060547	14000	2022/10/17 
2022/10/18 	24.950000762939453	24.950000762939453	24.950000762939453	24.950000762939453	1000	2022/10/18 
2022/10/19 	24.950000762939453	24.950000762939453	24.950000762939453	24.950000762939453	0	2022/10/19 
2022/10/20 	24.850000381469727	24.850000381469727	24.450000762939453	24.450000762939453	3000	2022/10/20 
2022/10/21 	24.549999237060547	24.549999237060547	24.299999237060547	24.299999237060547	8000	2022/10/21 
2022/10/24 	24.700000762939453	24.75	24.700000762939453	24.700000762939453	3000	2022/10/24 
2022/10/25 	24.850000381469727	24.899999618530273	24.850000381469727	24.850000381469727	8000	2022/10/25 
2022/10/26 	25.0	25.0	24.799999237060547	24.799999237060547	4000	2022/10/26 
2022/10/27 	24.200000762939453	24.950000762939453	24.200000762939453	24.75	10000	2022/10/27 
2022/10/28 	24.25	24.399999618530273	24.25	24.25	15000	2022/10/28 
2022/10/31 	24.25	24.25	24.0	24.149999618530273	17032	2022/10/31 
2022/11/01 	24.100000381469727	24.100000381469727	23.799999237060547	23.850000381469727	28000	2022/11/01 
2022/11/02 	24.0	24.299999237060547	24.0	24.200000762939453	26000	2022/11/02 
2022/11/03 	24.649999618530273	24.649999618530273	23.899999618530273	24.299999237060547	11000	2022/11/03 
2022/11/04 	24.549999237060547	24.549999237060547	24.299999237060547	24.299999237060547	6000	2022/11/04 
2022/11/07 	24.399999618530273	25.700000762939453	24.399999618530273	25.5	37000	2022/11/07 
2022/11/08 	25.600000381469727	25.950000762939453	25.399999618530273	25.950000762939453	35000	2022/11/08 
2022/11/09 	26.450000762939453	26.450000762939453	25.600000381469727	25.950000762939453	31000	2022/11/09 
2022/11/10 	25.700000762939453	25.799999237060547	25.5	25.75	33000	2022/11/10 
2022/11/11 	26.0	26.049999237060547	25.149999618530273	25.649999618530273	36000	2022/11/11 
2022/11/14 	25.600000381469727	25.649999618530273	25.600000381469727	25.649999618530273	2000	2022/11/14 
2022/11/15 	25.899999618530273	26.200000762939453	25.649999618530273	26.200000762939453	24000	2022/11/15 
2022/11/16 	26.200000762939453	26.200000762939453	26.200000762939453	26.200000762939453	0	2022/11/16 
2022/11/17 	26.100000381469727	26.100000381469727	25.600000381469727	25.950000762939453	9000	2022/11/17 
2022/11/18 	26.149999618530273	26.149999618530273	26.0	26.0	2000	2022/11/18 
2022/11/21 	25.950000762939453	25.950000762939453	25.950000762939453	25.950000762939453	1000	2022/11/21 
2022/11/22 	26.0	26.0	25.600000381469727	25.950000762939453	3000	2022/11/22 
2022/11/23 	25.5	25.5	25.399999618530273	25.399999618530273	10001	2022/11/23 
2022/11/24 	26.100000381469727	26.100000381469727	25.799999237060547	25.799999237060547	6000	2022/11/24 
2022/11/25 	25.75	25.75	25.25	25.75	5000	2022/11/25 
2022/11/28 	25.899999618530273	25.899999618530273	25.5	25.5	12000	2022/11/28 
2022/11/29 	25.75	25.75	25.149999618530273	25.549999237060547	3000	2022/11/29 
2022/11/30 	25.75	26.0	25.350000381469727	26.0	13000	2022/11/30 
2022/12/01 	26.0	26.0	26.0	26.0	0	2022/12/01 
2022/12/02 	25.450000762939453	26.100000381469727	25.450000762939453	26.100000381469727	52000	2022/12/02 
2022/12/05 	25.5	25.950000762939453	25.5	25.600000381469727	21007	2022/12/05 
2022/12/06 	25.850000381469727	25.850000381469727	25.299999237060547	25.75	7001	2022/12/06 
2022/12/07 	25.75	25.850000381469727	25.600000381469727	25.600000381469727	18001	2022/12/07 
2022/12/08 	25.75	25.75	25.299999237060547	25.399999618530273	10000	2022/12/08 
2022/12/09 	25.75	25.75	25.450000762939453	25.450000762939453	6000	2022/12/09 
2022/12/12 	25.450000762939453	25.450000762939453	25.350000381469727	25.350000381469727	4000	2022/12/12 
2022/12/13 	25.450000762939453	25.600000381469727	25.350000381469727	25.450000762939453	6000	2022/12/13 
2022/12/14 	25.200000762939453	25.450000762939453	25.100000381469727	25.200000762939453	43000	2022/12/14 
2022/12/15 	25.25	25.25	25.100000381469727	25.200000762939453	9000	2022/12/15 
2022/12/16 	25.0	25.25	25.0	25.149999618530273	12000	2022/12/16 
2022/12/19 	25.399999618530273	25.399999618530273	25.149999618530273	25.149999618530273	5000	2022/12/19 
2022/12/20 	25.649999618530273	25.649999618530273	24.899999618530273	25.299999237060547	30000	2022/12/20 
2022/12/21 	25.0	25.0	24.600000381469727	24.600000381469727	24000	2022/12/21 
2022/12/22 	25.25	25.299999237060547	24.649999618530273	25.0	16000	2022/12/22 
2022/12/23 	25.100000381469727	25.100000381469727	24.600000381469727	25.049999237060547	8000	2022/12/23 
2022/12/26 	24.75	24.950000762939453	24.649999618530273	24.950000762939453	4000	2022/12/26 
2022/12/27 	25.0	25.0	25.0	25.0	3000	2022/12/27 
2022/12/28 	25.0	25.0	24.700000762939453	24.950000762939453	9001	2022/12/28 
2022/12/29 	24.950000762939453	24.950000762939453	24.950000762939453	24.950000762939453	0	2022/12/29 
2022/12/30 	24.950000762939453	24.950000762939453	24.950000762939453	24.950000762939453	2000	2022/12/30 
2023/01/03 	24.700000762939453	24.950000762939453	24.600000381469727	24.899999618530273	5006	2023/01/03 
2023/01/04 	24.799999237060547	24.799999237060547	24.5	24.75	10000	2023/01/04 
2023/01/05 	24.5	24.649999618530273	24.5	24.649999618530273	11000	2023/01/05 
2023/01/06 	24.649999618530273	24.649999618530273	24.100000381469727	24.5	27000	2023/01/06 
2023/01/09 	24.799999237060547	24.799999237060547	24.299999237060547	24.600000381469727	5000	2023/01/09 
2023/01/10 	24.700000762939453	24.700000762939453	24.350000381469727	24.5	14000	2023/01/10 
2023/01/11 	24.5	24.549999237060547	24.350000381469727	24.549999237060547	7000	2023/01/11 
2023/01/12 	24.549999237060547	24.799999237060547	24.549999237060547	24.799999237060547	3000	2023/01/12 
2023/01/13 	24.850000381469727	24.850000381469727	24.700000762939453	24.799999237060547	3000	2023/01/13 
2023/01/16 	24.799999237060547	25.0	24.799999237060547	25.0	11000	2023/01/16 
2023/01/17 	24.950000762939453	25.100000381469727	24.950000762939453	25.0	25000	2023/01/17 
2023/01/30 	25.200000762939453	25.200000762939453	24.950000762939453	24.950000762939453	2000	2023/01/30 
2023/01/31 	25.200000762939453	25.549999237060547	25.200000762939453	25.549999237060547	32000	2023/01/31 
2023/02/01 	25.700000762939453	25.700000762939453	25.350000381469727	25.600000381469727	7000	2023/02/01 
2023/02/02 	25.700000762939453	25.700000762939453	25.299999237060547	25.600000381469727	11000	2023/02/02 
2023/02/03 	25.600000381469727	25.600000381469727	25.100000381469727	25.450000762939453	17000	2023/02/03 
2023/02/06 	25.100000381469727	25.549999237060547	24.950000762939453	25.049999237060547	19000	2023/02/06 
2023/02/07 	25.049999237060547	25.25	25.0	25.0	11000	2023/02/07 
2023/02/08 	25.450000762939453	25.450000762939453	24.899999618530273	25.450000762939453	38000	2023/02/08 
2023/02/09 	25.049999237060547	25.350000381469727	24.950000762939453	25.350000381469727	20000	2023/02/09 
2023/02/10 	25.350000381469727	25.350000381469727	25.350000381469727	25.350000381469727	0	2023/02/10 
2023/02/13 	25.100000381469727	25.100000381469727	25.100000381469727	25.100000381469727	2000	2023/02/13 
2023/02/14 	25.299999237060547	25.350000381469727	25.0	25.299999237060547	15000	2023/02/14 
2023/02/15 	25.049999237060547	25.049999237060547	24.950000762939453	24.950000762939453	11005	2023/02/15 
2023/02/16 	25.299999237060547	25.299999237060547	24.5	24.5	37000	2023/02/16 
2023/02/17 	24.5	25.0	24.5	24.850000381469727	28000	2023/02/17 
2023/02/20 	25.100000381469727	25.149999618530273	24.700000762939453	25.0	23000	2023/02/20 
