Date	Open	High	Low	Close	Volume	Date
2021/08/25 	35.0	47.349998474121094	35.0	41.099998474121094	710092	2021/08/25 
2021/08/26 	39.79999923706055	40.54999923706055	37.04999923706055	39.5	274236	2021/08/26 
2021/08/27 	38.0	42.650001525878906	37.349998474121094	41.650001525878906	289243	2021/08/27 
2021/08/30 	41.04999923706055	43.150001525878906	40.599998474121094	41.0	235930	2021/08/30 
2021/08/31 	39.650001525878906	41.5	39.599998474121094	40.849998474121094	102537	2021/08/31 
2021/09/01 	40.849998474121094	41.04999923706055	40.400001525878906	40.79999923706055	65550	2021/09/01 
2021/09/02 	40.20000076293945	40.20000076293945	39.20000076293945	39.5	228211	2021/09/02 
2021/09/03 	40.0	43.0	39.95000076293945	41.150001525878906	102000	2021/09/03 
2021/09/06 	41.099998474121094	41.099998474121094	39.650001525878906	39.900001525878906	45102	2021/09/06 
2021/09/07 	39.45000076293945	39.54999923706055	38.849998474121094	39.349998474121094	33546	2021/09/07 
2021/09/08 	39.400001525878906	39.400001525878906	38.75	39.0	27735	2021/09/08 
2021/09/09 	39.0	39.0	38.5	38.54999923706055	24110	2021/09/09 
2021/09/10 	38.70000076293945	38.79999923706055	38.5	38.5	29300	2021/09/10 
2021/09/13 	38.04999923706055	38.75	37.900001525878906	38.20000076293945	94311	2021/09/13 
2021/09/14 	38.150001525878906	38.150001525878906	37.20000076293945	37.79999923706055	147219	2021/09/14 
2021/09/15 	37.79999923706055	38.0	37.70000076293945	37.95000076293945	55718	2021/09/15 
2021/09/16 	38.0	38.099998474121094	37.95000076293945	38.04999923706055	28392	2021/09/16 
2021/09/17 	38.0	39.099998474121094	38.0	39.0	165198	2021/09/17 
2021/09/22 	38.0	38.95000076293945	37.650001525878906	38.0	85307	2021/09/22 
2021/09/23 	38.95000076293945	40.349998474121094	38.70000076293945	39.0	73080	2021/09/23 
2021/09/24 	39.599998474121094	39.599998474121094	38.29999923706055	38.29999923706055	28646	2021/09/24 
2021/09/27 	38.29999923706055	38.349998474121094	37.849998474121094	38.0	36574	2021/09/27 
2021/09/28 	38.25	38.349998474121094	38.0	38.29999923706055	30100	2021/09/28 
2021/09/29 	38.0	38.29999923706055	37.900001525878906	38.0	26305	2021/09/29 
2021/09/30 	38.0	38.0	38.0	38.0	1000	2021/09/30 
2021/10/01 	38.0	41.0	38.0	39.54999923706055	133940	2021/10/01 
2021/10/04 	40.20000076293945	40.599998474121094	38.95000076293945	39.0	72135	2021/10/04 
2021/10/05 	39.400001525878906	39.400001525878906	38.900001525878906	38.95000076293945	16901	2021/10/05 
2021/10/06 	39.150001525878906	39.5	38.849998474121094	39.0	67513	2021/10/06 
2021/10/07 	39.20000076293945	40.0	39.0	39.099998474121094	8000	2021/10/07 
2021/10/08 	39.20000076293945	39.29999923706055	37.29999923706055	38.95000076293945	53102	2021/10/08 
2021/10/12 	38.95000076293945	38.95000076293945	38.0	38.20000076293945	34200	2021/10/12 
2021/10/13 	38.599998474121094	38.599998474121094	38.45000076293945	38.599998474121094	28	2021/10/13 
2021/10/14 	38.599998474121094	38.650001525878906	38.0	38.099998474121094	17049	2021/10/14 
2021/10/15 	38.45000076293945	38.45000076293945	38.099998474121094	38.29999923706055	13001	2021/10/15 
2021/10/18 	38.04999923706055	38.25	38.04999923706055	38.25	28000	2021/10/18 
2021/10/19 	38.0	38.150001525878906	38.0	38.150001525878906	18030	2021/10/19 
2021/10/20 	38.29999923706055	38.29999923706055	38.0	38.04999923706055	27005	2021/10/20 
2021/10/21 	38.04999923706055	38.20000076293945	36.599998474121094	37.5	224122	2021/10/21 
2021/10/22 	37.70000076293945	38.0	36.79999923706055	37.099998474121094	70800	2021/10/22 
2021/10/25 	37.0	37.95000076293945	36.849998474121094	37.599998474121094	88301	2021/10/25 
2021/10/26 	37.95000076293945	38.0	37.349998474121094	37.5	62200	2021/10/26 
2021/10/27 	37.849998474121094	37.849998474121094	37.849998474121094	37.849998474121094	2929	2021/10/27 
2021/10/28 	37.20000076293945	37.54999923706055	37.099998474121094	37.29999923706055	42500	2021/10/28 
2021/10/29 	37.45000076293945	37.599998474121094	37.20000076293945	37.20000076293945	29530	2021/10/29 
2021/11/01 	37.150001525878906	37.29999923706055	37.099998474121094	37.29999923706055	42231	2021/11/01 
2021/11/02 	37.5	37.650001525878906	37.099998474121094	37.599998474121094	59130	2021/11/02 
2021/11/03 	37.349998474121094	37.95000076293945	37.20000076293945	37.349998474121094	132574	2021/11/03 
2021/11/04 	37.79999923706055	37.79999923706055	37.349998474121094	37.45000076293945	60106	2021/11/04 
2021/11/05 	37.45000076293945	37.95000076293945	37.29999923706055	37.599998474121094	22537	2021/11/05 
2021/11/08 	37.400001525878906	37.400001525878906	37.0	37.0	67000	2021/11/08 
2021/11/09 	37.45000076293945	37.45000076293945	37.150001525878906	37.400001525878906	17000	2021/11/09 
2021/11/10 	37.25	37.400001525878906	36.95000076293945	37.0	54300	2021/11/10 
2021/11/11 	36.849998474121094	37.25	36.849998474121094	37.0	22200	2021/11/11 
2021/11/12 	37.0	38.0	36.849998474121094	37.650001525878906	40000	2021/11/12 
2021/11/15 	37.099998474121094	37.349998474121094	36.95000076293945	37.04999923706055	35601	2021/11/15 
2021/11/16 	37.25	37.95000076293945	37.04999923706055	37.25	56300	2021/11/16 
2021/11/17 	37.599998474121094	37.75	37.099998474121094	37.25	36000	2021/11/17 
2021/11/18 	38.0	38.0	37.099998474121094	37.54999923706055	33200	2021/11/18 
2021/11/19 	37.29999923706055	37.54999923706055	37.20000076293945	37.20000076293945	18200	2021/11/19 
2021/11/22 	37.29999923706055	38.0	37.29999923706055	37.5	66320	2021/11/22 
2021/11/23 	37.79999923706055	38.20000076293945	37.70000076293945	37.95000076293945	52100	2021/11/23 
2021/11/24 	37.54999923706055	38.150001525878906	37.349998474121094	38.150001525878906	271411	2021/11/24 
2021/11/25 	37.900001525878906	41.650001525878906	37.75	39.95000076293945	203302	2021/11/25 
2021/11/26 	40.099998474121094	40.099998474121094	38.150001525878906	38.5	116222	2021/11/26 
2021/11/29 	38.5	38.5	37.650001525878906	38.099998474121094	75014	2021/11/29 
2021/11/30 	38.95000076293945	38.95000076293945	38.349998474121094	38.5	80360	2021/11/30 
2021/12/01 	39.0	39.0	37.70000076293945	38.400001525878906	41320	2021/12/01 
2021/12/02 	38.650001525878906	38.70000076293945	38.349998474121094	38.5	40100	2021/12/02 
2021/12/03 	38.5	38.95000076293945	38.349998474121094	38.5	29235	2021/12/03 
2021/12/06 	38.849998474121094	40.0	38.54999923706055	38.70000076293945	106215	2021/12/06 
2021/12/07 	39.0	39.650001525878906	39.0	39.45000076293945	220399	2021/12/07 
2021/12/08 	39.95000076293945	39.95000076293945	38.849998474121094	39.20000076293945	26465	2021/12/08 
2021/12/09 	38.599998474121094	39.650001525878906	38.5	38.900001525878906	110050	2021/12/09 
2021/12/10 	38.900001525878906	38.900001525878906	38.70000076293945	38.79999923706055	15300	2021/12/10 
2021/12/13 	38.900001525878906	39.150001525878906	38.5	38.650001525878906	102181	2021/12/13 
2021/12/14 	38.400001525878906	38.95000076293945	38.04999923706055	38.599998474121094	52050	2021/12/14 
2021/12/15 	38.650001525878906	38.650001525878906	38.599998474121094	38.599998474121094	8000	2021/12/15 
2021/12/16 	39.04999923706055	39.150001525878906	37.95000076293945	38.20000076293945	61550	2021/12/16 
2021/12/17 	37.5	38.45000076293945	37.5	38.45000076293945	14005	2021/12/17 
2021/12/20 	39.150001525878906	39.150001525878906	38.849998474121094	38.849998474121094	24100	2021/12/20 
2021/12/21 	39.0	39.0	39.0	39.0	4000	2021/12/21 
2021/12/22 	38.95000076293945	39.04999923706055	38.95000076293945	39.04999923706055	4050	2021/12/22 
2021/12/23 	39.150001525878906	39.849998474121094	38.79999923706055	39.650001525878906	45600	2021/12/23 
2021/12/24 	40.0	40.150001525878906	38.95000076293945	39.599998474121094	78920	2021/12/24 
2021/12/27 	39.849998474121094	40.54999923706055	39.0	39.20000076293945	73560	2021/12/27 
2021/12/28 	39.0	39.099998474121094	38.75	39.0	25120	2021/12/28 
2021/12/29 	39.29999923706055	39.400001525878906	38.849998474121094	39.400001525878906	16130	2021/12/29 
2021/12/30 	38.900001525878906	39.95000076293945	38.849998474121094	39.900001525878906	22130	2021/12/30 
2022/01/03 	39.20000076293945	39.95000076293945	38.95000076293945	39.849998474121094	42390	2022/01/03 
2022/01/04 	39.900001525878906	39.900001525878906	39.150001525878906	39.900001525878906	91170	2022/01/04 
2022/01/05 	39.900001525878906	40.150001525878906	39.400001525878906	39.900001525878906	88680	2022/01/05 
2022/01/06 	39.900001525878906	40.599998474121094	39.650001525878906	40.20000076293945	76619	2022/01/06 
2022/01/07 	40.650001525878906	41.0	39.70000076293945	40.099998474121094	75820	2022/01/07 
2022/01/10 	39.79999923706055	40.20000076293945	39.70000076293945	40.099998474121094	62951	2022/01/10 
2022/01/11 	40.04999923706055	40.45000076293945	40.0	40.349998474121094	37267	2022/01/11 
2022/01/12 	40.349998474121094	40.349998474121094	39.95000076293945	40.25	13005	2022/01/12 
2022/01/13 	40.0	40.45000076293945	39.70000076293945	40.0	54232	2022/01/13 
2022/01/14 	39.900001525878906	40.150001525878906	39.900001525878906	40.150001525878906	3020	2022/01/14 
2022/01/17 	40.0	41.0	39.849998474121094	40.099998474121094	68216	2022/01/17 
2022/01/18 	40.150001525878906	40.25	39.70000076293945	39.95000076293945	27045	2022/01/18 
2022/01/19 	40.150001525878906	40.150001525878906	39.5	39.95000076293945	30605	2022/01/19 
2022/01/20 	39.900001525878906	40.04999923706055	39.54999923706055	40.04999923706055	8188	2022/01/20 
2022/01/21 	40.099998474121094	40.099998474121094	39.79999923706055	40.04999923706055	1315	2022/01/21 
2022/01/24 	39.79999923706055	39.900001525878906	39.5	39.900001525878906	8500	2022/01/24 
2022/01/25 	39.900001525878906	40.0	39.54999923706055	39.70000076293945	26800	2022/01/25 
2022/01/26 	39.75	40.150001525878906	39.599998474121094	39.95000076293945	26910	2022/01/26 
2022/02/07 	40.20000076293945	41.54999923706055	40.0	40.95000076293945	37847	2022/02/07 
2022/02/08 	41.0	43.150001525878906	40.849998474121094	42.95000076293945	204147	2022/02/08 
2022/02/09 	43.0	44.400001525878906	42.599998474121094	44.400001525878906	255856	2022/02/09 
2022/02/10 	44.400001525878906	46.0	44.400001525878906	45.099998474121094	224256	2022/02/10 
2022/02/11 	44.75	46.099998474121094	44.5	45.150001525878906	70043	2022/02/11 
2022/02/14 	45.20000076293945	46.04999923706055	45.0	45.650001525878906	154533	2022/02/14 
2022/02/15 	45.54999923706055	46.25	45.400001525878906	46.04999923706055	133146	2022/02/15 
2022/02/16 	46.150001525878906	46.54999923706055	46.0	46.45000076293945	119656	2022/02/16 
2022/02/17 	46.5	50.400001525878906	46.5	50.0	494950	2022/02/17 
2022/02/18 	49.5	55.20000076293945	48.95000076293945	55.20000076293945	438122	2022/02/18 
2022/02/21 	55.0	56.0	51.400001525878906	52.599998474121094	324319	2022/02/21 
2022/02/22 	51.900001525878906	52.0	49.79999923706055	49.95000076293945	289045	2022/02/22 
2022/02/23 	49.79999923706055	52.29999923706055	49.20000076293945	52.099998474121094	191853	2022/02/23 
2022/02/24 	50.400001525878906	51.79999923706055	49.79999923706055	50.0	166201	2022/02/24 
2022/02/25 	50.099998474121094	51.0	49.79999923706055	50.0	76300	2022/02/25 
2022/03/01 	50.20000076293945	50.79999923706055	50.099998474121094	50.20000076293945	61211	2022/03/01 
2022/03/02 	50.400001525878906	50.400001525878906	49.45000076293945	49.5	94400	2022/03/02 
2022/03/03 	49.54999923706055	49.95000076293945	49.25	49.45000076293945	45561	2022/03/03 
2022/03/04 	49.5	49.5	49.04999923706055	49.400001525878906	108781	2022/03/04 
2022/03/07 	49.099998474121094	49.150001525878906	47.70000076293945	47.900001525878906	150575	2022/03/07 
2022/03/08 	47.900001525878906	47.900001525878906	46.04999923706055	46.79999923706055	93630	2022/03/08 
2022/03/09 	47.650001525878906	48.0	47.45000076293945	47.599998474121094	62200	2022/03/09 
2022/03/10 	48.0	48.0	47.70000076293945	47.79999923706055	14900	2022/03/10 
2022/03/11 	47.75	48.0	46.0	46.29999923706055	94610	2022/03/11 
2022/03/14 	47.150001525878906	47.150001525878906	46.0	46.29999923706055	30697	2022/03/14 
2022/03/15 	46.849998474121094	47.0	45.900001525878906	46.099998474121094	57410	2022/03/15 
2022/03/16 	45.650001525878906	46.0	44.849998474121094	45.0	74210	2022/03/16 
2022/03/17 	45.150001525878906	47.150001525878906	44.849998474121094	46.95000076293945	57242	2022/03/17 
2022/03/18 	45.29999923706055	46.70000076293945	45.29999923706055	46.29999923706055	9000	2022/03/18 
2022/03/21 	47.45000076293945	48.79999923706055	46.599998474121094	48.0	125301	2022/03/21 
2022/03/22 	47.29999923706055	47.400001525878906	46.75	46.95000076293945	57000	2022/03/22 
2022/03/23 	47.20000076293945	47.849998474121094	47.04999923706055	47.849998474121094	38300	2022/03/23 
2022/03/24 	47.400001525878906	47.45000076293945	47.099998474121094	47.29999923706055	25761	2022/03/24 
2022/03/25 	47.400001525878906	47.400001525878906	47.400001525878906	47.400001525878906	4010	2022/03/25 
2022/03/28 	47.0	47.099998474121094	47.0	47.0	11100	2022/03/28 
2022/03/29 	47.0	47.150001525878906	46.900001525878906	47.099998474121094	48020	2022/03/29 
2022/03/30 	47.099998474121094	47.29999923706055	46.95000076293945	47.0	71051	2022/03/30 
2022/03/31 	46.95000076293945	47.20000076293945	46.54999923706055	46.849998474121094	125523	2022/03/31 
2022/04/01 	46.70000076293945	47.150001525878906	46.5	47.0	87091	2022/04/01 
2022/04/06 	47.5	50.400001525878906	47.29999923706055	48.900001525878906	260312	2022/04/06 
2022/04/07 	48.849998474121094	49.099998474121094	48.29999923706055	48.400001525878906	108300	2022/04/07 
2022/04/08 	49.0	49.900001525878906	48.54999923706055	49.25	100156	2022/04/08 
2022/04/11 	49.25	50.5	48.849998474121094	49.5	116538	2022/04/11 
2022/04/12 	49.650001525878906	49.650001525878906	48.95000076293945	49.400001525878906	22024	2022/04/12 
2022/04/13 	49.349998474121094	49.349998474121094	48.849998474121094	49.150001525878906	38445	2022/04/13 
2022/04/14 	49.099998474121094	49.099998474121094	48.849998474121094	49.0	36283	2022/04/14 
2022/04/15 	49.0	49.0	48.45000076293945	48.45000076293945	22015	2022/04/15 
2022/04/18 	48.79999923706055	48.79999923706055	48.29999923706055	48.650001525878906	17025	2022/04/18 
2022/04/19 	48.95000076293945	49.0	48.5	48.75	22524	2022/04/19 
2022/04/20 	48.95000076293945	48.95000076293945	48.650001525878906	48.900001525878906	8563	2022/04/20 
2022/04/21 	48.650001525878906	49.25	48.650001525878906	49.0	21121	2022/04/21 
2022/04/22 	48.849998474121094	48.849998474121094	48.5	48.849998474121094	9959	2022/04/22 
2022/04/25 	48.099998474121094	48.849998474121094	46.5	47.79999923706055	54068	2022/04/25 
2022/04/26 	48.5	48.75	48.25	48.25	41097	2022/04/26 
2022/04/27 	48.0	48.0	46.70000076293945	47.599998474121094	60682	2022/04/27 
2022/04/28 	47.20000076293945	48.45000076293945	47.20000076293945	48.45000076293945	2011	2022/04/28 
2022/04/29 	48.0	48.900001525878906	47.900001525878906	48.29999923706055	27201	2022/04/29 
2022/05/03 	48.25	48.95000076293945	48.25	48.95000076293945	3001	2022/05/03 
2022/05/04 	48.29999923706055	48.29999923706055	48.150001525878906	48.150001525878906	9000	2022/05/04 
2022/05/05 	48.900001525878906	48.900001525878906	48.0	48.0	15250	2022/05/05 
2022/05/06 	48.349998474121094	48.349998474121094	47.5	47.5	10020	2022/05/06 
2022/05/09 	48.099998474121094	48.099998474121094	46.900001525878906	46.900001525878906	13180	2022/05/09 
2022/05/10 	46.29999923706055	47.25	46.099998474121094	47.20000076293945	31000	2022/05/10 
2022/05/11 	47.54999923706055	48.0	47.0	47.20000076293945	74000	2022/05/11 
2022/05/12 	47.150001525878906	48.0	47.099998474121094	48.0	13400	2022/05/12 
2022/05/13 	47.95000076293945	48.0	47.25	48.0	38175	2022/05/13 
2022/05/16 	48.150001525878906	49.0	48.0	48.29999923706055	67410	2022/05/16 
2022/05/17 	48.79999923706055	48.79999923706055	48.150001525878906	48.150001525878906	62038	2022/05/17 
2022/05/18 	48.70000076293945	49.95000076293945	48.400001525878906	49.0	149801	2022/05/18 
2022/05/19 	49.95000076293945	49.95000076293945	49.0	49.45000076293945	153591	2022/05/19 
2022/05/20 	49.70000076293945	49.79999923706055	49.0	49.29999923706055	34000	2022/05/20 
2022/05/23 	49.5	50.0	49.349998474121094	49.599998474121094	20710	2022/05/23 
2022/05/24 	50.0	50.0	49.150001525878906	49.150001525878906	39600	2022/05/24 
2022/05/25 	49.150001525878906	49.599998474121094	49.150001525878906	49.5	33000	2022/05/25 
2022/05/26 	49.400001525878906	49.650001525878906	49.29999923706055	49.29999923706055	22400	2022/05/26 
2022/05/27 	50.0	50.0	49.400001525878906	49.849998474121094	26575	2022/05/27 
2022/05/30 	50.0	50.20000076293945	49.5	50.20000076293945	71794	2022/05/30 
2022/05/31 	50.20000076293945	50.20000076293945	49.79999923706055	50.0	41220	2022/05/31 
2022/06/01 	49.5	50.20000076293945	49.5	50.20000076293945	31235	2022/06/01 
2022/06/02 	50.099998474121094	50.20000076293945	49.849998474121094	50.099998474121094	58040	2022/06/02 
2022/06/06 	50.20000076293945	50.20000076293945	49.849998474121094	50.20000076293945	50060	2022/06/06 
2022/06/07 	49.900001525878906	50.20000076293945	49.79999923706055	50.099998474121094	57635	2022/06/07 
2022/06/08 	50.099998474121094	52.20000076293945	49.95000076293945	50.29999923706055	126700	2022/06/08 
2022/06/09 	50.20000076293945	50.400001525878906	49.75	49.79999923706055	101035	2022/06/09 
2022/06/10 	50.099998474121094	50.400001525878906	49.79999923706055	50.099998474121094	101430	2022/06/10 
2022/06/13 	50.099998474121094	50.099998474121094	49.29999923706055	49.29999923706055	77140	2022/06/13 
2022/06/14 	48.5	48.54999923706055	47.79999923706055	47.900001525878906	59702	2022/06/14 
2022/06/15 	47.900001525878906	48.20000076293945	47.849998474121094	48.0	51000	2022/06/15 
2022/06/16 	48.04999923706055	48.20000076293945	47.54999923706055	47.849998474121094	26500	2022/06/16 
2022/06/17 	45.650001525878906	46.599998474121094	45.29999923706055	45.79999923706055	74588	2022/06/17 
2022/06/20 	45.04999923706055	45.79999923706055	44.70000076293945	44.79999923706055	26390	2022/06/20 
2022/06/21 	44.04999923706055	44.04999923706055	42.849998474121094	43.54999923706055	84862	2022/06/21 
2022/06/22 	43.29999923706055	43.29999923706055	41.75	41.95000076293945	57450	2022/06/22 
2022/06/23 	42.95000076293945	42.95000076293945	41.849998474121094	42.099998474121094	29759	2022/06/23 
2022/06/24 	42.79999923706055	42.900001525878906	42.0	42.79999923706055	11755	2022/06/24 
2022/06/27 	42.5	43.0	42.400001525878906	43.0	28810	2022/06/27 
2022/06/28 	42.400001525878906	42.650001525878906	42.25	42.5	26300	2022/06/28 
2022/06/29 	42.29999923706055	42.75	42.29999923706055	42.45000076293945	24000	2022/06/29 
2022/06/30 	42.5	42.5	41.849998474121094	42.0	24518	2022/06/30 
2022/07/01 	41.849998474121094	42.0	38.45000076293945	39.5	105620	2022/07/01 
2022/07/04 	39.20000076293945	40.29999923706055	39.0	40.29999923706055	21000	2022/07/04 
2022/07/05 	40.25	40.650001525878906	40.099998474121094	40.20000076293945	17203	2022/07/05 
2022/07/06 	40.0	40.150001525878906	40.0	40.0	45200	2022/07/06 
2022/07/07 	39.5	40.0	39.5	40.0	51000	2022/07/07 
2022/07/08 	40.0	40.599998474121094	40.0	40.349998474121094	32100	2022/07/08 
2022/07/11 	40.04999923706055	40.5	39.900001525878906	40.0	18423	2022/07/11 
2022/07/12 	40.0	40.0	39.849998474121094	39.849998474121094	13250	2022/07/12 
2022/07/13 	39.95000076293945	40.150001525878906	39.95000076293945	40.0	17161	2022/07/13 
2022/07/14 	39.849998474121094	40.25	39.849998474121094	40.25	3000	2022/07/14 
2022/07/15 	40.20000076293945	40.20000076293945	39.5	39.849998474121094	62236	2022/07/15 
2022/07/18 	39.95000076293945	39.95000076293945	39.0	39.5	54125	2022/07/18 
2022/07/19 	39.150001525878906	39.29999923706055	39.0	39.099998474121094	29265	2022/07/19 
2022/07/20 	39.29999923706055	39.95000076293945	39.29999923706055	39.650001525878906	24026	2022/07/20 
2022/07/21 	39.650001525878906	39.75	39.599998474121094	39.599998474121094	10000	2022/07/21 
2022/07/22 	39.5	39.75	39.29999923706055	39.70000076293945	20760	2022/07/22 
2022/07/25 	39.45000076293945	39.45000076293945	39.0	39.150001525878906	36175	2022/07/25 
2022/07/26 	39.25	39.25	38.349998474121094	38.95000076293945	41950	2022/07/26 
2022/07/27 	38.400001525878906	38.5	38.04999923706055	38.25	47375	2022/07/27 
2022/07/28 	38.95000076293945	39.0	37.04999923706055	37.650001525878906	131875	2022/07/28 
2022/07/29 	37.70000076293945	37.70000076293945	37.0	37.5	20450	2022/07/29 
2022/08/01 	37.04999923706055	37.849998474121094	37.0	37.150001525878906	196000	2022/08/01 
2022/08/02 	37.0	37.29999923706055	36.849998474121094	37.150001525878906	87250	2022/08/02 
2022/08/03 	37.5	37.54999923706055	37.04999923706055	37.20000076293945	107002	2022/08/03 
2022/08/04 	37.599998474121094	38.849998474121094	37.45000076293945	37.54999923706055	127545	2022/08/04 
2022/08/05 	37.849998474121094	38.5	35.79999923706055	36.20000076293945	429510	2022/08/05 
2022/08/08 	36.95000076293945	36.95000076293945	34.900001525878906	35.29999923706055	174996	2022/08/08 
2022/08/09 	34.849998474121094	35.95000076293945	33.20000076293945	33.5	426469	2022/08/09 
2022/08/10 	33.54999923706055	33.54999923706055	32.75	32.900001525878906	246742	2022/08/10 
2022/08/11 	32.79999923706055	33.099998474121094	32.29999923706055	33.099998474121094	162100	2022/08/11 
2022/08/12 	33.0	33.29999923706055	32.79999923706055	32.900001525878906	147289	2022/08/12 
2022/08/15 	33.20000076293945	34.150001525878906	32.79999923706055	33.150001525878906	117153	2022/08/15 
2022/08/16 	33.04999923706055	34.099998474121094	33.04999923706055	33.5	192500	2022/08/16 
2022/08/17 	33.900001525878906	33.900001525878906	33.400001525878906	33.70000076293945	48000	2022/08/17 
2022/08/18 	33.599998474121094	33.95000076293945	32.150001525878906	32.79999923706055	216595	2022/08/18 
2022/08/19 	32.900001525878906	33.29999923706055	32.5	32.95000076293945	158723	2022/08/19 
2022/08/22 	32.79999923706055	32.79999923706055	32.04999923706055	32.45000076293945	69060	2022/08/22 
2022/08/23 	32.20000076293945	32.29999923706055	31.899999618530273	32.20000076293945	77450	2022/08/23 
2022/08/24 	32.150001525878906	32.45000076293945	32.0	32.0	59466	2022/08/24 
2022/08/25 	32.099998474121094	32.20000076293945	31.850000381469727	32.20000076293945	84151	2022/08/25 
2022/08/26 	32.5	34.099998474121094	32.04999923706055	33.95000076293945	172998	2022/08/26 
2022/08/29 	33.5	35.400001525878906	33.25	35.04999923706055	480944	2022/08/29 
2022/08/30 	35.150001525878906	35.900001525878906	34.95000076293945	35.150001525878906	382565	2022/08/30 
2022/08/31 	35.400001525878906	35.5	33.5	34.5	358216	2022/08/31 
2022/09/01 	30.399999618530273	31.049999237060547	29.5	30.600000381469727	3009650	2022/09/01 
2022/09/02 	30.649999618530273	30.799999237060547	29.549999237060547	29.600000381469727	1477005	2022/09/02 
2022/09/05 	29.649999618530273	30.350000381469727	28.549999237060547	29.399999618530273	829000	2022/09/05 
2022/09/06 	29.850000381469727	29.950000762939453	29.0	29.5	311200	2022/09/06 
2022/09/07 	29.450000762939453	29.450000762939453	29.0	29.200000762939453	166062	2022/09/07 
2022/09/08 	29.450000762939453	29.450000762939453	29.049999237060547	29.149999618530273	211000	2022/09/08 
2022/09/12 	28.950000762939453	28.950000762939453	28.600000381469727	28.600000381469727	465000	2022/09/12 
2022/09/13 	28.600000381469727	28.799999237060547	28.5	28.600000381469727	200000	2022/09/13 
2022/09/14 	28.0	28.299999237060547	27.950000762939453	28.200000762939453	171000	2022/09/14 
2022/09/15 	28.399999618530273	28.5	28.200000762939453	28.399999618530273	105000	2022/09/15 
2022/09/16 	28.600000381469727	28.649999618530273	28.399999618530273	28.600000381469727	78000	2022/09/16 
2022/09/19 	28.600000381469727	28.600000381469727	28.0	28.100000381469727	156002	2022/09/19 
2022/09/20 	28.149999618530273	28.399999618530273	28.149999618530273	28.350000381469727	43000	2022/09/20 
2022/09/21 	28.350000381469727	28.350000381469727	28.0	28.049999237060547	98008	2022/09/21 
2022/09/22 	28.0	28.0	27.850000381469727	27.950000762939453	120000	2022/09/22 
2022/09/23 	28.0	28.049999237060547	27.450000762939453	27.5	217000	2022/09/23 
2022/09/26 	27.450000762939453	27.450000762939453	26.299999237060547	26.350000381469727	210000	2022/09/26 
2022/09/27 	26.149999618530273	26.149999618530273	25.399999618530273	25.700000762939453	188100	2022/09/27 
2022/09/28 	25.600000381469727	25.600000381469727	23.799999237060547	23.899999618530273	393000	2022/09/28 
2022/09/29 	24.0	24.799999237060547	24.0	24.700000762939453	152000	2022/09/29 
2022/09/30 	24.0	24.450000762939453	24.0	24.399999618530273	27125	2022/09/30 
2022/10/03 	24.299999237060547	25.5	24.299999237060547	25.399999618530273	102000	2022/10/03 
2022/10/04 	25.549999237060547	25.549999237060547	24.600000381469727	25.25	63000	2022/10/04 
2022/10/05 	25.600000381469727	25.600000381469727	25.350000381469727	25.399999618530273	53000	2022/10/05 
2022/10/06 	25.350000381469727	25.450000762939453	25.200000762939453	25.450000762939453	36000	2022/10/06 
2022/10/07 	25.200000762939453	26.149999618530273	25.200000762939453	25.649999618530273	54000	2022/10/07 
2022/10/11 	25.200000762939453	25.200000762939453	24.549999237060547	24.700000762939453	78000	2022/10/11 
2022/10/12 	24.799999237060547	24.850000381469727	24.299999237060547	24.350000381469727	115000	2022/10/12 
2022/10/13 	24.5	24.5	23.200000762939453	23.350000381469727	162000	2022/10/13 
2022/10/14 	24.0	24.0	23.549999237060547	23.700000762939453	91040	2022/10/14 
2022/10/17 	23.450000762939453	23.450000762939453	22.549999237060547	22.899999618530273	45000	2022/10/17 
2022/10/18 	22.950000762939453	23.0	22.75	22.899999618530273	43000	2022/10/18 
2022/10/19 	22.899999618530273	23.0	22.850000381469727	22.899999618530273	37000	2022/10/19 
2022/10/20 	22.899999618530273	22.899999618530273	22.799999237060547	22.899999618530273	26000	2022/10/20 
2022/10/21 	22.899999618530273	22.899999618530273	22.25	22.799999237060547	46000	2022/10/21 
2022/10/24 	22.899999618530273	23.0	22.850000381469727	22.850000381469727	51000	2022/10/24 
2022/10/25 	22.899999618530273	22.899999618530273	22.700000762939453	22.700000762939453	28000	2022/10/25 
2022/10/26 	22.549999237060547	22.549999237060547	22.149999618530273	22.5	81000	2022/10/26 
2022/10/27 	22.200000762939453	22.600000381469727	22.200000762939453	22.549999237060547	45000	2022/10/27 
2022/10/28 	22.600000381469727	22.600000381469727	22.25	22.450000762939453	16000	2022/10/28 
2022/10/31 	22.399999618530273	22.5	22.299999237060547	22.5	11001	2022/10/31 
2022/11/01 	22.299999237060547	23.600000381469727	22.299999237060547	23.25	55000	2022/11/01 
2022/11/02 	23.299999237060547	23.299999237060547	22.850000381469727	23.0	44000	2022/11/02 
2022/11/03 	23.299999237060547	23.399999618530273	23.200000762939453	23.299999237060547	28004	2022/11/03 
2022/11/04 	23.399999618530273	24.5	23.399999618530273	24.5	83000	2022/11/04 
2022/11/07 	24.549999237060547	25.450000762939453	24.5	25.0	79000	2022/11/07 
2022/11/08 	24.5	25.5	24.5	25.0	76006	2022/11/08 
2022/11/09 	25.299999237060547	25.299999237060547	25.0	25.100000381469727	41000	2022/11/09 
2022/11/10 	25.100000381469727	25.100000381469727	24.5	24.75	36000	2022/11/10 
2022/11/11 	25.75	25.75	24.75	24.950000762939453	53000	2022/11/11 
2022/11/14 	25.0	25.149999618530273	24.799999237060547	24.850000381469727	58000	2022/11/14 
2022/11/15 	25.299999237060547	25.299999237060547	25.0	25.200000762939453	50000	2022/11/15 
2022/11/16 	25.200000762939453	25.200000762939453	24.5	25.149999618530273	64000	2022/11/16 
2022/11/17 	24.700000762939453	25.0	24.700000762939453	25.0	24000	2022/11/17 
2022/11/18 	25.0	25.200000762939453	24.549999237060547	24.799999237060547	23000	2022/11/18 
2022/11/21 	25.0	25.0	24.600000381469727	24.600000381469727	35000	2022/11/21 
2022/11/22 	24.600000381469727	24.600000381469727	24.5	24.600000381469727	36000	2022/11/22 
2022/11/23 	24.600000381469727	25.0	24.549999237060547	24.600000381469727	47000	2022/11/23 
2022/11/24 	24.649999618530273	24.899999618530273	24.5	24.899999618530273	42000	2022/11/24 
2022/11/25 	24.700000762939453	24.950000762939453	24.700000762939453	24.799999237060547	39000	2022/11/25 
2022/11/28 	24.549999237060547	24.799999237060547	24.5	24.799999237060547	54000	2022/11/28 
2022/11/29 	24.799999237060547	25.350000381469727	24.75	25.25	98000	2022/11/29 
2022/11/30 	25.299999237060547	27.350000381469727	25.200000762939453	27.0	122000	2022/11/30 
2022/12/01 	27.299999237060547	28.25	26.799999237060547	26.850000381469727	163000	2022/12/01 
2022/12/02 	26.5	27.100000381469727	26.5	27.0	56000	2022/12/02 
2022/12/05 	27.0	27.200000762939453	26.450000762939453	26.850000381469727	81000	2022/12/05 
2022/12/06 	26.5	26.899999618530273	26.299999237060547	26.299999237060547	58001	2022/12/06 
2022/12/07 	26.299999237060547	26.299999237060547	26.0	26.0	84000	2022/12/07 
2022/12/08 	26.399999618530273	26.399999618530273	25.799999237060547	25.850000381469727	14000	2022/12/08 
2022/12/09 	25.850000381469727	25.850000381469727	25.75	25.850000381469727	24000	2022/12/09 
2022/12/12 	26.5	26.5	25.799999237060547	26.0	24000	2022/12/12 
2022/12/13 	26.0	26.299999237060547	26.0	26.299999237060547	17000	2022/12/13 
2022/12/14 	26.299999237060547	26.299999237060547	26.049999237060547	26.049999237060547	32000	2022/12/14 
2022/12/15 	25.600000381469727	26.149999618530273	25.5	25.899999618530273	28000	2022/12/15 
2022/12/16 	25.799999237060547	25.850000381469727	25.799999237060547	25.799999237060547	19000	2022/12/16 
2022/12/19 	25.799999237060547	25.899999618530273	25.700000762939453	25.700000762939453	6000	2022/12/19 
2022/12/20 	25.700000762939453	25.950000762939453	25.5	25.5	51000	2022/12/20 
2022/12/21 	24.649999618530273	25.399999618530273	24.649999618530273	25.299999237060547	16000	2022/12/21 
2022/12/22 	25.299999237060547	25.700000762939453	25.299999237060547	25.450000762939453	5000	2022/12/22 
2022/12/23 	25.100000381469727	25.25	24.649999618530273	25.100000381469727	20000	2022/12/23 
2022/12/26 	25.049999237060547	25.049999237060547	24.799999237060547	25.0	28000	2022/12/26 
2022/12/27 	24.899999618530273	25.100000381469727	24.899999618530273	25.0	8000	2022/12/27 
2022/12/28 	24.850000381469727	25.0	24.799999237060547	24.850000381469727	24000	2022/12/28 
2022/12/29 	24.799999237060547	24.799999237060547	24.299999237060547	24.600000381469727	46000	2022/12/29 
2022/12/30 	25.0	25.200000762939453	24.549999237060547	24.700000762939453	19000	2022/12/30 
2023/01/03 	24.5	24.700000762939453	24.5	24.549999237060547	11000	2023/01/03 
2023/01/04 	24.549999237060547	24.700000762939453	24.549999237060547	24.600000381469727	6000	2023/01/04 
2023/01/05 	24.649999618530273	24.799999237060547	24.549999237060547	24.799999237060547	12000	2023/01/05 
2023/01/06 	25.0	25.299999237060547	25.0	25.0	54000	2023/01/06 
2023/01/09 	25.0	25.0	24.75	25.0	20000	2023/01/09 
2023/01/10 	25.0	25.100000381469727	24.950000762939453	25.100000381469727	17000	2023/01/10 
2023/01/11 	24.850000381469727	24.899999618530273	24.700000762939453	24.899999618530273	24000	2023/01/11 
2023/01/12 	24.649999618530273	25.100000381469727	24.649999618530273	25.100000381469727	10000	2023/01/12 
2023/01/13 	25.5	25.5	24.899999618530273	25.299999237060547	20000	2023/01/13 
2023/01/16 	25.0	25.5	24.850000381469727	25.299999237060547	34000	2023/01/16 
2023/01/17 	24.899999618530273	25.399999618530273	24.75	25.200000762939453	49000	2023/01/17 
2023/01/30 	25.5	25.5	25.299999237060547	25.5	35000	2023/01/30 
2023/01/31 	26.049999237060547	26.049999237060547	25.5	25.899999618530273	29000	2023/01/31 
2023/02/01 	25.899999618530273	26.450000762939453	25.899999618530273	26.450000762939453	71000	2023/02/01 
2023/02/02 	26.600000381469727	27.25	26.600000381469727	26.950000762939453	76000	2023/02/02 
2023/02/03 	27.100000381469727	27.100000381469727	26.25	26.600000381469727	78000	2023/02/03 
2023/02/06 	25.899999618530273	26.299999237060547	25.899999618530273	26.299999237060547	45000	2023/02/06 
2023/02/07 	26.299999237060547	26.299999237060547	25.799999237060547	26.049999237060547	16000	2023/02/07 
2023/02/08 	26.100000381469727	26.100000381469727	26.0	26.0	35000	2023/02/08 
2023/02/09 	26.5	26.5	25.899999618530273	26.100000381469727	29000	2023/02/09 
2023/02/10 	26.299999237060547	26.299999237060547	25.950000762939453	26.100000381469727	30000	2023/02/10 
2023/02/13 	25.600000381469727	26.350000381469727	25.549999237060547	26.299999237060547	53000	2023/02/13 
2023/02/14 	26.5	26.700000762939453	25.899999618530273	26.600000381469727	22000	2023/02/14 
2023/02/15 	26.100000381469727	26.549999237060547	26.0	26.0	40000	2023/02/15 
2023/02/16 	26.049999237060547	26.549999237060547	26.049999237060547	26.399999618530273	44000	2023/02/16 
2023/02/17 	26.399999618530273	27.299999237060547	26.399999618530273	26.950000762939453	91000	2023/02/17 
2023/02/20 	27.0	27.700000762939453	27.0	27.399999618530273	165000	2023/02/20 
2023/02/21 	27.200000762939453	27.649999618530273	27.200000762939453	27.399999618530273	54000	2023/02/21 
2023/02/22 	27.200000762939453	27.399999618530273	26.899999618530273	27.399999618530273	59000	2023/02/22 
2023/02/23 	27.399999618530273	27.549999237060547	27.049999237060547	27.549999237060547	76000	2023/02/23 
2023/02/24 	27.600000381469727	27.799999237060547	27.5	27.5	39000	2023/02/24 
2023/03/01 	27.5	28.100000381469727	27.5	27.799999237060547	106006	2023/03/01 
2023/03/02 	27.600000381469727	28.0	27.600000381469727	27.75	35000	2023/03/02 
2023/03/03 	27.549999237060547	28.0	27.5	28.0	60000	2023/03/03 
2023/03/06 	28.0	29.200000762939453	27.700000762939453	29.0	178000	2023/03/06 
2023/03/07 	28.75	29.049999237060547	28.700000762939453	28.899999618530273	106000	2023/03/07 
2023/03/08 	29.25	29.700000762939453	29.149999618530273	29.700000762939453	216847	2023/03/08 
