Date	Open	High	Low	Close	Volume	Date
2021/08/04 	53.0	81.0	50.79999923706055	62.599998474121094	606556	2021/08/04 
2021/08/05 	61.0	61.0	54.0	54.400001525878906	302860	2021/08/05 
2021/08/06 	55.0	55.099998474121094	51.20000076293945	51.599998474121094	187771	2021/08/06 
2021/08/09 	52.099998474121094	52.099998474121094	49.70000076293945	50.099998474121094	194609	2021/08/09 
2021/08/10 	49.79999923706055	53.20000076293945	49.79999923706055	50.0	316745	2021/08/10 
2021/08/11 	50.5	51.79999923706055	49.25	49.95000076293945	89299	2021/08/11 
2021/08/12 	49.29999923706055	50.79999923706055	49.29999923706055	50.0	47404	2021/08/12 
2021/08/13 	50.20000076293945	52.099998474121094	50.0	51.79999923706055	71236	2021/08/13 
2021/08/16 	50.099998474121094	51.0	49.20000076293945	50.099998474121094	35091	2021/08/16 
2021/08/17 	50.79999923706055	50.79999923706055	48.599998474121094	49.0	34803	2021/08/17 
2021/08/18 	49.0	49.0	46.400001525878906	48.75	41572	2021/08/18 
2021/08/19 	46.5	47.5	45.70000076293945	46.900001525878906	31467	2021/08/19 
2021/08/20 	46.95000076293945	46.95000076293945	44.04999923706055	45.70000076293945	82097	2021/08/20 
2021/08/23 	45.650001525878906	47.29999923706055	45.099998474121094	47.25	3704	2021/08/23 
2021/08/24 	47.25	47.25	47.25	47.25	1741	2021/08/24 
2021/08/25 	47.45000076293945	47.45000076293945	45.25	46.900001525878906	20804	2021/08/25 
2021/08/26 	46.900001525878906	46.95000076293945	43.349998474121094	45.599998474121094	94460	2021/08/26 
2021/08/27 	45.5	46.45000076293945	45.0	46.29999923706055	22464	2021/08/27 
2021/08/30 	46.29999923706055	46.29999923706055	44.400001525878906	45.70000076293945	30263	2021/08/30 
2021/08/31 	45.70000076293945	46.0	45.70000076293945	45.849998474121094	3002	2021/08/31 
2021/09/01 	45.849998474121094	46.0	44.900001525878906	46.0	11804	2021/09/01 
2021/09/02 	46.150001525878906	46.150001525878906	46.150001525878906	46.150001525878906	3651	2021/09/02 
2021/09/03 	46.0	46.150001525878906	44.79999923706055	46.099998474121094	24342	2021/09/03 
2021/09/06 	46.099998474121094	46.099998474121094	45.5	46.099998474121094	6032	2021/09/06 
2021/09/07 	46.099998474121094	46.099998474121094	44.70000076293945	45.5	15205	2021/09/07 
2021/09/08 	45.5	45.5	44.70000076293945	45.5	8902	2021/09/08 
2021/09/09 	44.70000076293945	46.099998474121094	44.70000076293945	46.099998474121094	10251	2021/09/09 
2021/09/10 	46.45000076293945	46.45000076293945	45.25	46.150001525878906	9111	2021/09/10 
2021/09/13 	46.099998474121094	46.45000076293945	45.349998474121094	46.400001525878906	35084	2021/09/13 
2021/09/14 	46.400001525878906	46.54999923706055	45.5	46.0	14212	2021/09/14 
2021/09/15 	46.5	46.5	45.0	46.5	3457	2021/09/15 
2021/09/16 	46.599998474121094	46.650001525878906	45.0	46.650001525878906	7570	2021/09/16 
2021/09/17 	46.650001525878906	46.70000076293945	45.900001525878906	46.099998474121094	10000	2021/09/17 
2021/09/22 	45.0	46.79999923706055	45.0	46.5	6050	2021/09/22 
2021/09/23 	46.5	46.75	44.900001525878906	46.0	11510	2021/09/23 
2021/09/24 	46.0	46.5	44.900001525878906	46.20000076293945	34270	2021/09/24 
2021/09/27 	46.150001525878906	50.0	46.150001525878906	50.0	108170	2021/09/27 
2021/09/28 	49.900001525878906	51.20000076293945	47.79999923706055	48.099998474121094	112168	2021/09/28 
2021/09/29 	48.0	48.5	46.79999923706055	47.400001525878906	53220	2021/09/29 
2021/09/30 	46.54999923706055	47.0	45.79999923706055	47.0	11420	2021/09/30 
2021/10/01 	46.95000076293945	46.95000076293945	44.849998474121094	45.349998474121094	27210	2021/10/01 
2021/10/04 	44.849998474121094	46.29999923706055	44.599998474121094	45.20000076293945	37710	2021/10/04 
2021/10/05 	44.099998474121094	45.900001525878906	44.099998474121094	45.5	11408	2021/10/05 
2021/10/06 	45.900001525878906	46.0	45.54999923706055	46.0	6100	2021/10/06 
2021/10/07 	46.0	46.0	45.5	46.0	5208	2021/10/07 
2021/10/08 	47.0	47.150001525878906	47.0	47.150001525878906	80	2021/10/08 
2021/10/12 	45.599998474121094	45.70000076293945	45.0	45.0	13804	2021/10/12 
2021/10/13 	44.79999923706055	45.849998474121094	44.79999923706055	45.849998474121094	5200	2021/10/13 
2021/10/14 	45.849998474121094	45.849998474121094	44.79999923706055	45.0	5100	2021/10/14 
2021/10/15 	46.95000076293945	46.95000076293945	46.95000076293945	46.95000076293945	100	2021/10/15 
2021/10/18 	45.0	46.95000076293945	45.0	46.95000076293945	7200	2021/10/18 
2021/10/19 	46.95000076293945	46.95000076293945	46.95000076293945	46.95000076293945	50	2021/10/19 
2021/10/20 	44.70000076293945	45.0	44.650001525878906	45.0	10140	2021/10/20 
2021/10/21 	44.650001525878906	46.0	44.20000076293945	46.0	21160	2021/10/21 
2021/10/22 	46.0	46.0	46.0	46.0	1000	2021/10/22 
2021/10/25 	46.0	46.0	45.0	45.0	6200	2021/10/25 
2021/10/26 	46.099998474121094	46.099998474121094	44.29999923706055	44.5	6000	2021/10/26 
2021/10/27 	46.0	46.0	46.0	46.0	2501	2021/10/27 
2021/10/28 	46.150001525878906	46.150001525878906	45.0	45.0	6957	2021/10/28 
2021/10/29 	46.150001525878906	46.150001525878906	46.150001525878906	46.150001525878906	10	2021/10/29 
2021/11/01 	46.29999923706055	48.20000076293945	46.0	47.5	57320	2021/11/01 
2021/11/02 	48.0	48.650001525878906	47.0	48.099998474121094	25220	2021/11/02 
2021/11/03 	48.099998474121094	48.099998474121094	48.099998474121094	48.099998474121094	1000	2021/11/03 
2021/11/04 	48.099998474121094	48.099998474121094	48.099998474121094	48.099998474121094	0	2021/11/04 
2021/11/05 	47.75	47.75	47.75	47.75	1	2021/11/05 
2021/11/08 	47.79999923706055	48.0	46.0	48.0	4043	2021/11/08 
2021/11/09 	46.0	47.70000076293945	45.79999923706055	47.70000076293945	3219	2021/11/09 
2021/11/10 	47.70000076293945	48.20000076293945	47.5	48.20000076293945	23110	2021/11/10 
2021/11/11 	47.5	48.20000076293945	46.79999923706055	48.20000076293945	702	2021/11/11 
2021/11/12 	48.20000076293945	48.20000076293945	48.20000076293945	48.20000076293945	1001	2021/11/12 
2021/11/15 	50.20000076293945	51.20000076293945	49.0	50.20000076293945	93918	2021/11/15 
2021/11/16 	48.5	51.0	48.5	50.5	48678	2021/11/16 
2021/11/17 	51.0	51.20000076293945	49.79999923706055	50.0	66877	2021/11/17 
2021/11/18 	50.0	51.5	49.5	50.0	43285	2021/11/18 
2021/11/19 	49.79999923706055	51.20000076293945	49.5	51.0	16905	2021/11/19 
2021/11/22 	49.5	51.20000076293945	49.20000076293945	50.0	13552	2021/11/22 
2021/11/23 	49.0	51.20000076293945	48.650001525878906	48.650001525878906	7174	2021/11/23 
2021/11/24 	50.0	50.20000076293945	48.45000076293945	50.0	16114	2021/11/24 
2021/11/25 	50.0	50.0	48.5	50.0	13005	2021/11/25 
2021/11/26 	50.0	50.20000076293945	48.5	48.900001525878906	36054	2021/11/26 
2021/11/29 	48.900001525878906	48.900001525878906	48.900001525878906	48.900001525878906	0	2021/11/29 
2021/11/30 	48.79999923706055	49.5	47.5	49.5	27153	2021/11/30 
2021/12/01 	47.70000076293945	49.5	47.70000076293945	49.5	1110	2021/12/01 
2021/12/02 	48.79999923706055	49.0	48.5	49.0	14001	2021/12/02 
2021/12/03 	50.0	50.5	48.5	49.0	48253	2021/12/03 
2021/12/06 	49.0	49.5	48.0	49.0	7052	2021/12/06 
2021/12/07 	48.0	49.0	48.0	49.0	2150	2021/12/07 
2021/12/08 	49.0	49.0	49.0	49.0	0	2021/12/08 
2021/12/09 	48.5	48.5	45.5	47.400001525878906	64789	2021/12/09 
2021/12/10 	45.70000076293945	47.400001525878906	45.70000076293945	47.400001525878906	2101	2021/12/10 
2021/12/13 	47.20000076293945	47.20000076293945	47.20000076293945	47.20000076293945	3000	2021/12/13 
2021/12/14 	46.0	46.5	45.79999923706055	45.79999923706055	11100	2021/12/14 
2021/12/15 	45.79999923706055	47.400001525878906	45.79999923706055	47.400001525878906	81	2021/12/15 
2021/12/16 	46.0	47.0	46.0	47.0	7000	2021/12/16 
2021/12/17 	46.79999923706055	47.0	45.5	47.0	3101	2021/12/17 
2021/12/20 	47.0	47.0	47.0	47.0	1006	2021/12/20 
2021/12/21 	47.0	47.0	46.75	46.75	5250	2021/12/21 
2021/12/22 	47.0	47.20000076293945	46.0	46.0	4101	2021/12/22 
2021/12/23 	45.79999923706055	47.20000076293945	45.79999923706055	47.20000076293945	8001	2021/12/23 
2021/12/24 	45.79999923706055	45.79999923706055	45.79999923706055	45.79999923706055	1001	2021/12/24 
2021/12/27 	45.79999923706055	45.79999923706055	45.79999923706055	45.79999923706055	1	2021/12/27 
2021/12/28 	45.79999923706055	45.79999923706055	45.79999923706055	45.79999923706055	0	2021/12/28 
2021/12/29 	45.79999923706055	45.79999923706055	45.79999923706055	45.79999923706055	0	2021/12/29 
2021/12/30 	47.20000076293945	48.400001525878906	46.0	48.20000076293945	14001	2021/12/30 
2022/01/03 	47.29999923706055	47.5	47.29999923706055	47.5	10000	2022/01/03 
2022/01/04 	47.5	47.5	47.5	47.5	0	2022/01/04 
2022/01/05 	47.5	47.5	47.5	47.5	0	2022/01/05 
2022/01/06 	48.5	48.5	48.5	48.5	1000	2022/01/06 
2022/01/07 	47.20000076293945	47.5	47.20000076293945	47.5	5000	2022/01/07 
2022/01/10 	47.5	47.5	47.5	47.5	0	2022/01/10 
2022/01/11 	47.099998474121094	47.5	47.0	47.29999923706055	12000	2022/01/11 
2022/01/12 	47.5	48.0	47.29999923706055	48.0	7001	2022/01/12 
2022/01/13 	47.0	47.29999923706055	47.0	47.29999923706055	5017	2022/01/13 
2022/01/14 	47.0	47.29999923706055	47.0	47.0	6132	2022/01/14 
2022/01/17 	48.0	48.0	47.5	47.5	9000	2022/01/17 
2022/01/18 	48.0	49.20000076293945	47.5	49.20000076293945	1101	2022/01/18 
2022/01/19 	49.20000076293945	49.20000076293945	49.20000076293945	49.20000076293945	0	2022/01/19 
2022/01/20 	48.900001525878906	48.900001525878906	48.900001525878906	48.900001525878906	1000	2022/01/20 
2022/01/21 	47.599998474121094	48.20000076293945	47.5	47.75	18000	2022/01/21 
2022/01/24 	47.0	47.79999923706055	47.0	47.79999923706055	4000	2022/01/24 
2022/01/25 	47.79999923706055	47.79999923706055	47.79999923706055	47.79999923706055	0	2022/01/25 
2022/01/26 	47.5	47.5	47.5	47.5	2200	2022/01/26 
2022/02/07 	47.20000076293945	47.5	47.20000076293945	47.5	6000	2022/02/07 
2022/02/08 	47.5	47.5	47.5	47.5	0	2022/02/08 
2022/02/09 	49.0	49.0	47.5	47.5	7000	2022/02/09 
2022/02/10 	49.099998474121094	49.79999923706055	48.79999923706055	49.79999923706055	219800	2022/02/10 
2022/02/11 	49.29999923706055	49.900001525878906	49.0	49.0	41422	2022/02/11 
2022/02/14 	49.5	50.70000076293945	48.5	50.29999923706055	51400	2022/02/14 
2022/02/15 	50.099998474121094	50.099998474121094	49.29999923706055	49.5	23200	2022/02/15 
2022/02/16 	49.5	49.5	49.5	49.5	0	2022/02/16 
2022/02/17 	49.29999923706055	50.400001525878906	49.29999923706055	50.400001525878906	2490	2022/02/17 
2022/02/18 	50.79999923706055	50.79999923706055	50.79999923706055	50.79999923706055	2000	2022/02/18 
2022/02/21 	50.0	50.0	50.0	50.0	3000	2022/02/21 
2022/02/22 	49.349998474121094	49.45000076293945	49.29999923706055	49.45000076293945	9000	2022/02/22 
2022/02/23 	49.5	50.0	48.400001525878906	49.650001525878906	25401	2022/02/23 
2022/02/24 	49.650001525878906	49.650001525878906	49.650001525878906	49.650001525878906	0	2022/02/24 
2022/02/25 	50.0	50.20000076293945	49.900001525878906	50.20000076293945	21000	2022/02/25 
2022/03/01 	50.20000076293945	50.5	49.099998474121094	50.0	16500	2022/03/01 
2022/03/02 	50.20000076293945	50.5	49.849998474121094	50.29999923706055	30002	2022/03/02 
2022/03/03 	50.900001525878906	51.0	50.0	51.0	22445	2022/03/03 
2022/03/04 	50.099998474121094	50.70000076293945	50.0	50.29999923706055	38250	2022/03/04 
2022/03/07 	50.70000076293945	50.70000076293945	50.29999923706055	50.29999923706055	6500	2022/03/07 
2022/03/08 	50.20000076293945	50.5	50.0	50.20000076293945	28000	2022/03/08 
2022/03/09 	50.0	50.5	49.849998474121094	50.5	53602	2022/03/09 
2022/03/10 	49.849998474121094	50.20000076293945	49.849998474121094	49.900001525878906	17000	2022/03/10 
2022/03/11 	49.849998474121094	50.20000076293945	49.70000076293945	50.0	40101	2022/03/11 
2022/03/14 	50.5	50.5	49.29999923706055	50.20000076293945	5101	2022/03/14 
2022/03/15 	48.650001525878906	50.099998474121094	48.5	48.5	9001	2022/03/15 
2022/03/16 	49.0	50.20000076293945	49.0	50.20000076293945	48100	2022/03/16 
2022/03/17 	50.0	50.29999923706055	49.900001525878906	50.099998474121094	9000	2022/03/17 
2022/03/18 	50.599998474121094	50.599998474121094	48.29999923706055	50.20000076293945	15651	2022/03/18 
2022/03/21 	50.20000076293945	50.20000076293945	50.20000076293945	50.20000076293945	0	2022/03/21 
2022/03/22 	50.099998474121094	51.20000076293945	50.099998474121094	50.29999923706055	8100	2022/03/22 
2022/03/23 	51.0	52.20000076293945	50.900001525878906	51.70000076293945	33603	2022/03/23 
2022/03/24 	51.0	52.20000076293945	50.79999923706055	52.099998474121094	13297	2022/03/24 
2022/03/25 	51.29999923706055	52.5	51.29999923706055	52.29999923706055	42829	2022/03/25 
2022/03/28 	52.400001525878906	52.400001525878906	50.900001525878906	51.70000076293945	45095	2022/03/28 
2022/03/29 	51.70000076293945	52.20000076293945	50.0	52.20000076293945	28401	2022/03/29 
2022/03/30 	51.29999923706055	51.29999923706055	51.29999923706055	51.29999923706055	1295	2022/03/30 
2022/03/31 	51.29999923706055	51.70000076293945	51.29999923706055	51.5	17025	2022/03/31 
2022/04/01 	51.70000076293945	51.70000076293945	51.099998474121094	51.29999923706055	8000	2022/04/01 
2022/04/06 	51.70000076293945	52.20000076293945	51.5	52.20000076293945	10501	2022/04/06 
2022/04/07 	51.599998474121094	51.900001525878906	51.599998474121094	51.900001525878906	6000	2022/04/07 
2022/04/08 	51.5	51.900001525878906	51.20000076293945	51.900001525878906	7149	2022/04/08 
2022/04/11 	51.5	51.5	50.900001525878906	51.099998474121094	35500	2022/04/11 
2022/04/12 	51.5	51.5	51.099998474121094	51.29999923706055	15601	2022/04/12 
2022/04/13 	51.29999923706055	51.5	51.29999923706055	51.5	11500	2022/04/13 
2022/04/14 	51.20000076293945	51.5	51.099998474121094	51.099998474121094	23000	2022/04/14 
2022/04/15 	51.29999923706055	51.5	51.099998474121094	51.5	23642	2022/04/15 
2022/04/18 	51.5	51.5	51.400001525878906	51.400001525878906	6000	2022/04/18 
2022/04/19 	51.400001525878906	51.400001525878906	51.400001525878906	51.400001525878906	0	2022/04/19 
2022/04/20 	51.20000076293945	51.79999923706055	51.20000076293945	51.79999923706055	451	2022/04/20 
2022/04/21 	51.79999923706055	51.79999923706055	51.79999923706055	51.79999923706055	0	2022/04/21 
2022/04/22 	51.79999923706055	51.79999923706055	51.79999923706055	51.79999923706055	0	2022/04/22 
2022/04/25 	51.20000076293945	51.400001525878906	51.099998474121094	51.400001525878906	11000	2022/04/25 
2022/04/26 	51.099998474121094	52.0	50.79999923706055	52.0	28102	2022/04/26 
2022/04/27 	50.900001525878906	51.400001525878906	50.79999923706055	51.20000076293945	21000	2022/04/27 
2022/04/28 	51.20000076293945	51.20000076293945	51.20000076293945	51.20000076293945	0	2022/04/28 
2022/04/29 	51.900001525878906	51.900001525878906	51.900001525878906	51.900001525878906	1	2022/04/29 
2022/05/03 	51.099998474121094	51.29999923706055	51.099998474121094	51.29999923706055	6000	2022/05/03 
2022/05/04 	51.29999923706055	51.29999923706055	51.29999923706055	51.29999923706055	0	2022/05/04 
2022/05/05 	51.29999923706055	51.29999923706055	51.29999923706055	51.29999923706055	0	2022/05/05 
2022/05/06 	51.29999923706055	51.29999923706055	51.29999923706055	51.29999923706055	0	2022/05/06 
2022/05/09 	51.29999923706055	51.29999923706055	51.29999923706055	51.29999923706055	0	2022/05/09 
2022/05/10 	51.29999923706055	51.29999923706055	51.29999923706055	51.29999923706055	0	2022/05/10 
2022/05/11 	50.0	51.0	50.0	50.20000076293945	28040	2022/05/11 
2022/05/12 	50.70000076293945	52.0	50.099998474121094	50.099998474121094	8001	2022/05/12 
2022/05/13 	50.099998474121094	50.099998474121094	50.099998474121094	50.099998474121094	1000	2022/05/13 
2022/05/16 	50.0	50.70000076293945	50.0	50.70000076293945	8001	2022/05/16 
2022/05/17 	50.0	51.20000076293945	50.0	51.20000076293945	8001	2022/05/17 
2022/05/18 	51.20000076293945	51.20000076293945	51.20000076293945	51.20000076293945	0	2022/05/18 
2022/05/19 	50.70000076293945	51.20000076293945	50.0	51.20000076293945	15001	2022/05/19 
2022/05/20 	51.20000076293945	51.20000076293945	51.20000076293945	51.20000076293945	0	2022/05/20 
2022/05/23 	51.20000076293945	51.20000076293945	51.20000076293945	51.20000076293945	0	2022/05/23 
2022/05/24 	51.20000076293945	51.20000076293945	51.0	51.0	6000	2022/05/24 
2022/05/25 	51.20000076293945	51.20000076293945	50.79999923706055	51.0	20200	2022/05/25 
2022/05/26 	50.79999923706055	51.0	50.400001525878906	50.599998474121094	18000	2022/05/26 
2022/05/27 	50.79999923706055	51.20000076293945	50.599998474121094	51.20000076293945	12001	2022/05/27 
2022/05/30 	51.20000076293945	51.20000076293945	50.79999923706055	51.099998474121094	15002	2022/05/30 
2022/05/31 	50.79999923706055	51.20000076293945	50.79999923706055	51.0	12000	2022/05/31 
2022/06/01 	51.0	51.0	51.0	51.0	0	2022/06/01 
2022/06/02 	51.20000076293945	51.20000076293945	51.20000076293945	51.20000076293945	1000	2022/06/02 
2022/06/06 	51.20000076293945	51.20000076293945	51.0	51.0	8000	2022/06/06 
2022/06/07 	51.0	51.70000076293945	50.79999923706055	51.70000076293945	9537	2022/06/07 
2022/06/08 	51.0	51.20000076293945	51.0	51.20000076293945	15000	2022/06/08 
2022/06/09 	50.900001525878906	51.20000076293945	50.70000076293945	51.20000076293945	18001	2022/06/09 
2022/06/10 	51.20000076293945	51.20000076293945	51.20000076293945	51.20000076293945	0	2022/06/10 
2022/06/13 	51.20000076293945	51.20000076293945	51.20000076293945	51.20000076293945	0	2022/06/13 
2022/06/14 	49.79999923706055	50.20000076293945	48.0	50.099998474121094	9000	2022/06/14 
2022/06/15 	50.099998474121094	50.099998474121094	50.099998474121094	50.099998474121094	0	2022/06/15 
2022/06/16 	50.099998474121094	50.099998474121094	49.400001525878906	50.0	11020	2022/06/16 
2022/06/17 	50.0	50.0	50.0	50.0	0	2022/06/17 
2022/06/20 	47.70000076293945	49.599998474121094	47.70000076293945	48.099998474121094	7027	2022/06/20 
2022/06/21 	49.599998474121094	50.70000076293945	49.5	50.400001525878906	24332	2022/06/21 
2022/06/22 	49.5	49.70000076293945	47.849998474121094	47.849998474121094	8004	2022/06/22 
2022/06/23 	47.849998474121094	47.849998474121094	47.849998474121094	47.849998474121094	0	2022/06/23 
2022/06/24 	47.849998474121094	47.849998474121094	47.849998474121094	47.849998474121094	0	2022/06/24 
2022/06/27 	49.20000076293945	49.20000076293945	49.20000076293945	49.20000076293945	2100	2022/06/27 
2022/06/28 	47.099998474121094	52.0	47.099998474121094	51.79999923706055	36163	2022/06/28 
2022/06/29 	51.0	52.099998474121094	51.0	52.0	45004	2022/06/29 
2022/06/30 	51.5	52.0	51.099998474121094	52.0	63641	2022/06/30 
2022/07/01 	51.70000076293945	52.099998474121094	51.099998474121094	52.0	141449	2022/07/01 
2022/07/04 	49.5	52.099998474121094	49.0	52.099998474121094	25409	2022/07/04 
2022/07/05 	51.0	52.20000076293945	50.900001525878906	52.20000076293945	40207	2022/07/05 
2022/07/06 	50.0	51.0	50.0	51.0	3201	2022/07/06 
2022/07/07 	51.0	51.0	51.0	51.0	1	2022/07/07 
2022/07/08 	49.79999923706055	50.0	49.79999923706055	50.0	6000	2022/07/08 
2022/07/11 	50.20000076293945	50.70000076293945	49.150001525878906	50.70000076293945	9103	2022/07/11 
2022/07/12 	49.0	49.20000076293945	48.650001525878906	49.0	18000	2022/07/12 
2022/07/13 	48.599998474121094	50.0	48.400001525878906	50.0	14001	2022/07/13 
2022/07/14 	50.0	50.0	50.0	50.0	0	2022/07/14 
2022/07/15 	50.0	50.0	50.0	50.0	0	2022/07/15 
2022/07/18 	48.5	49.0	48.5	49.0	3050	2022/07/18 
2022/07/19 	48.29999923706055	48.29999923706055	48.29999923706055	48.29999923706055	1000	2022/07/19 
2022/07/20 	48.29999923706055	48.29999923706055	48.29999923706055	48.29999923706055	0	2022/07/20 
2022/07/21 	49.0	49.0	49.0	49.0	1000	2022/07/21 
2022/07/22 	49.0	49.0	49.0	49.0	0	2022/07/22 
2022/07/25 	49.0	49.0	49.0	49.0	0	2022/07/25 
2022/07/26 	49.0	49.0	49.0	49.0	0	2022/07/26 
2022/07/27 	49.0	49.0	49.0	49.0	0	2022/07/27 
2022/07/28 	49.0	49.0	49.0	49.0	1000	2022/07/28 
2022/07/29 	49.0	49.0	49.0	49.0	0	2022/07/29 
2022/08/01 	49.0	49.0	49.0	49.0	0	2022/08/01 
2022/08/02 	49.0	49.0	49.0	49.0	3000	2022/08/02 
2022/08/03 	49.0	49.0	49.0	49.0	0	2022/08/03 
2022/08/04 	48.0	48.0	48.0	48.0	3000	2022/08/04 
2022/08/05 	48.0	48.0	48.0	48.0	0	2022/08/05 
2022/08/08 	48.0	48.0	48.0	48.0	300	2022/08/08 
2022/08/09 	49.70000076293945	53.0	49.70000076293945	53.0	35686	2022/08/09 
2022/08/10 	51.5	53.0	50.5	52.5	20278	2022/08/10 
2022/08/11 	52.5	52.5	52.5	52.5	15	2022/08/11 
2022/08/12 	50.5	52.5	50.400001525878906	51.70000076293945	13303	2022/08/12 
2022/08/15 	50.400001525878906	50.79999923706055	50.400001525878906	50.79999923706055	8000	2022/08/15 
2022/08/16 	51.20000076293945	51.20000076293945	51.20000076293945	51.20000076293945	2000	2022/08/16 
2022/08/17 	51.20000076293945	51.20000076293945	51.20000076293945	51.20000076293945	0	2022/08/17 
2022/08/18 	51.400001525878906	51.400001525878906	50.0	50.0	3039	2022/08/18 
2022/08/19 	51.0	51.20000076293945	50.0	51.20000076293945	5401	2022/08/19 
2022/08/22 	51.20000076293945	51.20000076293945	51.20000076293945	51.20000076293945	0	2022/08/22 
2022/08/23 	50.900001525878906	50.900001525878906	50.900001525878906	50.900001525878906	1	2022/08/23 
2022/08/24 	49.79999923706055	50.20000076293945	49.79999923706055	50.0	5550	2022/08/24 
2022/08/25 	50.0	50.0	50.0	50.0	3000	2022/08/25 
2022/08/26 	49.20000076293945	49.20000076293945	49.20000076293945	49.20000076293945	1000	2022/08/26 
2022/08/29 	51.0	51.0	51.0	51.0	2000	2022/08/29 
2022/08/30 	51.0	51.20000076293945	50.0	50.900001525878906	11099	2022/08/30 
2022/08/31 	50.900001525878906	50.900001525878906	49.900001525878906	50.70000076293945	3202	2022/08/31 
2022/09/01 	50.70000076293945	50.70000076293945	49.79999923706055	50.20000076293945	6110	2022/09/01 
2022/09/02 	50.099998474121094	50.099998474121094	49.79999923706055	49.79999923706055	3000	2022/09/02 
2022/09/05 	48.95000076293945	49.849998474121094	48.400001525878906	49.849998474121094	22503	2022/09/05 
2022/09/06 	47.5	49.150001525878906	47.5	49.150001525878906	14722	2022/09/06 
2022/09/07 	49.150001525878906	49.25	49.0	49.25	3594	2022/09/07 
2022/09/08 	49.25	49.29999923706055	47.650001525878906	49.29999923706055	7571	2022/09/08 
2022/09/12 	47.5	49.400001525878906	47.5	49.400001525878906	7705	2022/09/12 
2022/09/13 	49.400001525878906	50.099998474121094	49.0	50.099998474121094	59817	2022/09/13 
2022/09/14 	50.099998474121094	51.0	49.79999923706055	50.099998474121094	84151	2022/09/14 
2022/09/15 	50.20000076293945	51.0	49.5	50.599998474121094	23966	2022/09/15 
2022/09/16 	50.599998474121094	51.0	48.400001525878906	49.54999923706055	32258	2022/09/16 
2022/09/19 	49.54999923706055	49.54999923706055	49.54999923706055	49.54999923706055	0	2022/09/19 
2022/09/20 	49.54999923706055	49.54999923706055	49.54999923706055	49.54999923706055	0	2022/09/20 
2022/09/21 	49.54999923706055	49.54999923706055	49.54999923706055	49.54999923706055	0	2022/09/21 
2022/09/22 	49.54999923706055	49.54999923706055	49.54999923706055	49.54999923706055	0	2022/09/22 
2022/09/23 	48.099998474121094	49.20000076293945	47.5	48.099998474121094	27335	2022/09/23 
2022/09/26 	47.70000076293945	48.20000076293945	46.5	46.5	26917	2022/09/26 
2022/09/27 	46.5	47.45000076293945	46.5	47.0	11348	2022/09/27 
2022/09/28 	46.5	47.45000076293945	43.70000076293945	44.75	37086	2022/09/28 
2022/09/29 	43.70000076293945	45.45000076293945	43.70000076293945	44.599998474121094	11993	2022/09/29 
2022/09/30 	43.79999923706055	44.75	43.45000076293945	44.349998474121094	28677	2022/09/30 
2022/10/03 	43.45000076293945	44.349998474121094	43.45000076293945	44.349998474121094	8743	2022/10/03 
2022/10/04 	42.75	44.349998474121094	42.75	43.95000076293945	11092	2022/10/04 
2022/10/05 	44.150001525878906	45.5	43.349998474121094	45.150001525878906	15655	2022/10/05 
2022/10/06 	45.5	45.5	44.0	45.5	3023	2022/10/06 
2022/10/07 	45.04999923706055	47.04999923706055	45.04999923706055	47.04999923706055	4358	2022/10/07 
2022/10/11 	47.0	47.400001525878906	44.150001525878906	47.400001525878906	58989	2022/10/11 
2022/10/12 	47.400001525878906	50.0	46.0	47.70000076293945	93387	2022/10/12 
2022/10/13 	48.900001525878906	50.0	47.70000076293945	48.70000076293945	71342	2022/10/13 
2022/10/14 	48.70000076293945	50.20000076293945	46.75	50.0	42416	2022/10/14 
2022/10/17 	48.0	48.5	46.5	48.5	13397	2022/10/17 
2022/10/18 	48.0	48.150001525878906	47.599998474121094	47.79999923706055	20400	2022/10/18 
2022/10/19 	48.150001525878906	48.150001525878906	46.150001525878906	48.150001525878906	5126	2022/10/19 
2022/10/20 	48.099998474121094	48.150001525878906	46.20000076293945	48.150001525878906	8028	2022/10/20 
2022/10/21 	46.150001525878906	48.150001525878906	46.150001525878906	48.150001525878906	27020	2022/10/21 
2022/10/24 	46.79999923706055	48.25	46.599998474121094	47.75	60489	2022/10/24 
2022/10/25 	47.650001525878906	48.150001525878906	47.20000076293945	48.0	151528	2022/10/25 
2022/10/26 	47.5	48.150001525878906	46.849998474121094	47.599998474121094	32502	2022/10/26 
2022/10/27 	48.150001525878906	48.150001525878906	45.79999923706055	48.0	104484	2022/10/27 
2022/10/28 	46.5	48.20000076293945	45.849998474121094	46.79999923706055	87007	2022/10/28 
2022/10/31 	48.150001525878906	48.150001525878906	46.0	47.0	60090	2022/10/31 
2022/11/01 	46.599998474121094	47.5	45.400001525878906	47.0	209742	2022/11/01 
2022/11/02 	47.75	47.75	45.79999923706055	46.5	48393	2022/11/02 
2022/11/03 	47.70000076293945	47.70000076293945	46.0	46.29999923706055	37733	2022/11/03 
2022/11/04 	47.45000076293945	47.45000076293945	46.099998474121094	46.5	20685	2022/11/04 
2022/11/07 	47.0	47.95000076293945	45.849998474121094	46.400001525878906	16058	2022/11/07 
2022/11/08 	46.5	46.70000076293945	45.900001525878906	46.70000076293945	44453	2022/11/08 
2022/11/09 	45.5	45.95000076293945	44.29999923706055	44.29999923706055	63636	2022/11/09 
2022/11/10 	36.79999923706055	39.150001525878906	35.099998474121094	38.650001525878906	2413180	2022/11/10 
2022/11/11 	39.0	43.0	38.70000076293945	41.099998474121094	2007100	2022/11/11 
2022/11/14 	41.5	41.5	39.349998474121094	40.0	834101	2022/11/14 
2022/11/15 	40.29999923706055	40.900001525878906	39.95000076293945	40.04999923706055	354100	2022/11/15 
2022/11/16 	40.20000076293945	40.29999923706055	39.349998474121094	40.04999923706055	554000	2022/11/16 
2022/11/17 	40.0	41.5	39.900001525878906	40.599998474121094	394393	2022/11/17 
2022/11/18 	40.599998474121094	40.650001525878906	40.099998474121094	40.099998474121094	281212	2022/11/18 
2022/11/21 	40.150001525878906	40.20000076293945	40.0	40.0	311000	2022/11/21 
2022/11/22 	40.04999923706055	41.45000076293945	39.900001525878906	40.650001525878906	399200	2022/11/22 
2022/11/23 	41.0	41.900001525878906	41.0	41.25	415000	2022/11/23 
2022/11/24 	41.400001525878906	41.650001525878906	40.400001525878906	40.70000076293945	337005	2022/11/24 
2022/11/25 	40.75	41.650001525878906	40.5	40.79999923706055	336000	2022/11/25 
2022/11/28 	40.599998474121094	40.599998474121094	38.5	39.20000076293945	309037	2022/11/28 
2022/11/29 	39.400001525878906	39.599998474121094	38.650001525878906	38.650001525878906	211000	2022/11/29 
2022/11/30 	39.54999923706055	39.54999923706055	38.599998474121094	38.79999923706055	149000	2022/11/30 
2022/12/01 	39.150001525878906	39.150001525878906	38.5	38.599998474121094	279000	2022/12/01 
2022/12/02 	38.650001525878906	39.45000076293945	38.650001525878906	39.150001525878906	163000	2022/12/02 
2022/12/05 	39.599998474121094	41.45000076293945	39.5	41.04999923706055	542089	2022/12/05 
2022/12/06 	40.79999923706055	41.04999923706055	39.900001525878906	40.150001525878906	355000	2022/12/06 
2022/12/07 	40.5	40.5	39.75	39.75	176000	2022/12/07 
2022/12/08 	39.75	39.75	39.25	39.5	149000	2022/12/08 
2022/12/09 	39.5	39.5	38.650001525878906	39.20000076293945	102000	2022/12/09 
2022/12/12 	39.20000076293945	39.20000076293945	38.54999923706055	38.599998474121094	117000	2022/12/12 
2022/12/13 	38.900001525878906	38.900001525878906	38.5	38.650001525878906	170000	2022/12/13 
2022/12/14 	38.70000076293945	39.20000076293945	38.599998474121094	39.0	100100	2022/12/14 
2022/12/15 	39.0	39.599998474121094	39.0	39.099998474121094	115000	2022/12/15 
2022/12/16 	39.0	39.0	38.099998474121094	38.29999923706055	191000	2022/12/16 
2022/12/19 	38.45000076293945	38.45000076293945	38.0	38.0	53000	2022/12/19 
2022/12/20 	38.099998474121094	38.099998474121094	37.0	37.0	215100	2022/12/20 
2022/12/21 	37.0	37.5	36.5	36.5	81000	2022/12/21 
2022/12/22 	36.5	40.150001525878906	36.5	40.0	644000	2022/12/22 
2022/12/23 	38.5	39.70000076293945	38.20000076293945	39.20000076293945	415000	2022/12/23 
2022/12/26 	39.5	39.54999923706055	39.04999923706055	39.25	65000	2022/12/26 
2022/12/27 	39.650001525878906	39.650001525878906	38.5	38.95000076293945	60045	2022/12/27 
2022/12/28 	38.5	38.5	38.150001525878906	38.25	51000	2022/12/28 
2022/12/29 	38.5	38.5	38.0	38.099998474121094	25000	2022/12/29 
2022/12/30 	38.5	39.650001525878906	38.45000076293945	39.45000076293945	258020	2022/12/30 
2023/01/03 	39.45000076293945	39.650001525878906	39.25	39.25	39024	2023/01/03 
2023/01/04 	39.099998474121094	39.400001525878906	38.75	39.349998474121094	36000	2023/01/04 
2023/01/05 	39.400001525878906	39.75	39.150001525878906	39.20000076293945	54000	2023/01/05 
2023/01/06 	39.20000076293945	39.20000076293945	39.04999923706055	39.20000076293945	23000	2023/01/06 
2023/01/09 	39.650001525878906	39.650001525878906	39.04999923706055	39.25	28000	2023/01/09 
2023/01/10 	39.349998474121094	39.349998474121094	39.0	39.0	18000	2023/01/10 
2023/01/11 	38.95000076293945	40.04999923706055	38.5	39.75	276000	2023/01/11 
2023/01/12 	39.95000076293945	40.150001525878906	39.849998474121094	39.95000076293945	229000	2023/01/12 
2023/01/13 	40.04999923706055	40.099998474121094	39.849998474121094	40.099998474121094	92000	2023/01/13 
2023/01/16 	40.45000076293945	40.650001525878906	40.099998474121094	40.25	141000	2023/01/16 
2023/01/17 	40.5	40.5	40.0	40.0	26000	2023/01/17 
2023/01/30 	40.099998474121094	40.099998474121094	39.650001525878906	39.650001525878906	34000	2023/01/30 
2023/01/31 	39.849998474121094	39.95000076293945	39.599998474121094	39.900001525878906	22000	2023/01/31 
2023/02/01 	39.70000076293945	39.70000076293945	38.79999923706055	39.400001525878906	98000	2023/02/01 
2023/02/02 	39.04999923706055	39.54999923706055	39.04999923706055	39.54999923706055	17000	2023/02/02 
2023/02/03 	39.54999923706055	39.650001525878906	39.349998474121094	39.650001525878906	20000	2023/02/03 
2023/02/06 	39.400001525878906	39.650001525878906	39.0	39.650001525878906	24000	2023/02/06 
2023/02/07 	39.25	40.099998474121094	39.25	40.0	130000	2023/02/07 
2023/02/08 	40.0	40.150001525878906	39.79999923706055	40.150001525878906	182000	2023/02/08 
2023/02/09 	40.150001525878906	40.25	40.0	40.099998474121094	84000	2023/02/09 
2023/02/10 	40.099998474121094	40.29999923706055	40.0	40.29999923706055	103000	2023/02/10 
2023/02/13 	40.29999923706055	42.0	40.150001525878906	41.349998474121094	359000	2023/02/13 
2023/02/14 	41.29999923706055	41.29999923706055	40.599998474121094	41.0	183150	2023/02/14 
2023/02/15 	41.349998474121094	41.650001525878906	40.79999923706055	40.849998474121094	163000	2023/02/15 
2023/02/16 	40.849998474121094	41.400001525878906	40.75	41.150001525878906	165000	2023/02/16 
2023/02/17 	41.20000076293945	41.349998474121094	40.900001525878906	41.29999923706055	97000	2023/02/17 
2023/02/20 	41.5	43.849998474121094	41.400001525878906	43.849998474121094	566230	2023/02/20 
2023/02/21 	43.849998474121094	43.849998474121094	42.20000076293945	42.70000076293945	339000	2023/02/21 
2023/02/22 	42.5	42.5	41.349998474121094	42.5	244000	2023/02/22 
2023/02/23 	42.5	43.20000076293945	42.400001525878906	42.79999923706055	158000	2023/02/23 
2023/02/24 	42.79999923706055	44.79999923706055	42.20000076293945	44.79999923706055	424001	2023/02/24 
2023/03/01 	45.20000076293945	49.25	45.20000076293945	49.20000076293945	1387652	2023/03/01 
2023/03/02 	46.04999923706055	46.95000076293945	44.5	45.95000076293945	822559	2023/03/02 
2023/03/03 	45.95000076293945	46.400001525878906	45.0	46.04999923706055	289110	2023/03/03 
2023/03/06 	46.04999923706055	46.70000076293945	45.75	45.95000076293945	199197	2023/03/06 
2023/03/07 	45.900001525878906	46.70000076293945	45.79999923706055	46.20000076293945	133100	2023/03/07 
2023/03/08 	46.04999923706055	46.400001525878906	45.54999923706055	46.099998474121094	116000	2023/03/08 
2023/03/09 	46.150001525878906	46.20000076293945	45.70000076293945	46.099998474121094	147005	2023/03/09 
2023/03/10 	45.650001525878906	46.0	44.70000076293945	44.79999923706055	196114	2023/03/10 
2023/03/13 	43.0	43.650001525878906	41.5	42.400001525878906	203024	2023/03/13 
2023/03/14 	41.79999923706055	42.150001525878906	41.70000076293945	42.150001525878906	71000	2023/03/14 
2023/03/15 	42.150001525878906	42.70000076293945	41.79999923706055	41.849998474121094	121200	2023/03/15 
2023/03/16 	41.70000076293945	42.04999923706055	40.0	41.0	205114	2023/03/16 
2023/03/17 	41.25	41.79999923706055	40.849998474121094	41.79999923706055	39000	2023/03/17 
2023/03/20 	41.79999923706055	42.400001525878906	41.5	42.20000076293945	80000	2023/03/20 
2023/03/21 	42.5	42.5	41.5	42.29999923706055	60050	2023/03/21 
2023/03/22 	42.599998474121094	43.0	42.29999923706055	43.0	116000	2023/03/22 
2023/03/23 	42.95000076293945	43.79999923706055	42.900001525878906	43.25	123000	2023/03/23 
2023/03/24 	42.900001525878906	42.900001525878906	42.54999923706055	42.599998474121094	203500	2023/03/24 
2023/03/27 	43.20000076293945	44.5	42.95000076293945	43.79999923706055	530010	2023/03/27 
2023/03/28 	43.79999923706055	44.20000076293945	43.29999923706055	43.79999923706055	128371	2023/03/28 
2023/03/29 	43.79999923706055	44.099998474121094	43.70000076293945	43.95000076293945	149000	2023/03/29 
2023/03/30 	44.20000076293945	44.20000076293945	43.5	43.5	181000	2023/03/30 
2023/03/31 	43.900001525878906	43.900001525878906	41.79999923706055	43.349998474121094	127000	2023/03/31 
2023/04/06 	43.20000076293945	43.650001525878906	42.5	42.79999923706055	46050	2023/04/06 
2023/04/07 	42.75	44.25	42.599998474121094	43.25	103000	2023/04/07 
2023/04/10 	43.349998474121094	44.29999923706055	43.349998474121094	43.70000076293945	77000	2023/04/10 
2023/04/11 	43.95000076293945	43.95000076293945	42.75	42.849998474121094	139000	2023/04/11 
2023/04/12 	43.099998474121094	43.20000076293945	42.900001525878906	43.20000076293945	72000	2023/04/12 
2023/04/13 	43.099998474121094	43.349998474121094	42.79999923706055	43.0	96000	2023/04/13 
2023/04/14 	43.349998474121094	43.5	43.0	43.400001525878906	175000	2023/04/14 
2023/04/17 	43.54999923706055	44.400001525878906	43.25	44.400001525878906	284056	2023/04/17 
2023/04/18 	44.79999923706055	46.599998474121094	44.5	44.70000076293945	522000	2023/04/18 
2023/04/19 	45.29999923706055	45.29999923706055	43.5	44.0	168040	2023/04/19 
2023/04/20 	43.95000076293945	43.95000076293945	42.70000076293945	43.349998474121094	113000	2023/04/20 
2023/04/21 	43.20000076293945	43.20000076293945	42.29999923706055	42.599998474121094	82000	2023/04/21 
2023/04/24 	42.099998474121094	42.54999923706055	42.0	42.45000076293945	49000	2023/04/24 
2023/04/25 	42.150001525878906	42.150001525878906	40.04999923706055	40.5	183110	2023/04/25 
2023/04/26 	40.45000076293945	40.75	39.79999923706055	40.75	51000	2023/04/26 
2023/04/27 	40.54999923706055	41.400001525878906	40.29999923706055	40.79999923706055	51000	2023/04/27 
2023/04/28 	41.099998474121094	41.099998474121094	40.54999923706055	40.79999923706055	60000	2023/04/28 
2023/05/02 	41.900001525878906	44.849998474121094	41.900001525878906	44.849998474121094	799117	2023/05/02 
2023/05/03 	45.900001525878906	46.75	43.54999923706055	44.599998474121094	690005	2023/05/03 
2023/05/04 	44.099998474121094	44.099998474121094	43.04999923706055	43.29999923706055	243100	2023/05/04 
2023/05/05 	44.0	44.0	43.0	43.150001525878906	102000	2023/05/05 
2023/05/08 	43.20000076293945	43.20000076293945	41.95000076293945	43.20000076293945	107000	2023/05/08 
2023/05/09 	43.20000076293945	43.25	41.900001525878906	42.0	87000	2023/05/09 
2023/05/10 	42.04999923706055	43.0	41.5	43.0	71112	2023/05/10 
2023/05/11 	43.099998474121094	43.099998474121094	41.5	41.54999923706055	111000	2023/05/11 
2023/05/12 	41.849998474121094	41.900001525878906	41.150001525878906	41.650001525878906	35000	2023/05/12 
2023/05/15 	41.79999923706055	42.29999923706055	41.0	42.25	74000	2023/05/15 
2023/05/16 	42.25	42.75	42.20000076293945	42.25	53015	2023/05/16 
2023/05/17 	42.400001525878906	42.900001525878906	42.349998474121094	42.349998474121094	126000	2023/05/17 
2023/05/18 	42.79999923706055	42.79999923706055	42.25	42.650001525878906	54000	2023/05/18 
2023/05/19 	42.5	42.650001525878906	42.29999923706055	42.599998474121094	43000	2023/05/19 
2023/05/22 	42.599998474121094	43.0	42.5	42.95000076293945	73080	2023/05/22 
2023/05/23 	43.0	43.0	42.45000076293945	42.599998474121094	71093	2023/05/23 
2023/05/24 	46.650001525878906	46.849998474121094	46.04999923706055	46.849998474121094	1357087	2023/05/24 
2023/05/25 	48.95000076293945	51.0	48.29999923706055	50.5	4187073	2023/05/25 
2023/05/26 	50.70000076293945	51.5	48.25	49.5	1473092	2023/05/26 
2023/05/29 	49.79999923706055	50.0	48.20000076293945	49.150001525878906	775095	2023/05/29 
2023/05/30 	49.45000076293945	50.599998474121094	49.0	49.0	720020	2023/05/30 
2023/05/31 	49.400001525878906	49.54999923706055	48.349998474121094	48.849998474121094	521000	2023/05/31 
2023/06/01 	49.5	52.0	49.5	50.0	2510227	2023/06/01 
2023/06/02 	50.20000076293945	51.0	48.79999923706055	48.900001525878906	1017299	2023/06/02 
2023/06/05 	49.0	49.0	47.150001525878906	47.5	640200	2023/06/05 
2023/06/06 	48.0	48.0	47.0	47.099998474121094	272000	2023/06/06 
2023/06/07 	47.5	49.400001525878906	47.150001525878906	48.70000076293945	661009	2023/06/07 
2023/06/08 	48.400001525878906	48.900001525878906	48.04999923706055	48.04999923706055	294000	2023/06/08 
2023/06/09 	48.599998474121094	48.599998474121094	47.75	48.099998474121094	156067	2023/06/09 
2023/06/12 	48.099998474121094	48.25	47.04999923706055	47.20000076293945	175000	2023/06/12 
2023/06/13 	47.150001525878906	47.599998474121094	46.150001525878906	46.20000076293945	226000	2023/06/13 
2023/06/14 	46.20000076293945	46.400001525878906	45.0	45.04999923706055	293100	2023/06/14 
2023/06/15 	45.29999923706055	46.04999923706055	45.150001525878906	46.04999923706055	143000	2023/06/15 
2023/06/16 	46.400001525878906	47.150001525878906	45.400001525878906	45.400001525878906	159000	2023/06/16 
2023/06/19 	46.29999923706055	46.29999923706055	45.150001525878906	45.20000076293945	82000	2023/06/19 
2023/06/20 	45.5	45.5	44.45000076293945	44.650001525878906	143000	2023/06/20 
2023/06/21 	45.0	45.099998474121094	44.150001525878906	44.79999923706055	181010	2023/06/21 
