Date	Open	High	Low	Close	Volume	Date
2018/08/15 	116.0	117.5	114.5	114.5	4736200	2018/08/15 
2018/08/16 	114.5	115.5	113.5	115.5	1066318	2018/08/16 
2018/08/17 	116.0	116.0	114.5	114.5	505000	2018/08/17 
2018/08/20 	114.5	115.5	101.0	114.5	795282	2018/08/20 
2018/08/21 	108.5	113.0	106.5	111.0	238000	2018/08/21 
2018/08/22 	107.0	111.0	103.0	103.0	264021	2018/08/22 
2018/08/23 	102.0	103.0	100.0	101.0	229000	2018/08/23 
2018/08/24 	101.0	101.0	99.0	99.0	298800	2018/08/24 
2018/08/27 	99.19999694824219	107.0	99.0	106.0	240000	2018/08/27 
2018/08/28 	106.0	106.0	103.5	104.0	153000	2018/08/28 
2018/08/29 	104.0	104.0	103.0	103.5	69000	2018/08/29 
2018/08/30 	103.5	103.5	102.5	102.5	59000	2018/08/30 
2018/08/31 	102.5	103.0	101.0	103.0	89000	2018/08/31 
2018/09/03 	103.5	104.0	103.0	104.0	74000	2018/09/03 
2018/09/04 	103.5	104.0	102.0	102.0	54080	2018/09/04 
2018/09/05 	102.0	102.5	101.5	102.5	31110	2018/09/05 
2018/09/06 	102.0	104.0	99.80000305175781	104.0	270000	2018/09/06 
2018/09/07 	104.0	104.0	100.5	100.5	148421	2018/09/07 
2018/09/10 	100.5	100.5	93.0999984741211	95.0	96170	2018/09/10 
2018/09/11 	95.0	95.5	94.5999984741211	94.69999694824219	121000	2018/09/11 
2018/09/12 	95.0999984741211	97.0	94.4000015258789	97.0	149000	2018/09/12 
2018/09/13 	97.0	97.0999984741211	96.5	96.5	54002	2018/09/13 
2018/09/14 	96.5	97.0	96.4000015258789	96.5999984741211	24207	2018/09/14 
2018/09/17 	96.5999984741211	96.9000015258789	96.4000015258789	96.5999984741211	29000	2018/09/17 
2018/09/18 	96.5	96.5	96.4000015258789	96.4000015258789	22000	2018/09/18 
2018/09/19 	96.5999984741211	97.0	96.5	96.80000305175781	39000	2018/09/19 
2018/09/20 	96.80000305175781	97.0	96.30000305175781	96.30000305175781	47000	2018/09/20 
2018/09/21 	96.5	96.69999694824219	96.30000305175781	96.69999694824219	35000	2018/09/21 
2018/09/25 	96.5999984741211	98.80000305175781	96.5999984741211	98.19999694824219	51000	2018/09/25 
2018/09/26 	98.0	98.0	97.19999694824219	97.80000305175781	41000	2018/09/26 
2018/09/27 	97.80000305175781	97.80000305175781	97.4000015258789	97.69999694824219	27000	2018/09/27 
2018/09/28 	97.5999984741211	97.80000305175781	96.69999694824219	97.80000305175781	83000	2018/09/28 
2018/10/01 	97.69999694824219	97.69999694824219	97.30000305175781	97.69999694824219	30000	2018/10/01 
2018/10/02 	97.9000015258789	98.5	97.19999694824219	97.5	33021	2018/10/02 
2018/10/03 	97.4000015258789	98.0	97.0999984741211	97.30000305175781	38000	2018/10/03 
2018/10/04 	97.30000305175781	97.30000305175781	97.0999984741211	97.0999984741211	34066	2018/10/04 
2018/10/05 	97.5	97.5	95.4000015258789	96.5999984741211	116000	2018/10/05 
2018/10/08 	96.69999694824219	97.5	96.30000305175781	97.5	139000	2018/10/08 
2018/10/09 	97.5	98.69999694824219	97.5	98.0	29000	2018/10/09 
2018/10/11 	97.5999984741211	97.80000305175781	95.5	97.80000305175781	167000	2018/10/11 
2018/10/12 	97.80000305175781	97.80000305175781	97.0999984741211	97.4000015258789	53000	2018/10/12 
2018/10/15 	97.4000015258789	97.4000015258789	97.0999984741211	97.4000015258789	21000	2018/10/15 
2018/10/16 	97.80000305175781	101.0	97.80000305175781	98.4000015258789	30004	2018/10/16 
2018/10/17 	99.69999694824219	99.69999694824219	98.4000015258789	99.30000305175781	22002	2018/10/17 
2018/10/18 	100.0	100.0	99.4000015258789	99.80000305175781	11000	2018/10/18 
2018/10/19 	99.80000305175781	99.80000305175781	99.19999694824219	99.5999984741211	49000	2018/10/19 
2018/10/22 	100.0	100.0	99.69999694824219	100.0	14000	2018/10/22 
2018/10/23 	100.0	100.0	99.5999984741211	99.9000015258789	43008	2018/10/23 
2018/10/24 	100.0	100.0	99.69999694824219	99.9000015258789	30000	2018/10/24 
2018/10/25 	99.9000015258789	99.9000015258789	98.80000305175781	98.80000305175781	100000	2018/10/25 
2018/10/26 	99.0	99.5	98.30000305175781	99.5	50050	2018/10/26 
2018/10/29 	99.4000015258789	99.9000015258789	98.5	98.5	12000	2018/10/29 
2018/10/30 	98.4000015258789	98.4000015258789	94.30000305175781	96.80000305175781	64014	2018/10/30 
2018/10/31 	96.80000305175781	96.80000305175781	95.0	95.0	31000	2018/10/31 
2018/11/01 	95.5	97.30000305175781	95.5	97.0	17000	2018/11/01 
2018/11/02 	97.0	97.69999694824219	96.5999984741211	97.0	40000	2018/11/02 
2018/11/05 	97.0	97.0	96.69999694824219	97.0	14000	2018/11/05 
2018/11/06 	97.0	97.69999694824219	96.5	97.69999694824219	15000	2018/11/06 
2018/11/07 	97.69999694824219	98.30000305175781	97.0999984741211	97.0999984741211	21000	2018/11/07 
2018/11/08 	97.0999984741211	97.0999984741211	97.0999984741211	97.0999984741211	0	2018/11/08 
2018/11/09 	98.0	98.19999694824219	97.19999694824219	97.9000015258789	32000	2018/11/09 
2018/11/12 	98.69999694824219	99.0999984741211	98.4000015258789	99.0999984741211	89000	2018/11/12 
2018/11/13 	98.5999984741211	99.30000305175781	98.5999984741211	99.30000305175781	67000	2018/11/13 
2018/11/14 	99.30000305175781	100.0	99.19999694824219	99.4000015258789	80000	2018/11/14 
2018/11/15 	99.5999984741211	106.0	99.5999984741211	103.5	438000	2018/11/15 
2018/11/16 	103.5	108.0	103.5	108.0	359112	2018/11/16 
2018/11/19 	108.0	110.0	107.5	109.0	249000	2018/11/19 
2018/11/20 	110.0	110.5	109.0	110.5	110092	2018/11/20 
2018/11/21 	110.0	110.0	108.5	110.0	115000	2018/11/21 
2018/11/22 	110.0	111.5	110.0	110.0	154000	2018/11/22 
2018/11/23 	109.5	109.5	108.0	109.0	98000	2018/11/23 
2018/11/26 	109.0	109.5	108.5	109.0	114000	2018/11/26 
2018/11/27 	109.0	111.0	108.0	111.0	132000	2018/11/27 
2018/11/28 	111.0	111.5	109.0	111.0	121000	2018/11/28 
2018/11/29 	110.5	113.5	110.0	113.0	234130	2018/11/29 
2018/11/30 	113.0	113.0	111.0	112.0	165022	2018/11/30 
2018/12/03 	112.0	113.0	112.0	112.0	222000	2018/12/03 
2018/12/04 	112.0	112.5	110.0	111.5	250141	2018/12/04 
2018/12/05 	111.5	113.0	111.5	113.0	177040	2018/12/05 
2018/12/06 	113.0	113.5	111.0	111.0	123000	2018/12/06 
2018/12/07 	111.0	113.5	110.5	113.5	170022	2018/12/07 
2018/12/10 	113.0	114.0	112.0	112.5	157000	2018/12/10 
2018/12/11 	112.5	113.0	111.5	112.0	157000	2018/12/11 
2018/12/12 	112.0	113.0	112.0	112.5	157000	2018/12/12 
2018/12/13 	112.5	113.5	112.5	113.5	194100	2018/12/13 
2018/12/14 	113.5	114.0	113.0	114.0	148000	2018/12/14 
2018/12/17 	113.5	116.0	113.0	116.0	337000	2018/12/17 
2018/12/18 	116.0	117.0	115.5	116.0	285049	2018/12/18 
2018/12/19 	116.0	116.0	114.5	114.5	163000	2018/12/19 
2018/12/20 	114.5	114.5	113.0	114.0	183000	2018/12/20 
2018/12/21 	114.0	115.5	114.0	115.5	168000	2018/12/21 
2018/12/24 	116.0	118.5	116.0	118.0	372020	2018/12/24 
2018/12/25 	117.5	119.5	117.0	119.5	276112	2018/12/25 
2018/12/26 	123.5	123.5	118.0	120.0	400039	2018/12/26 
2018/12/27 	120.0	121.5	120.0	121.5	329030	2018/12/27 
2018/12/28 	121.0	122.0	120.0	121.5	231092	2018/12/28 
2019/01/02 	121.0	123.0	121.0	122.0	232000	2019/01/02 
2019/01/03 	121.5	123.0	121.0	122.0	275000	2019/01/03 
2019/01/04 	121.5	122.5	120.5	122.0	211000	2019/01/04 
2019/01/07 	122.0	123.5	122.0	123.5	315000	2019/01/07 
2019/01/08 	123.0	124.0	122.5	124.0	329000	2019/01/08 
2019/01/09 	123.5	124.5	123.5	124.0	325000	2019/01/09 
2019/01/10 	123.5	124.5	123.0	124.0	302000	2019/01/10 
2019/01/11 	124.0	125.0	124.0	125.0	410000	2019/01/11 
2019/01/14 	125.0	125.5	124.5	125.0	403000	2019/01/14 
2019/01/15 	125.0	126.5	124.5	126.0	464000	2019/01/15 
2019/01/16 	125.0	125.0	123.5	124.0	349000	2019/01/16 
2019/01/17 	123.0	125.0	123.0	125.0	400000	2019/01/17 
2019/01/18 	124.0	127.5	124.0	127.5	588001	2019/01/18 
2019/01/21 	126.5	127.0	126.5	126.5	401001	2019/01/21 
2019/01/22 	125.5	126.5	125.5	126.5	345000	2019/01/22 
2019/01/23 	126.0	128.5	126.0	128.5	412101	2019/01/23 
2019/01/24 	128.0	129.5	128.0	129.0	333000	2019/01/24 
2019/01/25 	129.0	132.5	128.5	132.0	557056	2019/01/25 
2019/01/28 	132.0	135.0	131.5	134.5	475000	2019/01/28 
2019/01/29 	134.0	136.0	134.0	136.0	434000	2019/01/29 
2019/01/30 	135.5	138.0	135.5	138.0	570000	2019/01/30 
2019/02/11 	140.0	141.0	138.5	140.0	333000	2019/02/11 
2019/02/12 	141.0	142.0	140.5	142.0	361070	2019/02/12 
2019/02/13 	142.5	142.5	134.0	139.5	379109	2019/02/13 
2019/02/14 	139.5	139.5	135.0	137.0	255002	2019/02/14 
2019/02/15 	137.0	138.5	135.5	138.5	194059	2019/02/15 
2019/02/18 	138.5	139.5	137.0	137.5	201102	2019/02/18 
2019/02/19 	137.5	138.0	135.0	138.0	263043	2019/02/19 
2019/02/20 	138.0	139.0	137.5	138.5	172024	2019/02/20 
2019/02/21 	138.5	138.5	135.0	135.0	169050	2019/02/21 
2019/02/22 	135.0	137.0	134.5	137.0	159903	2019/02/22 
2019/02/25 	137.0	138.5	136.0	136.0	324007	2019/02/25 
2019/02/26 	136.0	137.5	135.0	137.5	154050	2019/02/26 
2019/02/27 	137.0	137.0	134.0	135.5	136019	2019/02/27 
2019/03/04 	136.0	137.0	135.5	137.0	124027	2019/03/04 
2019/03/05 	137.0	137.5	135.0	135.0	81074	2019/03/05 
2019/03/06 	136.5	136.5	135.0	136.0	100020	2019/03/06 
2019/03/07 	136.0	136.0	135.0	135.5	119020	2019/03/07 
2019/03/08 	135.5	136.0	135.0	135.5	64009	2019/03/08 
2019/03/11 	135.5	136.0	135.0	136.0	89066	2019/03/11 
2019/03/12 	136.0	137.5	136.0	137.0	75017	2019/03/12 
2019/03/13 	137.0	138.0	136.0	138.0	118015	2019/03/13 
2019/03/14 	138.0	139.5	137.5	139.5	132046	2019/03/14 
2019/03/15 	139.0	140.0	138.5	139.5	155007	2019/03/15 
2019/03/18 	139.0	141.0	139.0	140.0	140004	2019/03/18 
2019/03/19 	140.0	141.0	138.0	141.0	152027	2019/03/19 
2019/03/20 	141.0	141.0	140.0	141.0	102000	2019/03/20 
2019/03/21 	140.0	140.0	136.0	136.0	176028	2019/03/21 
2019/03/22 	136.5	137.5	132.0	137.5	270008	2019/03/22 
2019/03/25 	137.5	138.0	134.5	136.5	136000	2019/03/25 
2019/03/26 	137.0	138.0	136.5	138.0	127007	2019/03/26 
2019/03/27 	138.0	139.0	138.0	139.0	176000	2019/03/27 
2019/03/28 	139.0	140.0	138.0	139.0	110000	2019/03/28 
2019/03/29 	139.0	141.0	139.0	141.0	186100	2019/03/29 
2019/04/01 	141.5	144.0	141.0	141.5	262005	2019/04/01 
2019/04/02 	142.0	143.5	142.0	142.5	147007	2019/04/02 
2019/04/03 	143.0	143.0	142.0	142.5	166000	2019/04/03 
2019/04/08 	142.5	143.5	142.5	142.5	103100	2019/04/08 
2019/04/09 	143.0	143.0	141.5	141.5	117142	2019/04/09 
2019/04/10 	142.0	143.0	141.0	142.0	99125	2019/04/10 
2019/04/11 	142.0	142.5	141.0	142.0	86000	2019/04/11 
2019/04/12 	142.0	143.0	142.0	143.0	110012	2019/04/12 
2019/04/15 	143.0	143.5	141.5	143.5	70002	2019/04/15 
2019/04/16 	143.5	143.5	141.5	142.5	108000	2019/04/16 
2019/04/17 	142.0	142.5	140.5	142.5	109060	2019/04/17 
2019/04/18 	142.0	142.0	140.5	140.5	78008	2019/04/18 
2019/04/19 	140.5	141.0	139.5	139.5	108000	2019/04/19 
2019/04/22 	139.5	140.0	139.0	139.0	106000	2019/04/22 
2019/04/23 	139.5	140.5	139.0	139.0	62001	2019/04/23 
2019/04/24 	139.5	140.5	139.0	140.0	236300	2019/04/24 
2019/04/25 	140.5	141.0	139.0	140.0	168110	2019/04/25 
2019/04/26 	140.0	141.0	138.0	139.0	144030	2019/04/26 
2019/04/29 	139.5	141.0	138.5	141.0	87001	2019/04/29 
2019/04/30 	140.5	141.5	139.5	140.0	170000	2019/04/30 
2019/05/02 	141.0	142.0	141.0	141.0	141000	2019/05/02 
2019/05/03 	142.0	142.0	141.0	142.0	95000	2019/05/03 
2019/05/06 	141.5	142.5	141.5	142.0	160000	2019/05/06 
2019/05/07 	142.5	142.5	141.5	142.5	73008	2019/05/07 
2019/05/08 	141.5	141.5	141.0	141.5	51000	2019/05/08 
2019/05/09 	141.0	142.0	139.5	139.5	67008	2019/05/09 
2019/05/10 	140.5	141.5	139.0	140.0	154000	2019/05/10 
2019/05/13 	140.0	140.5	139.0	139.0	85001	2019/05/13 
2019/05/14 	138.5	139.5	136.0	139.5	141001	2019/05/14 
2019/05/15 	140.0	140.5	139.5	140.0	56292	2019/05/15 
2019/05/16 	140.0	140.0	138.5	139.0	188003	2019/05/16 
2019/05/17 	139.5	139.5	138.0	138.0	108000	2019/05/17 
2019/05/20 	138.0	138.5	136.5	138.0	144061	2019/05/20 
2019/05/21 	138.0	138.5	137.5	138.5	118000	2019/05/21 
2019/05/22 	138.5	142.0	138.5	142.0	198099	2019/05/22 
2019/05/23 	137.5	137.5	135.0	136.5	130018	2019/05/23 
2019/05/24 	137.0	137.5	136.0	136.0	107000	2019/05/24 
2019/05/27 	136.5	140.0	136.0	140.0	191032	2019/05/27 
2019/05/28 	140.0	140.5	139.0	140.5	95000	2019/05/28 
2019/05/29 	140.5	141.5	140.0	141.0	110000	2019/05/29 
2019/05/30 	140.5	141.0	140.0	141.0	29282	2019/05/30 
2019/05/31 	140.5	142.0	140.5	142.0	145000	2019/05/31 
2019/06/03 	142.0	142.5	141.0	142.0	87000	2019/06/03 
2019/06/04 	141.5	142.0	140.0	142.0	90000	2019/06/04 
2019/06/05 	141.5	141.5	139.5	140.0	64000	2019/06/05 
2019/06/06 	140.0	140.0	137.5	137.5	48000	2019/06/06 
2019/06/10 	138.0	138.0	133.0	137.0	129000	2019/06/10 
2019/06/11 	138.0	138.0	135.5	135.5	29008	2019/06/11 
2019/06/12 	135.5	135.5	134.5	134.5	16000	2019/06/12 
2019/06/13 	135.0	135.0	132.0	133.5	71019	2019/06/13 
2019/06/14 	135.0	135.0	128.0	133.0	116020	2019/06/14 
2019/06/17 	133.5	140.0	133.5	137.5	235000	2019/06/17 
2019/06/18 	139.0	139.0	137.5	137.5	105000	2019/06/18 
2019/06/19 	138.0	139.0	136.0	139.0	66000	2019/06/19 
2019/06/20 	139.5	139.5	136.5	138.5	41000	2019/06/20 
2019/06/21 	138.5	139.0	137.0	139.0	40001	2019/06/21 
2019/06/24 	138.5	140.0	138.0	139.5	105000	2019/06/24 
2019/06/25 	139.5	140.0	137.0	138.0	117000	2019/06/25 
2019/06/26 	138.0	139.0	137.0	139.0	44000	2019/06/26 
2019/06/27 	140.0	141.5	140.0	141.5	142000	2019/06/27 
2019/06/28 	141.5	143.0	141.5	143.0	133000	2019/06/28 
2019/07/01 	143.0	144.5	143.0	144.5	196020	2019/07/01 
2019/07/02 	144.5	145.0	144.0	145.0	175000	2019/07/02 
2019/07/03 	145.0	145.0	143.5	144.0	123000	2019/07/03 
2019/07/04 	144.0	144.0	142.0	142.0	127250	2019/07/04 
2019/07/05 	142.0	142.5	140.0	142.5	140000	2019/07/05 
2019/07/08 	142.0	142.5	141.5	142.0	135100	2019/07/08 
2019/07/09 	141.5	142.5	140.0	140.0	113100	2019/07/09 
2019/07/10 	140.0	140.0	138.5	140.0	92020	2019/07/10 
2019/07/11 	140.5	142.0	139.5	142.0	147010	2019/07/11 
2019/07/12 	141.5	142.0	141.5	142.0	133010	2019/07/12 
2019/07/15 	142.0	142.5	141.0	141.5	128050	2019/07/15 
2019/07/16 	141.5	143.0	141.0	142.5	257104	2019/07/16 
2019/07/17 	142.0	143.0	142.0	143.0	159008	2019/07/17 
2019/07/18 	143.0	144.5	142.5	144.5	139000	2019/07/18 
2019/07/19 	144.0	145.0	142.0	144.5	160000	2019/07/19 
2019/07/22 	144.0	144.5	142.5	142.5	126000	2019/07/22 
2019/07/23 	142.0	142.5	140.0	141.5	143008	2019/07/23 
2019/07/24 	141.5	143.5	140.5	143.5	213000	2019/07/24 
2019/07/25 	142.5	143.5	141.5	142.5	151000	2019/07/25 
2019/07/26 	142.5	142.5	140.5	141.5	148060	2019/07/26 
2019/07/29 	141.0	142.5	141.0	142.0	118000	2019/07/29 
2019/07/30 	141.5	142.0	140.5	142.0	34021	2019/07/30 
2019/07/31 	142.0	142.0	141.0	142.0	117057	2019/07/31 
2019/08/01 	141.5	142.5	140.0	142.5	104000	2019/08/01 
2019/08/02 	142.0	142.5	140.5	142.5	118057	2019/08/02 
2019/08/05 	141.5	142.0	140.0	140.0	195016	2019/08/05 
2019/08/06 	140.0	141.5	138.0	141.5	159000	2019/08/06 
2019/08/07 	141.5	142.0	140.5	142.0	135000	2019/08/07 
2019/08/08 	141.5	142.0	141.0	142.0	273000	2019/08/08 
2019/08/12 	142.0	142.0	141.0	141.5	257000	2019/08/12 
2019/08/13 	142.0	142.0	140.5	141.5	156030	2019/08/13 
2019/08/14 	141.5	141.5	140.0	140.5	162000	2019/08/14 
2019/08/15 	139.5	140.0	138.5	139.5	129000	2019/08/15 
2019/08/16 	139.5	139.5	137.5	138.0	200052	2019/08/16 
2019/08/19 	138.0	138.0	136.0	136.0	207052	2019/08/19 
2019/08/20 	136.0	136.5	135.0	136.5	155073	2019/08/20 
2019/08/21 	136.0	136.5	133.0	135.0	223000	2019/08/21 
2019/08/22 	135.0	135.5	132.5	133.0	169000	2019/08/22 
2019/08/23 	133.0	133.0	127.5	130.0	263000	2019/08/23 
2019/08/26 	129.5	130.5	126.5	129.5	244000	2019/08/26 
2019/08/27 	130.0	130.0	123.5	129.5	203400	2019/08/27 
2019/08/28 	130.5	130.5	126.5	127.0	188016	2019/08/28 
2019/08/29 	127.5	130.0	126.5	128.5	150000	2019/08/29 
2019/08/30 	129.5	129.5	128.5	128.5	85000	2019/08/30 
2019/09/02 	129.0	129.0	128.0	129.0	131000	2019/09/02 
2019/09/03 	129.5	130.0	127.5	128.0	120000	2019/09/03 
2019/09/04 	128.0	128.5	126.0	128.0	119040	2019/09/04 
2019/09/05 	128.0	128.5	126.5	126.5	34034	2019/09/05 
2019/09/06 	127.5	138.5	127.5	137.5	453050	2019/09/06 
2019/09/10 	135.5	136.0	133.5	134.5	116010	2019/09/10 
2019/09/11 	135.5	135.5	132.0	133.0	130030	2019/09/11 
2019/09/12 	133.0	134.5	132.0	133.5	63100	2019/09/12 
2019/09/16 	134.0	136.0	133.5	134.5	59000	2019/09/16 
2019/09/17 	134.0	134.5	133.0	134.5	11000	2019/09/17 
2019/09/18 	134.5	135.0	134.5	135.0	56000	2019/09/18 
2019/09/19 	136.0	136.0	133.5	133.5	59000	2019/09/19 
2019/09/20 	133.5	133.5	133.0	133.5	87030	2019/09/20 
2019/09/23 	133.5	133.5	133.0	133.0	28291	2019/09/23 
2019/09/24 	133.5	133.5	130.0	131.0	73030	2019/09/24 
2019/09/25 	131.5	132.0	130.0	132.0	39000	2019/09/25 
2019/09/26 	132.0	132.0	130.5	130.5	41000	2019/09/26 
2019/09/27 	130.5	130.5	128.0	130.0	51000	2019/09/27 
2019/10/01 	130.0	130.5	129.0	130.0	54000	2019/10/01 
2019/10/02 	130.5	131.0	130.5	130.5	48000	2019/10/02 
2019/10/03 	130.5	130.5	129.5	129.5	34000	2019/10/03 
2019/10/04 	130.0	131.0	129.0	129.0	51000	2019/10/04 
2019/10/07 	129.5	131.0	129.5	131.0	87020	2019/10/07 
2019/10/08 	130.5	131.0	130.0	130.0	92000	2019/10/08 
2019/10/09 	130.0	130.0	128.0	128.5	31000	2019/10/09 
2019/10/14 	129.0	130.0	129.0	129.5	67000	2019/10/14 
2019/10/15 	130.0	131.5	130.0	130.5	122000	2019/10/15 
2019/10/16 	131.0	131.5	129.0	130.5	161000	2019/10/16 
2019/10/17 	130.0	130.0	129.5	129.5	70195	2019/10/17 
2019/10/18 	129.0	130.0	129.0	129.5	54000	2019/10/18 
2019/10/21 	130.0	130.0	129.5	129.5	153000	2019/10/21 
2019/10/22 	129.5	130.0	128.5	128.5	197048	2019/10/22 
2019/10/23 	128.5	128.5	127.5	128.5	199000	2019/10/23 
2019/10/24 	128.5	129.0	127.5	129.0	51000	2019/10/24 
2019/10/25 	129.0	129.5	128.5	129.5	32000	2019/10/25 
2019/10/28 	129.0	130.0	129.0	130.0	33000	2019/10/28 
2019/10/29 	130.0	130.0	129.5	130.0	26000	2019/10/29 
2019/10/30 	130.0	130.0	129.0	130.0	40000	2019/10/30 
2019/10/31 	130.0	130.0	129.5	130.0	34000	2019/10/31 
2019/11/01 	130.0	130.5	129.5	130.0	31000	2019/11/01 
2019/11/04 	130.0	130.0	129.5	130.0	30001	2019/11/04 
2019/11/05 	130.0	130.5	129.5	130.0	30020	2019/11/05 
2019/11/06 	130.0	130.0	129.0	129.5	45000	2019/11/06 
2019/11/07 	129.5	138.5	129.5	136.0	150103	2019/11/07 
2019/11/08 	136.0	139.0	136.0	138.5	219001	2019/11/08 
2019/11/11 	139.5	140.5	139.0	139.5	99040	2019/11/11 
2019/11/12 	140.0	141.0	138.5	138.5	118009	2019/11/12 
2019/11/13 	137.0	140.0	136.5	138.5	165000	2019/11/13 
2019/11/14 	139.5	140.0	138.5	138.5	104000	2019/11/14 
2019/11/15 	140.0	140.0	139.0	139.5	92000	2019/11/15 
2019/11/18 	140.0	140.0	139.0	139.5	100366	2019/11/18 
2019/11/19 	139.5	140.5	139.5	140.0	77009	2019/11/19 
2019/11/20 	140.0	140.0	138.5	140.0	73000	2019/11/20 
2019/11/21 	140.0	140.0	138.5	139.5	49000	2019/11/21 
2019/11/22 	139.5	139.5	139.0	139.5	36700	2019/11/22 
2019/11/25 	139.0	139.5	138.5	138.5	41000	2019/11/25 
2019/11/26 	139.5	139.5	138.5	138.5	64000	2019/11/26 
2019/11/27 	138.5	139.0	138.0	139.0	112000	2019/11/27 
2019/11/28 	139.0	139.5	138.5	139.5	88000	2019/11/28 
2019/11/29 	139.5	139.5	138.0	139.0	113000	2019/11/29 
2019/12/02 	139.5	139.5	138.5	139.0	88000	2019/12/02 
2019/12/03 	139.0	139.0	138.5	138.5	82000	2019/12/03 
2019/12/04 	138.0	138.5	137.0	138.5	60010	2019/12/04 
2019/12/05 	139.0	139.5	138.5	139.5	69000	2019/12/05 
2019/12/06 	139.5	140.0	139.5	139.5	89000	2019/12/06 
2019/12/09 	139.5	140.0	139.5	140.0	88014	2019/12/09 
2019/12/10 	139.5	140.0	138.5	140.0	110000	2019/12/10 
2019/12/11 	139.0	139.5	138.5	138.5	95000	2019/12/11 
2019/12/12 	138.5	139.0	138.0	138.0	122195	2019/12/12 
2019/12/13 	138.5	138.5	137.0	137.0	106000	2019/12/13 
2019/12/16 	137.0	137.5	137.0	137.5	0	2019/12/16 
2019/12/17 	137.5	138.0	137.0	138.0	111000	2019/12/17 
2019/12/18 	138.0	138.0	137.5	138.0	127000	2019/12/18 
2019/12/19 	138.0	138.0	137.5	138.0	20000	2019/12/19 
2019/12/20 	138.0	138.0	137.5	138.0	48000	2019/12/20 
2019/12/23 	137.5	138.0	137.0	137.0	25000	2019/12/23 
2019/12/24 	137.0	137.0	136.0	137.0	17000	2019/12/24 
2019/12/25 	137.0	137.5	136.5	136.5	26000	2019/12/25 
2019/12/26 	136.5	136.5	135.0	135.5	31000	2019/12/26 
2019/12/27 	135.0	135.0	133.5	133.5	25000	2019/12/27 
2019/12/30 	133.5	133.5	132.5	132.5	19000	2019/12/30 
2019/12/31 	132.5	141.5	132.5	139.0	198000	2019/12/31 
2020/01/02 	139.0	139.5	138.0	139.0	92000	2020/01/02 
2020/01/03 	139.0	139.5	138.5	139.0	112110	2020/01/03 
2020/01/06 	139.0	139.0	137.0	137.0	116000	2020/01/06 
2020/01/07 	137.0	138.5	137.0	138.0	111014	2020/01/07 
2020/01/08 	138.5	139.5	138.0	139.0	182000	2020/01/08 
2020/01/09 	139.5	151.0	139.0	144.0	468010	2020/01/09 
2020/01/10 	147.5	147.5	144.0	144.5	172015	2020/01/10 
2020/01/13 	145.0	146.5	144.5	145.0	117000	2020/01/13 
2020/01/14 	145.0	145.5	144.0	145.0	202040	2020/01/14 
2020/01/15 	145.0	148.5	145.0	147.5	240025	2020/01/15 
2020/01/16 	147.5	149.0	147.5	149.0	237010	2020/01/16 
2020/01/17 	149.0	151.5	149.0	151.5	268098	2020/01/17 
2020/01/20 	151.5	152.5	151.5	152.5	244000	2020/01/20 
2020/01/30 	152.0	152.0	149.0	151.0	290040	2020/01/30 
2020/01/31 	151.0	152.5	150.5	152.0	304000	2020/01/31 
2020/02/03 	152.0	152.5	151.0	152.5	326107	2020/02/03 
2020/02/04 	137.0	149.0	137.0	149.0	335011	2020/02/04 
2020/02/05 	149.0	149.0	147.5	148.0	158000	2020/02/05 
2020/02/06 	148.0	149.5	148.0	149.0	143012	2020/02/06 
2020/02/07 	149.0	149.0	148.0	148.5	187020	2020/02/07 
2020/02/10 	148.0	149.0	148.0	148.0	61001	2020/02/10 
2020/02/11 	147.5	150.0	147.5	150.0	110000	2020/02/11 
2020/02/12 	149.5	150.0	149.5	149.5	71000	2020/02/12 
2020/02/13 	149.0	151.0	149.0	150.0	93000	2020/02/13 
2020/02/14 	150.0	150.5	149.5	149.5	117000	2020/02/14 
2020/02/17 	149.5	150.0	149.0	149.0	199000	2020/02/17 
2020/02/18 	149.0	151.0	149.0	151.0	263000	2020/02/18 
2020/02/19 	151.0	151.0	150.0	150.5	126100	2020/02/19 
2020/02/20 	150.0	150.5	149.0	149.0	110000	2020/02/20 
2020/02/21 	148.5	150.5	148.5	150.0	165000	2020/02/21 
2020/02/24 	150.0	150.5	149.5	150.5	92020	2020/02/24 
2020/02/25 	150.5	150.5	148.0	148.0	104057	2020/02/25 
2020/02/26 	148.0	148.0	146.0	146.0	95099	2020/02/26 
2020/02/27 	145.5	148.0	145.5	146.5	133000	2020/02/27 
2020/03/02 	146.0	149.0	146.0	146.0	244035	2020/03/02 
2020/03/03 	146.0	147.0	145.0	145.5	176049	2020/03/03 
2020/03/04 	145.5	146.0	145.0	145.5	124000	2020/03/04 
2020/03/05 	145.0	146.5	145.0	146.0	150000	2020/03/05 
2020/03/06 	146.0	146.5	145.0	145.0	163000	2020/03/06 
2020/03/09 	145.0	145.5	142.5	143.0	168013	2020/03/09 
2020/03/10 	142.5	143.5	140.5	140.5	252025	2020/03/10 
2020/03/11 	140.5	140.5	139.0	139.0	161017	2020/03/11 
2020/03/12 	139.0	139.0	135.0	135.0	223009	2020/03/12 
2020/03/13 	135.0	135.0	126.5	127.5	263001	2020/03/13 
2020/03/16 	127.5	129.5	124.5	124.5	163000	2020/03/16 
2020/03/17 	124.0	124.5	119.5	120.0	160086	2020/03/17 
2020/03/18 	120.0	120.0	110.5	114.5	103025	2020/03/18 
2020/03/19 	112.0	112.0	103.5	103.5	82017	2020/03/19 
2020/03/20 	103.0	107.0	103.0	105.5	32010	2020/03/20 
2020/03/23 	105.0	105.5	103.5	104.0	16000	2020/03/23 
2020/03/24 	104.0	105.0	103.0	105.0	36001	2020/03/24 
2020/03/25 	105.5	115.5	103.0	103.5	139080	2020/03/25 
2020/03/26 	103.5	103.5	99.80000305175781	101.5	19000	2020/03/26 
2020/03/27 	102.0	104.5	102.0	102.0	21150	2020/03/27 
2020/03/30 	103.0	106.0	101.5	101.5	47010	2020/03/30 
2020/03/31 	102.0	102.0	99.0	99.80000305175781	54000	2020/03/31 
2020/04/01 	99.0999984741211	100.0	98.80000305175781	99.0999984741211	33145	2020/04/01 
2020/04/06 	102.0	102.0	98.69999694824219	100.0	14000	2020/04/06 
2020/04/07 	99.5999984741211	100.0	99.5	100.0	74031	2020/04/07 
2020/04/08 	100.0	100.0	99.0999984741211	100.0	51054	2020/04/08 
2020/04/09 	100.5	104.0	99.9000015258789	99.9000015258789	67000	2020/04/09 
2020/04/10 	100.0	100.5	99.19999694824219	99.69999694824219	24000	2020/04/10 
2020/04/13 	100.0	101.0	98.69999694824219	98.9000015258789	52000	2020/04/13 
2020/04/14 	99.0	100.0	98.9000015258789	99.5999984741211	9007	2020/04/14 
2020/04/15 	100.5	109.5	100.5	109.5	192021	2020/04/15 
2020/04/16 	112.0	112.5	104.0	104.0	216061	2020/04/16 
2020/04/17 	106.5	107.5	102.0	102.0	121000	2020/04/17 
2020/04/20 	102.0	102.0	100.0	100.0	58000	2020/04/20 
2020/04/21 	100.0	100.0	97.30000305175781	97.30000305175781	112000	2020/04/21 
2020/04/22 	96.30000305175781	97.19999694824219	96.0	96.30000305175781	49001	2020/04/22 
2020/04/23 	97.0	99.0	96.0999984741211	96.19999694824219	59000	2020/04/23 
2020/04/24 	96.0999984741211	96.0999984741211	95.0	95.0	39001	2020/04/24 
2020/04/27 	95.5	101.5	95.5	100.5	95000	2020/04/27 
2020/04/28 	102.0	104.0	101.0	102.0	96000	2020/04/28 
2020/04/29 	102.5	103.5	101.0	101.0	75000	2020/04/29 
2020/04/30 	102.5	104.5	101.0	101.5	77035	2020/04/30 
2020/05/04 	100.5	102.0	99.19999694824219	99.19999694824219	59000	2020/05/04 
2020/05/05 	99.5999984741211	100.0	99.19999694824219	99.19999694824219	38001	2020/05/05 
2020/05/06 	99.5	99.5	97.19999694824219	97.19999694824219	43000	2020/05/06 
2020/05/07 	97.5	99.80000305175781	97.5	99.0999984741211	79021	2020/05/07 
2020/05/08 	100.5	102.0	98.0999984741211	98.0999984741211	61000	2020/05/08 
2020/05/11 	99.30000305175781	100.0	98.30000305175781	98.30000305175781	68012	2020/05/11 
2020/05/12 	98.4000015258789	99.19999694824219	96.0	96.19999694824219	107000	2020/05/12 
2020/05/13 	96.0	98.69999694824219	96.0	96.19999694824219	98000	2020/05/13 
2020/05/14 	97.0	97.0	93.4000015258789	93.5	66000	2020/05/14 
2020/05/15 	95.0	95.4000015258789	92.5	93.4000015258789	75000	2020/05/15 
2020/05/18 	93.5	101.5	93.5	100.0	244011	2020/05/18 
2020/05/19 	101.5	105.0	101.5	104.0	173122	2020/05/19 
2020/05/20 	105.0	105.5	104.0	104.0	233000	2020/05/20 
2020/05/21 	105.0	111.0	105.0	108.5	531000	2020/05/21 
2020/05/22 	109.5	110.0	107.5	108.0	252060	2020/05/22 
2020/05/25 	107.0	107.5	105.5	106.5	75000	2020/05/25 
2020/05/26 	108.5	108.5	107.0	107.0	37019	2020/05/26 
2020/05/27 	107.5	107.5	106.5	107.0	36000	2020/05/27 
2020/05/28 	107.5	108.5	106.0	106.0	98000	2020/05/28 
2020/05/29 	107.0	111.5	107.0	110.0	192000	2020/05/29 
2020/06/01 	110.0	112.5	109.0	109.0	50000	2020/06/01 
2020/06/02 	108.5	111.0	108.5	109.5	39013	2020/06/02 
2020/06/03 	111.5	111.5	109.5	109.5	26000	2020/06/03 
2020/06/04 	109.5	111.0	109.0	111.0	35024	2020/06/04 
2020/06/05 	111.5	111.5	110.0	110.5	16000	2020/06/05 
2020/06/08 	111.5	112.5	111.0	111.5	25015	2020/06/08 
2020/06/09 	112.0	113.0	111.5	111.5	28056	2020/06/09 
2020/06/10 	111.5	112.0	110.0	111.5	36011	2020/06/10 
2020/06/11 	112.0	115.0	112.0	113.0	84056	2020/06/11 
2020/06/12 	111.5	111.5	108.5	108.5	133000	2020/06/12 
2020/06/15 	108.5	109.0	106.0	107.0	29000	2020/06/15 
2020/06/16 	108.5	108.5	107.0	107.0	2023	2020/06/16 
2020/06/17 	106.0	106.0	105.5	105.5	12000	2020/06/17 
2020/06/18 	105.5	105.5	104.5	104.5	12000	2020/06/18 
2020/06/19 	104.5	104.5	102.0	102.0	16072	2020/06/19 
2020/06/22 	102.0	103.5	100.5	101.0	21049	2020/06/22 
2020/06/23 	101.5	102.0	101.5	102.0	3000	2020/06/23 
2020/06/24 	103.5	106.5	103.5	104.5	14000	2020/06/24 
2020/06/29 	105.5	106.0	104.5	104.5	10072	2020/06/29 
2020/06/30 	106.0	107.0	105.5	107.0	9049	2020/06/30 
2020/07/01 	107.5	108.5	107.0	107.0	10000	2020/07/01 
2020/07/02 	107.5	108.5	106.0	106.0	20000	2020/07/02 
2020/07/03 	106.5	106.5	104.0	106.0	11000	2020/07/03 
2020/07/06 	106.0	106.5	103.5	103.5	20000	2020/07/06 
2020/07/07 	103.5	104.5	102.5	103.5	8020	2020/07/07 
2020/07/08 	104.5	104.5	104.5	104.5	3000	2020/07/08 
2020/07/09 	104.5	104.5	104.5	104.5	0	2020/07/09 
2020/07/10 	104.5	105.0	100.0	100.0	17018	2020/07/10 
2020/07/13 	103.0	103.0	103.0	103.0	5000	2020/07/13 
2020/07/14 	101.0	101.5	99.5	100.0	23000	2020/07/14 
2020/07/15 	99.4000015258789	102.0	99.4000015258789	102.0	22000	2020/07/15 
2020/07/16 	102.5	104.0	100.5	102.5	28000	2020/07/16 
2020/07/17 	102.0	102.0	100.0	100.0	35000	2020/07/17 
2020/07/20 	100.5	101.5	100.5	101.5	12000	2020/07/20 
2020/07/21 	103.0	104.5	103.0	104.5	12000	2020/07/21 
2020/07/22 	103.5	104.0	103.5	104.0	5000	2020/07/22 
2020/07/23 	104.0	104.0	104.0	104.0	3000	2020/07/23 
2020/07/24 	101.0	103.0	99.5	100.0	30000	2020/07/24 
2020/07/27 	100.0	110.0	100.0	110.0	277025	2020/07/27 
2020/07/28 	112.5	116.0	110.0	110.0	255063	2020/07/28 
2020/07/29 	110.0	112.0	109.0	111.5	35009	2020/07/29 
2020/07/30 	111.5	112.0	111.5	111.5	95009	2020/07/30 
2020/07/31 	111.5	112.0	111.0	112.0	95000	2020/07/31 
2020/08/03 	112.5	112.5	110.0	111.5	115000	2020/08/03 
2020/08/04 	111.5	112.5	110.5	110.5	86000	2020/08/04 
2020/08/05 	111.5	114.5	111.0	113.5	62000	2020/08/05 
2020/08/06 	113.5	114.5	112.0	112.0	49000	2020/08/06 
2020/08/07 	111.0	112.0	109.5	110.0	70000	2020/08/07 
2020/08/10 	111.0	111.5	108.0	108.5	153072	2020/08/10 
2020/08/11 	109.0	110.0	108.0	109.0	90000	2020/08/11 
2020/08/12 	110.0	110.0	106.5	108.0	99000	2020/08/12 
2020/08/13 	107.0	108.0	106.5	107.0	150000	2020/08/13 
2020/08/14 	109.0	109.5	107.0	108.5	44000	2020/08/14 
2020/08/17 	108.0	110.5	108.0	110.5	73021	2020/08/17 
2020/08/18 	110.0	110.0	108.0	108.0	68000	2020/08/18 
2020/08/19 	108.0	111.5	108.0	111.5	94000	2020/08/19 
2020/08/20 	111.5	112.5	109.0	110.0	109000	2020/08/20 
2020/08/21 	109.0	110.0	109.0	110.0	49000	2020/08/21 
2020/08/24 	110.0	112.0	109.0	110.5	99000	2020/08/24 
2020/08/25 	109.0	110.5	109.0	110.5	88000	2020/08/25 
2020/08/26 	109.5	110.0	109.5	110.0	92000	2020/08/26 
2020/08/27 	112.0	112.0	109.0	109.0	85000	2020/08/27 
2020/08/28 	108.0	109.0	108.0	109.0	107000	2020/08/28 
2020/08/31 	108.5	109.5	108.0	108.0	98000	2020/08/31 
2020/09/01 	107.5	111.5	107.5	111.5	171000	2020/09/01 
2020/09/02 	111.5	112.0	110.0	110.5	142000	2020/09/02 
2020/09/03 	110.5	112.5	110.5	111.5	106000	2020/09/03 
2020/09/04 	111.5	112.0	109.5	112.0	130000	2020/09/04 
2020/09/07 	111.5	112.0	111.0	111.0	144000	2020/09/07 
2020/09/08 	111.0	111.0	110.0	111.0	96100	2020/09/08 
2020/09/09 	109.0	112.0	109.0	112.0	113000	2020/09/09 
2020/09/10 	113.0	114.5	112.0	113.0	104250	2020/09/10 
2020/09/11 	112.5	114.5	112.5	114.5	99010	2020/09/11 
2020/09/14 	114.5	114.5	113.5	114.5	95000	2020/09/14 
2020/09/15 	113.5	114.5	113.5	114.5	87000	2020/09/15 
2020/09/16 	113.5	115.0	110.5	115.0	106090	2020/09/16 
2020/09/17 	115.0	116.0	114.0	115.0	128000	2020/09/17 
2020/09/18 	114.0	115.0	113.0	115.0	126000	2020/09/18 
2020/09/21 	114.5	115.0	113.5	115.0	131000	2020/09/21 
2020/09/22 	113.5	114.5	112.5	112.5	88010	2020/09/22 
2020/09/23 	112.0	112.5	111.0	112.0	94000	2020/09/23 
2020/09/24 	109.5	111.5	106.0	106.0	128000	2020/09/24 
2020/09/25 	105.5	108.0	102.5	105.0	111340	2020/09/25 
2020/09/28 	103.0	105.0	103.0	105.0	86000	2020/09/28 
2020/09/29 	105.0	105.5	104.0	105.5	87000	2020/09/29 
2020/09/30 	104.5	105.5	104.0	105.5	129000	2020/09/30 
2020/10/05 	104.0	105.5	104.0	105.5	109000	2020/10/05 
2020/10/06 	105.5	106.5	105.5	106.5	137050	2020/10/06 
2020/10/07 	106.5	107.0	105.0	107.0	118001	2020/10/07 
2020/10/08 	106.0	107.0	105.5	107.0	134000	2020/10/08 
2020/10/12 	105.5	109.5	105.5	109.5	157000	2020/10/12 
2020/10/13 	109.0	109.0	106.5	109.0	102103	2020/10/13 
2020/10/14 	106.5	107.5	106.0	107.0	133000	2020/10/14 
2020/10/15 	105.0	105.0	103.5	105.0	109000	2020/10/15 
2020/10/16 	104.5	104.5	102.0	102.0	110000	2020/10/16 
2020/10/19 	101.5	107.5	100.5	107.5	91011	2020/10/19 
2020/10/20 	104.0	107.0	102.0	103.5	93010	2020/10/20 
2020/10/21 	102.5	103.0	101.5	103.0	67000	2020/10/21 
2020/10/22 	102.0	103.5	101.5	101.5	83000	2020/10/22 
2020/10/23 	103.0	104.0	101.5	102.5	88030	2020/10/23 
2020/10/26 	101.5	103.0	101.0	101.0	89000	2020/10/26 
2020/10/27 	101.0	102.0	100.5	101.0	99000	2020/10/27 
2020/10/28 	100.5	103.5	99.9000015258789	103.5	100000	2020/10/28 
2020/10/29 	100.0	102.5	99.69999694824219	99.69999694824219	177020	2020/10/29 
2020/10/30 	99.69999694824219	99.9000015258789	99.0	99.0	117010	2020/10/30 
2020/11/02 	98.80000305175781	101.5	98.80000305175781	100.0	65000	2020/11/02 
2020/11/03 	101.5	102.0	100.0	100.0	106000	2020/11/03 
2020/11/04 	99.5	100.0	99.4000015258789	100.0	109000	2020/11/04 
2020/11/05 	99.69999694824219	101.5	99.69999694824219	100.0	149000	2020/11/05 
2020/11/06 	100.0	100.5	99.4000015258789	100.5	131000	2020/11/06 
2020/11/09 	99.5	103.0	99.5	100.5	152000	2020/11/09 
2020/11/10 	102.0	102.5	101.5	101.5	70022	2020/11/10 
2020/11/11 	102.0	105.0	101.5	103.5	133000	2020/11/11 
2020/11/12 	103.5	103.5	102.5	102.5	176000	2020/11/12 
2020/11/13 	100.0	102.5	100.0	102.5	165000	2020/11/13 
2020/11/16 	101.5	103.5	101.5	103.0	87000	2020/11/16 
2020/11/17 	102.0	105.0	101.5	104.5	119000	2020/11/17 
2020/11/18 	103.5	104.0	103.0	103.0	124100	2020/11/18 
2020/11/19 	102.5	104.0	102.5	103.5	101000	2020/11/19 
2020/11/20 	102.5	104.0	102.0	103.5	123000	2020/11/20 
2020/11/23 	104.5	106.5	103.0	105.5	130000	2020/11/23 
2020/11/24 	106.0	106.0	103.0	103.0	139000	2020/11/24 
2020/11/25 	105.0	105.0	102.5	103.5	159001	2020/11/25 
2020/11/26 	103.0	107.0	102.5	106.5	199011	2020/11/26 
2020/11/27 	106.5	109.5	106.0	107.5	68085	2020/11/27 
2020/11/30 	105.5	106.0	104.5	104.5	122000	2020/11/30 
2020/12/01 	104.5	107.0	104.5	105.5	146000	2020/12/01 
2020/12/02 	105.0	106.5	104.5	104.5	173000	2020/12/02 
2020/12/03 	103.5	104.0	103.0	103.0	139000	2020/12/03 
2020/12/04 	102.5	104.5	102.0	104.0	171000	2020/12/04 
2020/12/07 	103.5	104.5	101.5	101.5	121000	2020/12/07 
2020/12/08 	101.0	101.0	100.0	100.5	108011	2020/12/08 
2020/12/09 	100.0	100.5	99.5	99.5999984741211	164011	2020/12/09 
2020/12/10 	99.5999984741211	99.5999984741211	99.0	99.0999984741211	83000	2020/12/10 
2020/12/11 	100.0	100.5	99.30000305175781	99.5	98000	2020/12/11 
2020/12/14 	101.0	101.0	99.0999984741211	99.4000015258789	151000	2020/12/14 
2020/12/15 	99.69999694824219	99.80000305175781	95.5999984741211	95.5999984741211	145000	2020/12/15 
2020/12/16 	95.5999984741211	98.5999984741211	95.5	98.5999984741211	135100	2020/12/16 
2020/12/17 	99.9000015258789	100.5	99.5	100.0	85000	2020/12/17 
2020/12/18 	100.5	101.5	98.30000305175781	98.5999984741211	175000	2020/12/18 
2020/12/21 	105.0	108.0	103.0	105.5	103000	2020/12/21 
2020/12/22 	105.5	107.0	103.0	106.0	35009	2020/12/22 
2020/12/23 	105.0	107.5	102.0	103.0	104000	2020/12/23 
2020/12/24 	105.5	106.0	102.5	103.0	72000	2020/12/24 
2020/12/25 	103.0	105.0	102.5	103.0	85000	2020/12/25 
2020/12/28 	105.0	105.0	102.5	105.0	122000	2020/12/28 
2020/12/29 	103.5	105.5	103.0	105.0	109000	2020/12/29 
2020/12/30 	104.0	105.5	103.5	105.5	117000	2020/12/30 
2020/12/31 	105.0	106.0	104.5	104.5	105000	2020/12/31 
2021/01/04 	104.0	105.0	103.0	103.5	127000	2021/01/04 
2021/01/05 	103.5	104.0	101.0	102.0	119000	2021/01/05 
2021/01/06 	102.5	102.5	100.0	100.0	115000	2021/01/06 
2021/01/07 	100.0	100.5	99.0999984741211	100.0	110000	2021/01/07 
2021/01/08 	99.0999984741211	100.5	99.0999984741211	100.5	137000	2021/01/08 
2021/01/11 	101.0	102.5	100.5	102.0	151000	2021/01/11 
2021/01/12 	101.0	102.5	99.0	99.0	105000	2021/01/12 
2021/01/13 	99.0	100.0	98.5999984741211	99.0	112000	2021/01/13 
2021/01/14 	99.69999694824219	101.0	98.5	99.4000015258789	107000	2021/01/14 
2021/01/15 	99.4000015258789	99.80000305175781	95.19999694824219	98.4000015258789	142000	2021/01/15 
2021/01/18 	98.80000305175781	98.80000305175781	94.4000015258789	94.4000015258789	126014	2021/01/18 
2021/01/19 	96.0	97.0	94.19999694824219	94.9000015258789	83188	2021/01/19 
2021/01/20 	94.69999694824219	96.0	90.4000015258789	90.4000015258789	77042	2021/01/20 
2021/01/21 	88.9000015258789	93.5	87.69999694824219	91.5	137000	2021/01/21 
2021/01/22 	91.5	93.5	88.19999694824219	88.9000015258789	126011	2021/01/22 
2021/01/25 	91.4000015258789	91.5	88.0	88.69999694824219	24014	2021/01/25 
2021/01/26 	88.69999694824219	88.69999694824219	87.0	87.19999694824219	52020	2021/01/26 
2021/01/27 	87.69999694824219	88.0999984741211	84.80000305175781	84.9000015258789	61052	2021/01/27 
2021/01/28 	83.0	84.19999694824219	81.80000305175781	81.9000015258789	35019	2021/01/28 
2021/01/29 	81.5	81.5999984741211	77.5999984741211	78.80000305175781	97000	2021/01/29 
2021/02/01 	80.0	81.0	78.30000305175781	79.0999984741211	28000	2021/02/01 
2021/02/02 	79.19999694824219	80.9000015258789	79.19999694824219	80.9000015258789	32000	2021/02/02 
2021/02/03 	80.69999694824219	81.0	80.0	80.69999694824219	72000	2021/02/03 
2021/02/04 	78.0999984741211	80.69999694824219	78.0999984741211	80.4000015258789	60000	2021/02/04 
2021/02/05 	81.0	83.5	81.0	82.5999984741211	70010	2021/02/05 
2021/02/17 	86.5999984741211	86.5999984741211	83.0	83.69999694824219	73000	2021/02/17 
2021/02/18 	81.80000305175781	84.0	81.30000305175781	81.30000305175781	95000	2021/02/18 
2021/02/19 	81.0	81.5	80.30000305175781	81.30000305175781	55000	2021/02/19 
2021/02/22 	81.4000015258789	81.5999984741211	81.0	81.30000305175781	114000	2021/02/22 
2021/02/23 	81.0	84.5999984741211	81.0	84.0999984741211	112000	2021/02/23 
2021/02/24 	85.4000015258789	85.4000015258789	83.0	84.0	127000	2021/02/24 
2021/02/25 	84.80000305175781	84.80000305175781	83.5	84.19999694824219	129000	2021/02/25 
2021/02/26 	83.30000305175781	83.30000305175781	79.5	79.9000015258789	169100	2021/02/26 
2021/03/02 	80.69999694824219	82.0	80.69999694824219	81.5999984741211	84000	2021/03/02 
2021/03/03 	83.5999984741211	84.4000015258789	80.5	80.80000305175781	135000	2021/03/03 
2021/03/04 	80.69999694824219	81.4000015258789	80.19999694824219	80.30000305175781	147000	2021/03/04 
2021/03/05 	79.30000305175781	80.4000015258789	79.30000305175781	80.0	79040	2021/03/05 
2021/03/08 	80.19999694824219	80.19999694824219	79.5	79.80000305175781	141000	2021/03/08 
2021/03/09 	79.4000015258789	81.0	79.30000305175781	79.5	109000	2021/03/09 
2021/03/10 	80.9000015258789	80.9000015258789	79.5	79.5	143000	2021/03/10 
2021/03/11 	84.0999984741211	84.0999984741211	80.0	81.0999984741211	189000	2021/03/11 
2021/03/12 	82.0	89.19999694824219	81.80000305175781	89.19999694824219	388000	2021/03/12 
2021/03/15 	94.80000305175781	94.80000305175781	89.9000015258789	90.30000305175781	322095	2021/03/15 
2021/03/16 	90.0999984741211	90.19999694824219	87.0	88.5	174000	2021/03/16 
2021/03/17 	88.5	89.5	87.0999984741211	87.19999694824219	155000	2021/03/17 
2021/03/18 	87.30000305175781	89.19999694824219	87.30000305175781	89.0	217012	2021/03/18 
2021/03/19 	87.30000305175781	87.5	85.5	85.80000305175781	76000	2021/03/19 
2021/03/22 	85.80000305175781	85.80000305175781	83.5	83.5999984741211	195000	2021/03/22 
2021/03/23 	83.5	83.5	80.0	80.30000305175781	240089	2021/03/23 
2021/03/24 	80.0	80.80000305175781	79.19999694824219	80.80000305175781	230000	2021/03/24 
2021/03/25 	80.80000305175781	81.80000305175781	80.0999984741211	80.4000015258789	122000	2021/03/25 
2021/03/26 	80.30000305175781	80.69999694824219	79.4000015258789	80.0999984741211	187000	2021/03/26 
2021/03/29 	79.69999694824219	80.0	78.5	79.0999984741211	193002	2021/03/29 
2021/03/30 	79.0999984741211	80.4000015258789	78.5	79.69999694824219	184000	2021/03/30 
2021/03/31 	79.69999694824219	80.5999984741211	78.5	80.19999694824219	223000	2021/03/31 
2021/04/01 	80.19999694824219	80.5999984741211	79.19999694824219	80.0999984741211	120000	2021/04/01 
2021/04/07 	80.30000305175781	80.30000305175781	79.30000305175781	79.80000305175781	143000	2021/04/07 
2021/04/08 	79.5	80.69999694824219	79.5	80.19999694824219	201000	2021/04/08 
2021/04/09 	79.80000305175781	80.9000015258789	79.5	80.5	204000	2021/04/09 
2021/04/12 	82.30000305175781	82.30000305175781	79.4000015258789	79.5	171000	2021/04/12 
2021/04/13 	79.9000015258789	80.19999694824219	79.5	79.5	177000	2021/04/13 
2021/04/14 	79.5999984741211	80.30000305175781	78.5	79.5999984741211	178000	2021/04/14 
2021/04/15 	79.5999984741211	80.0999984741211	78.5	79.69999694824219	176010	2021/04/15 
2021/04/16 	80.0	82.19999694824219	80.0	81.69999694824219	302000	2021/04/16 
2021/04/19 	83.30000305175781	83.4000015258789	81.0	81.0	284000	2021/04/19 
2021/04/20 	80.4000015258789	81.0	79.0999984741211	79.4000015258789	288010	2021/04/20 
2021/04/21 	79.4000015258789	79.4000015258789	78.5	78.5999984741211	248000	2021/04/21 
2021/04/22 	78.9000015258789	80.5	78.5999984741211	79.0	170005	2021/04/22 
2021/04/23 	79.0999984741211	79.5	78.69999694824219	78.80000305175781	131000	2021/04/23 
2021/04/26 	78.9000015258789	79.5	78.69999694824219	79.4000015258789	133058	2021/04/26 
2021/04/27 	79.4000015258789	80.19999694824219	79.0	80.19999694824219	182000	2021/04/27 
2021/04/28 	80.19999694824219	80.5	79.5	80.19999694824219	153000	2021/04/28 
2021/04/29 	80.30000305175781	80.30000305175781	79.5	79.5	177000	2021/04/29 
2021/05/03 	79.5	79.9000015258789	78.69999694824219	79.5999984741211	194000	2021/05/03 
2021/05/04 	80.0	80.4000015258789	77.0	78.9000015258789	245000	2021/05/04 
2021/05/05 	78.5999984741211	80.5	78.5	79.9000015258789	252000	2021/05/05 
2021/05/06 	80.0	80.4000015258789	79.5	79.69999694824219	210002	2021/05/06 
2021/05/07 	79.69999694824219	80.19999694824219	79.5	80.0	157000	2021/05/07 
2021/05/10 	80.0999984741211	83.0	80.0999984741211	82.9000015258789	300007	2021/05/10 
2021/05/11 	83.0	84.9000015258789	79.19999694824219	79.5	268000	2021/05/11 
2021/05/12 	78.19999694824219	79.5	71.80000305175781	75.0999984741211	356007	2021/05/12 
2021/05/13 	73.9000015258789	73.9000015258789	70.0	70.19999694824219	327061	2021/05/13 
2021/05/14 	70.5	72.0	70.5	71.19999694824219	268000	2021/05/14 
2021/05/17 	64.4000015258789	71.19999694824219	64.4000015258789	69.69999694824219	275000	2021/05/17 
2021/05/18 	69.69999694824219	73.5	69.5	73.4000015258789	136000	2021/05/18 
2021/05/19 	74.80000305175781	74.80000305175781	71.4000015258789	72.0	109100	2021/05/19 
2021/05/20 	72.4000015258789	72.4000015258789	71.0999984741211	71.0999984741211	128000	2021/05/20 
2021/05/21 	72.0	73.0	72.0	72.0999984741211	108000	2021/05/21 
2021/05/24 	72.19999694824219	72.4000015258789	71.69999694824219	72.4000015258789	124000	2021/05/24 
2021/05/25 	72.5	73.19999694824219	72.5	73.0	126000	2021/05/25 
2021/05/26 	73.69999694824219	77.80000305175781	73.69999694824219	76.4000015258789	89000	2021/05/26 
2021/05/27 	76.19999694824219	76.19999694824219	74.69999694824219	75.0	31000	2021/05/27 
2021/05/28 	75.0	75.5	74.5999984741211	75.4000015258789	5000	2021/05/28 
2021/05/31 	75.4000015258789	75.4000015258789	75.4000015258789	75.4000015258789	2015	2021/05/31 
2021/06/01 	74.5999984741211	74.5999984741211	74.0	74.0	5000	2021/06/01 
2021/06/02 	74.19999694824219	75.5999984741211	74.19999694824219	75.5999984741211	3000	2021/06/02 
2021/06/03 	77.9000015258789	77.9000015258789	75.19999694824219	76.69999694824219	6000	2021/06/03 
2021/06/04 	76.69999694824219	76.69999694824219	75.80000305175781	75.80000305175781	11000	2021/06/04 
2021/06/07 	75.80000305175781	76.69999694824219	75.0	76.69999694824219	11000	2021/06/07 
2021/06/08 	76.69999694824219	76.69999694824219	75.0	75.0	36024	2021/06/08 
2021/06/09 	74.0	75.0	73.9000015258789	74.5	25000	2021/06/09 
2021/06/10 	76.69999694824219	76.69999694824219	75.4000015258789	76.0999984741211	11000	2021/06/10 
2021/06/11 	77.0	77.4000015258789	77.0	77.19999694824219	27000	2021/06/11 
2021/06/15 	78.5999984741211	82.5	77.69999694824219	78.80000305175781	70000	2021/06/15 
2021/06/16 	78.80000305175781	78.80000305175781	78.69999694824219	78.69999694824219	5000	2021/06/16 
2021/06/17 	79.4000015258789	79.80000305175781	79.0	79.80000305175781	10000	2021/06/17 
2021/06/18 	79.4000015258789	80.80000305175781	77.5999984741211	78.0	43000	2021/06/18 
2021/06/21 	78.0	78.0	77.69999694824219	77.69999694824219	3000	2021/06/21 
2021/06/22 	79.0999984741211	79.69999694824219	78.5	78.5999984741211	22000	2021/06/22 
2021/06/23 	78.5	78.69999694824219	78.5	78.69999694824219	2000	2021/06/23 
2021/06/24 	78.69999694824219	79.19999694824219	78.0	78.0	24000	2021/06/24 
2021/06/25 	78.0	78.0	77.80000305175781	77.9000015258789	10002	2021/06/25 
2021/06/28 	77.9000015258789	78.5	77.69999694824219	77.69999694824219	3000	2021/06/28 
2021/06/29 	77.5	77.5	76.9000015258789	77.0	25000	2021/06/29 
2021/06/30 	77.0	78.0	76.9000015258789	76.9000015258789	10000	2021/06/30 
2021/07/01 	77.0999984741211	78.0	76.69999694824219	76.69999694824219	7000	2021/07/01 
2021/07/02 	76.69999694824219	77.5	76.69999694824219	77.5	15000	2021/07/02 
2021/07/05 	78.0	79.30000305175781	78.0	79.19999694824219	17000	2021/07/05 
2021/07/06 	80.80000305175781	80.80000305175781	79.4000015258789	79.5999984741211	19000	2021/07/06 
2021/07/07 	82.69999694824219	82.69999694824219	80.5999984741211	82.0	73000	2021/07/07 
2021/07/08 	81.80000305175781	81.80000305175781	79.80000305175781	80.0999984741211	24000	2021/07/08 
2021/07/09 	80.0	80.9000015258789	80.0	80.9000015258789	7023	2021/07/09 
2021/07/12 	80.9000015258789	81.30000305175781	80.9000015258789	81.30000305175781	5000	2021/07/12 
2021/07/13 	80.5	80.5	76.9000015258789	77.5	67000	2021/07/13 
2021/07/14 	77.0999984741211	77.5	77.0	77.5	8000	2021/07/14 
2021/07/15 	77.5	78.0	77.0999984741211	78.0	10005	2021/07/15 
2021/07/16 	77.5999984741211	79.5	77.5999984741211	79.4000015258789	23000	2021/07/16 
2021/07/19 	75.0	75.0999984741211	74.5	74.5999984741211	37000	2021/07/19 
2021/07/20 	74.30000305175781	75.0999984741211	74.0	74.0	12033	2021/07/20 
2021/07/21 	73.5999984741211	73.5999984741211	73.5	73.5	5000	2021/07/21 
2021/07/22 	73.0	74.69999694824219	73.0	74.30000305175781	10000	2021/07/22 
2021/07/23 	74.0	75.0	74.0	75.0	8000	2021/07/23 
2021/07/26 	75.0	75.0	74.30000305175781	74.30000305175781	5000	2021/07/26 
2021/07/27 	74.5	74.5	73.0	73.19999694824219	7000	2021/07/27 
2021/07/28 	73.19999694824219	73.19999694824219	72.5999984741211	72.5999984741211	21000	2021/07/28 
2021/07/29 	72.5999984741211	72.5999984741211	72.5999984741211	72.5999984741211	0	2021/07/29 
2021/07/30 	72.9000015258789	72.9000015258789	72.19999694824219	72.19999694824219	5000	2021/07/30 
2021/08/02 	72.19999694824219	73.5	72.0	73.5	15000	2021/08/02 
2021/08/03 	73.0	73.4000015258789	72.19999694824219	73.4000015258789	11000	2021/08/03 
2021/08/04 	73.9000015258789	73.9000015258789	73.9000015258789	73.9000015258789	1000	2021/08/04 
2021/08/05 	73.4000015258789	73.4000015258789	72.19999694824219	72.30000305175781	11000	2021/08/05 
2021/08/06 	72.30000305175781	72.30000305175781	72.30000305175781	72.30000305175781	0	2021/08/06 
2021/08/09 	71.5999984741211	71.69999694824219	71.5	71.5999984741211	10000	2021/08/09 
2021/08/10 	71.5999984741211	71.5999984741211	71.19999694824219	71.19999694824219	22001	2021/08/10 
2021/08/11 	71.30000305175781	71.30000305175781	71.19999694824219	71.19999694824219	7060	2021/08/11 
2021/08/12 	71.30000305175781	71.30000305175781	71.0999984741211	71.0999984741211	9000	2021/08/12 
2021/08/13 	71.0999984741211	72.0	71.0999984741211	71.0999984741211	11000	2021/08/13 
2021/08/16 	71.19999694824219	71.19999694824219	71.0	71.0	13000	2021/08/16 
2021/08/17 	71.9000015258789	71.9000015258789	71.0	71.0	3000	2021/08/17 
2021/08/18 	71.0	71.5	70.0	71.5	64000	2021/08/18 
2021/08/19 	71.0999984741211	71.0999984741211	71.0999984741211	71.0999984741211	2000	2021/08/19 
2021/08/20 	70.80000305175781	70.9000015258789	70.5999984741211	70.5999984741211	8032	2021/08/20 
2021/08/23 	70.5999984741211	71.5999984741211	70.5999984741211	71.5999984741211	2000	2021/08/23 
2021/08/24 	71.0	71.0	71.0	71.0	1000	2021/08/24 
2021/08/25 	72.0	72.0	70.5999984741211	70.5999984741211	2000	2021/08/25 
2021/08/26 	72.4000015258789	73.0999984741211	70.5999984741211	70.5999984741211	36000	2021/08/26 
2021/08/27 	70.80000305175781	70.80000305175781	70.80000305175781	70.80000305175781	2070	2021/08/27 
2021/08/30 	71.9000015258789	71.9000015258789	70.80000305175781	70.9000015258789	9204	2021/08/30 
2021/08/31 	71.0	71.0	70.69999694824219	70.80000305175781	6000	2021/08/31 
2021/09/01 	70.9000015258789	71.5	70.9000015258789	71.5	8000	2021/09/01 
2021/09/02 	71.5	71.5	71.5	71.5	0	2021/09/02 
2021/09/03 	72.0	72.0	71.80000305175781	72.0	11000	2021/09/03 
2021/09/06 	71.5999984741211	71.5999984741211	71.5999984741211	71.5999984741211	2000	2021/09/06 
2021/09/07 	71.69999694824219	71.69999694824219	71.0999984741211	71.5	5000	2021/09/07 
2021/09/08 	71.5	71.5	70.5	70.5	7000	2021/09/08 
2021/09/09 	70.5	70.5	70.5	70.5	1000	2021/09/09 
2021/09/10 	70.5	70.5	70.5	70.5	0	2021/09/10 
2021/09/13 	70.5999984741211	71.30000305175781	70.5999984741211	71.0	5000	2021/09/13 
2021/09/14 	70.80000305175781	71.0	70.80000305175781	71.0	5000	2021/09/14 
2021/09/15 	71.0	71.0	71.0	71.0	2000	2021/09/15 
2021/09/16 	72.0	72.0	71.30000305175781	71.30000305175781	14000	2021/09/16 
2021/09/17 	72.19999694824219	72.5999984741211	72.0999984741211	72.5999984741211	13000	2021/09/17 
2021/09/22 	72.5999984741211	72.5999984741211	71.5	71.9000015258789	8000	2021/09/22 
2021/09/23 	72.0	73.19999694824219	72.0	73.19999694824219	7000	2021/09/23 
2021/09/24 	73.5	74.0	73.5	74.0	5000	2021/09/24 
2021/09/27 	74.0	74.0	72.0999984741211	72.5999984741211	8000	2021/09/27 
2021/09/28 	71.5	71.5	71.4000015258789	71.4000015258789	2000	2021/09/28 
2021/09/29 	71.4000015258789	71.69999694824219	71.30000305175781	71.30000305175781	6000	2021/09/29 
2021/09/30 	71.4000015258789	71.5	71.4000015258789	71.5	4000	2021/09/30 
2021/10/01 	71.5	71.5	71.0	71.0	26000	2021/10/01 
2021/10/04 	71.0999984741211	71.4000015258789	71.0	71.4000015258789	23000	2021/10/04 
2021/10/05 	70.69999694824219	71.5	70.69999694824219	71.5	11041	2021/10/05 
2021/10/06 	70.9000015258789	70.9000015258789	70.80000305175781	70.80000305175781	2000	2021/10/06 
2021/10/07 	71.30000305175781	71.5	70.9000015258789	70.9000015258789	8000	2021/10/07 
2021/10/08 	70.9000015258789	70.9000015258789	70.9000015258789	70.9000015258789	2000	2021/10/08 
2021/10/12 	70.9000015258789	71.5999984741211	70.4000015258789	70.4000015258789	26000	2021/10/12 
2021/10/13 	71.0	71.19999694824219	70.19999694824219	70.19999694824219	20000	2021/10/13 
2021/10/14 	70.19999694824219	70.19999694824219	70.19999694824219	70.19999694824219	2011	2021/10/14 
2021/10/15 	70.4000015258789	70.4000015258789	70.4000015258789	70.4000015258789	1000	2021/10/15 
2021/10/18 	70.4000015258789	70.5999984741211	70.19999694824219	70.19999694824219	8001	2021/10/18 
2021/10/19 	70.19999694824219	70.19999694824219	70.19999694824219	70.19999694824219	3000	2021/10/19 
2021/10/20 	70.5	70.5	70.4000015258789	70.4000015258789	5000	2021/10/20 
2021/10/21 	71.5	71.5	71.19999694824219	71.4000015258789	8009	2021/10/21 
2021/10/22 	71.9000015258789	71.9000015258789	71.9000015258789	71.9000015258789	2000	2021/10/22 
2021/10/25 	71.5999984741211	72.0	71.5999984741211	71.5999984741211	6000	2021/10/25 
2021/10/26 	71.80000305175781	73.19999694824219	71.80000305175781	71.9000015258789	24000	2021/10/26 
2021/10/27 	71.5	71.5	71.19999694824219	71.19999694824219	5000	2021/10/27 
2021/10/28 	71.19999694824219	71.19999694824219	71.19999694824219	71.19999694824219	0	2021/10/28 
2021/10/29 	71.19999694824219	72.19999694824219	71.0999984741211	71.30000305175781	6000	2021/10/29 
2021/11/01 	71.0	72.80000305175781	71.0	72.0999984741211	7000	2021/11/01 
2021/11/02 	72.0	72.0	72.0	72.0	1000	2021/11/02 
2021/11/03 	71.5	71.80000305175781	71.4000015258789	71.5	8000	2021/11/03 
2021/11/04 	72.0999984741211	72.0999984741211	71.9000015258789	71.9000015258789	5000	2021/11/04 
2021/11/05 	71.9000015258789	71.9000015258789	71.9000015258789	71.9000015258789	0	2021/11/05 
2021/11/08 	71.5999984741211	71.5999984741211	71.5999984741211	71.5999984741211	6000	2021/11/08 
2021/11/09 	72.0	72.0	72.0	72.0	5000	2021/11/09 
2021/11/10 	73.19999694824219	74.30000305175781	73.19999694824219	74.30000305175781	25028	2021/11/10 
2021/11/11 	75.30000305175781	76.0	74.0999984741211	74.4000015258789	27000	2021/11/11 
2021/11/12 	74.4000015258789	74.4000015258789	73.80000305175781	73.80000305175781	9000	2021/11/12 
2021/11/15 	74.0	74.5	73.80000305175781	73.80000305175781	25000	2021/11/15 
2021/11/16 	74.4000015258789	74.5	74.4000015258789	74.4000015258789	17000	2021/11/16 
2021/11/17 	74.30000305175781	74.4000015258789	73.9000015258789	74.0	21000	2021/11/17 
2021/11/18 	74.19999694824219	74.4000015258789	73.80000305175781	73.80000305175781	56000	2021/11/18 
2021/11/19 	73.5999984741211	73.5999984741211	72.80000305175781	72.80000305175781	13000	2021/11/19 
2021/11/22 	72.9000015258789	72.9000015258789	72.19999694824219	72.30000305175781	22000	2021/11/22 
2021/11/23 	72.0999984741211	73.0	72.0	73.0	3028	2021/11/23 
2021/11/24 	71.5	73.0	71.5	72.19999694824219	13000	2021/11/24 
2021/11/25 	72.19999694824219	72.19999694824219	72.0	72.0	2000	2021/11/25 
2021/11/26 	72.0	72.0	71.69999694824219	71.69999694824219	15000	2021/11/26 
2021/11/29 	71.69999694824219	71.69999694824219	71.30000305175781	71.5	8000	2021/11/29 
2021/11/30 	72.30000305175781	72.30000305175781	72.30000305175781	72.30000305175781	1000	2021/11/30 
2021/12/01 	73.5	73.5	71.5	73.30000305175781	38000	2021/12/01 
2021/12/02 	73.30000305175781	73.30000305175781	71.9000015258789	71.9000015258789	14000	2021/12/02 
2021/12/03 	72.9000015258789	73.30000305175781	72.5999984741211	73.0	9000	2021/12/03 
2021/12/06 	73.0	73.5	73.0	73.0	13000	2021/12/06 
2021/12/07 	73.0	73.0999984741211	73.0	73.0999984741211	4000	2021/12/07 
2021/12/08 	73.0999984741211	74.4000015258789	73.0999984741211	74.0999984741211	8000	2021/12/08 
2021/12/09 	74.19999694824219	74.19999694824219	74.19999694824219	74.19999694824219	1000	2021/12/09 
2021/12/10 	74.19999694824219	74.69999694824219	74.0999984741211	74.30000305175781	13000	2021/12/10 
2021/12/13 	75.5999984741211	75.5999984741211	74.69999694824219	75.30000305175781	41000	2021/12/13 
2021/12/14 	75.69999694824219	76.0	75.30000305175781	75.9000015258789	40000	2021/12/14 
2021/12/15 	76.4000015258789	79.9000015258789	75.9000015258789	77.4000015258789	156000	2021/12/15 
2021/12/16 	77.5	77.5	76.19999694824219	77.0999984741211	33000	2021/12/16 
2021/12/17 	77.0	77.4000015258789	76.69999694824219	77.0999984741211	17000	2021/12/17 
2021/12/20 	77.0999984741211	77.0999984741211	76.0	76.0	6000	2021/12/20 
2021/12/21 	76.0	77.0	76.0	76.5999984741211	20000	2021/12/21 
2021/12/22 	77.0	77.5	77.0	77.5	22000	2021/12/22 
2021/12/23 	77.5999984741211	77.5999984741211	76.5	76.5	8000	2021/12/23 
2021/12/24 	76.0999984741211	77.4000015258789	75.80000305175781	77.4000015258789	36000	2021/12/24 
2021/12/27 	77.4000015258789	78.5	77.4000015258789	78.5	23000	2021/12/27 
2021/12/28 	78.5	79.5	78.5	78.9000015258789	35000	2021/12/28 
2021/12/29 	78.30000305175781	78.30000305175781	74.5999984741211	74.80000305175781	209007	2021/12/29 
2021/12/30 	76.0	76.0	73.0	73.69999694824219	110034	2021/12/30 
2022/01/03 	73.69999694824219	74.0999984741211	71.80000305175781	72.5999984741211	114003	2022/01/03 
2022/01/04 	72.5999984741211	74.0999984741211	72.0999984741211	72.0999984741211	46000	2022/01/04 
2022/01/05 	72.0999984741211	72.0999984741211	71.30000305175781	71.30000305175781	82000	2022/01/05 
2022/01/06 	71.30000305175781	72.0	71.0	72.0	17000	2022/01/06 
2022/01/07 	72.0	72.0999984741211	71.0	71.80000305175781	60000	2022/01/07 
2022/01/10 	73.19999694824219	73.19999694824219	72.19999694824219	72.30000305175781	29000	2022/01/10 
2022/01/11 	74.80000305175781	77.0	72.4000015258789	72.5	196000	2022/01/11 
2022/01/12 	73.80000305175781	74.0	73.0	73.5	38000	2022/01/12 
2022/01/13 	73.5	74.69999694824219	73.19999694824219	73.19999694824219	59000	2022/01/13 
2022/01/14 	73.19999694824219	73.19999694824219	72.80000305175781	73.0	13000	2022/01/14 
2022/01/17 	73.0	74.0999984741211	72.69999694824219	73.0999984741211	23000	2022/01/17 
2022/01/18 	72.9000015258789	73.0999984741211	72.9000015258789	73.0	6000	2022/01/18 
2022/01/19 	72.9000015258789	73.5999984741211	72.9000015258789	73.5	6000	2022/01/19 
2022/01/20 	73.5	73.5	71.30000305175781	73.0	41000	2022/01/20 
2022/01/21 	72.0999984741211	72.5	72.0	72.0	40000	2022/01/21 
2022/01/24 	72.0	72.4000015258789	71.5999984741211	72.19999694824219	10000	2022/01/24 
2022/01/25 	72.19999694824219	72.19999694824219	72.0	72.0	10001	2022/01/25 
2022/01/26 	72.0999984741211	73.0	72.0999984741211	72.9000015258789	6000	2022/01/26 
2022/02/07 	73.4000015258789	73.80000305175781	73.4000015258789	73.4000015258789	22000	2022/02/07 
2022/02/08 	73.4000015258789	74.0	73.4000015258789	74.0	9000	2022/02/08 
2022/02/09 	74.5	75.5	74.5	75.4000015258789	25000	2022/02/09 
2022/02/10 	75.69999694824219	75.69999694824219	75.19999694824219	75.19999694824219	14000	2022/02/10 
2022/02/11 	75.80000305175781	75.80000305175781	74.9000015258789	74.9000015258789	23000	2022/02/11 
2022/02/14 	75.30000305175781	76.80000305175781	74.0	74.30000305175781	80000	2022/02/14 
2022/02/15 	73.69999694824219	73.69999694824219	72.5	72.9000015258789	50000	2022/02/15 
2022/02/16 	72.69999694824219	74.4000015258789	72.69999694824219	74.4000015258789	17000	2022/02/16 
2022/02/17 	74.4000015258789	74.80000305175781	74.4000015258789	74.80000305175781	24000	2022/02/17 
2022/02/18 	74.80000305175781	75.9000015258789	74.80000305175781	75.9000015258789	18000	2022/02/18 
2022/02/21 	76.19999694824219	76.19999694824219	74.5999984741211	75.30000305175781	4000	2022/02/21 
2022/02/22 	75.30000305175781	75.30000305175781	75.30000305175781	75.30000305175781	1000	2022/02/22 
2022/02/23 	75.30000305175781	75.4000015258789	74.80000305175781	74.80000305175781	8000	2022/02/23 
2022/02/24 	74.5999984741211	75.4000015258789	73.80000305175781	73.9000015258789	16000	2022/02/24 
2022/02/25 	73.9000015258789	74.80000305175781	73.69999694824219	74.80000305175781	5000	2022/02/25 
2022/03/01 	73.69999694824219	75.30000305175781	73.69999694824219	75.19999694824219	8000	2022/03/01 
2022/03/02 	75.5	75.80000305175781	75.5	75.5999984741211	7000	2022/03/02 
2022/03/03 	76.0999984741211	76.0999984741211	76.0	76.0999984741211	5000	2022/03/03 
2022/03/04 	76.0	76.19999694824219	75.19999694824219	75.69999694824219	17000	2022/03/04 
2022/03/07 	74.30000305175781	74.30000305175781	72.9000015258789	73.30000305175781	39035	2022/03/07 
2022/03/08 	73.0999984741211	73.30000305175781	72.5999984741211	72.5999984741211	27000	2022/03/08 
2022/03/09 	72.30000305175781	73.19999694824219	72.30000305175781	72.69999694824219	20000	2022/03/09 
2022/03/10 	72.69999694824219	73.5	72.69999694824219	73.5	6000	2022/03/10 
2022/03/11 	73.5	75.30000305175781	72.69999694824219	73.0	23000	2022/03/11 
2022/03/14 	73.0999984741211	73.4000015258789	73.0999984741211	73.19999694824219	7000	2022/03/14 
2022/03/15 	73.19999694824219	73.19999694824219	72.4000015258789	72.4000015258789	16000	2022/03/15 
2022/03/16 	72.4000015258789	72.80000305175781	72.4000015258789	72.69999694824219	14000	2022/03/16 
2022/03/17 	72.9000015258789	74.4000015258789	72.9000015258789	74.4000015258789	28000	2022/03/17 
2022/03/18 	74.4000015258789	74.4000015258789	74.4000015258789	74.4000015258789	0	2022/03/18 
2022/03/21 	74.4000015258789	74.4000015258789	74.4000015258789	74.4000015258789	0	2022/03/21 
2022/03/22 	74.4000015258789	74.4000015258789	74.4000015258789	74.4000015258789	0	2022/03/22 
2022/03/23 	74.4000015258789	74.4000015258789	73.80000305175781	74.0	10000	2022/03/23 
2022/03/24 	74.0	75.0999984741211	74.0	74.30000305175781	57000	2022/03/24 
2022/03/25 	74.30000305175781	75.0	74.0999984741211	74.4000015258789	21000	2022/03/25 
2022/03/28 	74.4000015258789	74.5999984741211	74.4000015258789	74.5999984741211	7000	2022/03/28 
2022/03/29 	74.5999984741211	76.0	74.5999984741211	75.5	45000	2022/03/29 
2022/03/30 	75.9000015258789	76.19999694824219	75.5999984741211	76.19999694824219	11000	2022/03/30 
2022/03/31 	76.19999694824219	76.30000305175781	75.5999984741211	75.5999984741211	17000	2022/03/31 
2022/04/01 	75.5999984741211	75.5999984741211	75.0999984741211	75.0999984741211	16001	2022/04/01 
2022/04/06 	75.0	75.0999984741211	75.0	75.0999984741211	2000	2022/04/06 
2022/04/07 	75.0	75.80000305175781	74.5	74.5	17041	2022/04/07 
2022/04/08 	74.30000305175781	74.5	74.0	74.5	8000	2022/04/08 
2022/04/11 	74.5	75.0	73.9000015258789	73.9000015258789	12000	2022/04/11 
2022/04/12 	74.0	74.0	73.9000015258789	73.9000015258789	10000	2022/04/12 
2022/04/13 	74.0	75.4000015258789	74.0	75.4000015258789	24000	2022/04/13 
2022/04/14 	75.4000015258789	75.4000015258789	74.5999984741211	74.5999984741211	13000	2022/04/14 
2022/04/15 	74.5999984741211	74.5999984741211	73.9000015258789	74.0999984741211	24000	2022/04/15 
2022/04/18 	74.0999984741211	74.0999984741211	73.80000305175781	73.80000305175781	7000	2022/04/18 
2022/04/19 	73.80000305175781	74.0999984741211	73.80000305175781	74.0999984741211	7000	2022/04/19 
2022/04/20 	74.0	74.19999694824219	74.0	74.0999984741211	6000	2022/04/20 
2022/04/21 	74.19999694824219	74.5	74.19999694824219	74.4000015258789	6000	2022/04/21 
2022/04/22 	74.30000305175781	74.30000305175781	74.0	74.0	9000	2022/04/22 
2022/04/25 	73.19999694824219	73.30000305175781	72.9000015258789	72.9000015258789	23000	2022/04/25 
2022/04/26 	73.0	73.0	72.69999694824219	73.0	7000	2022/04/26 
2022/04/27 	72.0999984741211	72.69999694824219	71.9000015258789	72.19999694824219	43000	2022/04/27 
2022/04/28 	72.19999694824219	72.5999984741211	72.0999984741211	72.5999984741211	13000	2022/04/28 
2022/04/29 	72.5	72.80000305175781	72.30000305175781	72.80000305175781	12000	2022/04/29 
2022/05/03 	72.30000305175781	72.30000305175781	71.80000305175781	71.9000015258789	42000	2022/05/03 
2022/05/04 	72.0	72.0	71.80000305175781	72.0	26000	2022/05/04 
2022/05/05 	72.0999984741211	72.4000015258789	72.0	72.4000015258789	18000	2022/05/05 
2022/05/06 	72.0	72.0	71.5999984741211	71.5999984741211	43000	2022/05/06 
2022/05/09 	71.5999984741211	71.5999984741211	70.19999694824219	70.19999694824219	95000	2022/05/09 
2022/05/10 	70.30000305175781	71.9000015258789	70.30000305175781	71.5999984741211	11000	2022/05/10 
2022/05/11 	71.0	71.0	70.30000305175781	70.69999694824219	43113	2022/05/11 
2022/05/12 	71.0	71.0	70.69999694824219	70.69999694824219	26000	2022/05/12 
2022/05/13 	70.9000015258789	71.80000305175781	70.9000015258789	71.80000305175781	19000	2022/05/13 
2022/05/16 	71.5	71.5999984741211	71.30000305175781	71.30000305175781	8000	2022/05/16 
2022/05/17 	71.4000015258789	72.0	71.4000015258789	72.0	14000	2022/05/17 
2022/05/18 	72.30000305175781	72.5999984741211	72.30000305175781	72.4000015258789	11000	2022/05/18 
2022/05/19 	71.5999984741211	71.69999694824219	71.5999984741211	71.5999984741211	7000	2022/05/19 
2022/05/20 	71.5999984741211	72.69999694824219	71.5999984741211	72.5999984741211	9000	2022/05/20 
2022/05/23 	72.5999984741211	73.30000305175781	72.5999984741211	73.30000305175781	13000	2022/05/23 
2022/05/24 	73.5	73.5	73.0	73.0	4000	2022/05/24 
2022/05/25 	73.0	73.5	72.9000015258789	72.9000015258789	7000	2022/05/25 
2022/05/26 	73.0	74.0	73.0	74.0	13014	2022/05/26 
2022/05/27 	74.19999694824219	74.5	74.0	74.4000015258789	8000	2022/05/27 
2022/05/30 	74.4000015258789	74.4000015258789	74.4000015258789	74.4000015258789	1000	2022/05/30 
2022/05/31 	74.5	74.5	74.5	74.5	1000	2022/05/31 
2022/06/01 	74.4000015258789	75.0	74.4000015258789	74.9000015258789	18000	2022/06/01 
2022/06/02 	74.9000015258789	74.9000015258789	74.9000015258789	74.9000015258789	5000	2022/06/02 
2022/06/06 	74.9000015258789	74.9000015258789	74.9000015258789	74.9000015258789	3000	2022/06/06 
2022/06/07 	74.9000015258789	74.9000015258789	74.0999984741211	74.0999984741211	8002	2022/06/07 
2022/06/08 	74.0	75.0	74.0	74.5	7014	2022/06/08 
2022/06/09 	74.9000015258789	74.9000015258789	74.9000015258789	74.9000015258789	1000	2022/06/09 
2022/06/10 	74.30000305175781	74.30000305175781	73.80000305175781	73.80000305175781	6000	2022/06/10 
2022/06/13 	73.0999984741211	73.0999984741211	72.9000015258789	72.9000015258789	15000	2022/06/13 
2022/06/14 	72.9000015258789	73.0999984741211	72.9000015258789	73.0	5000	2022/06/14 
2022/06/15 	73.5999984741211	75.5	73.5999984741211	75.30000305175781	22315	2022/06/15 
2022/06/16 	75.9000015258789	75.9000015258789	75.19999694824219	75.19999694824219	7000	2022/06/16 
2022/06/17 	74.0999984741211	75.0	74.0	74.5	6000	2022/06/17 
2022/06/20 	74.4000015258789	75.5	74.0999984741211	74.5	11000	2022/06/20 
2022/06/21 	74.9000015258789	75.0	74.30000305175781	75.0	22050	2022/06/21 
2022/06/22 	75.0	75.5	74.0	74.0	7000	2022/06/22 
2022/06/23 	74.5	75.30000305175781	74.5	74.5	15001	2022/06/23 
2022/06/24 	75.19999694824219	75.19999694824219	74.30000305175781	75.0	22000	2022/06/24 
2022/06/27 	75.30000305175781	75.30000305175781	74.5	74.5999984741211	130000	2022/06/27 
2022/06/28 	74.5999984741211	75.4000015258789	74.5999984741211	75.0999984741211	76000	2022/06/28 
2022/06/29 	75.0999984741211	75.0999984741211	73.4000015258789	75.0999984741211	86000	2022/06/29 
2022/06/30 	69.30000305175781	69.30000305175781	68.80000305175781	68.80000305175781	65055	2022/06/30 
2022/07/01 	71.0	71.0	69.80000305175781	70.5999984741211	33000	2022/07/01 
2022/07/04 	71.0	73.80000305175781	70.5999984741211	72.5	38000	2022/07/04 
2022/07/05 	73.5	73.5	72.19999694824219	72.4000015258789	22000	2022/07/05 
2022/07/06 	71.9000015258789	72.19999694824219	71.9000015258789	72.19999694824219	7043	2022/07/06 
2022/07/07 	70.80000305175781	72.4000015258789	70.80000305175781	71.4000015258789	15000	2022/07/07 
2022/07/08 	71.30000305175781	71.30000305175781	70.4000015258789	70.4000015258789	20000	2022/07/08 
2022/07/11 	70.19999694824219	70.19999694824219	70.19999694824219	70.19999694824219	6000	2022/07/11 
2022/07/12 	71.0	71.0	70.5	70.5	8000	2022/07/12 
2022/07/13 	70.19999694824219	73.5	70.0999984741211	73.5	21000	2022/07/13 
2022/07/14 	73.5	73.5	73.5	73.5	0	2022/07/14 
2022/07/15 	73.0	73.0	71.19999694824219	71.4000015258789	9000	2022/07/15 
2022/07/18 	70.5999984741211	71.0999984741211	70.5999984741211	71.0999984741211	5000	2022/07/18 
2022/07/19 	71.5999984741211	72.19999694824219	71.4000015258789	71.4000015258789	5000	2022/07/19 
2022/07/20 	71.19999694824219	71.30000305175781	70.5	70.5	16000	2022/07/20 
2022/07/21 	70.30000305175781	70.69999694824219	70.30000305175781	70.69999694824219	6000	2022/07/21 
2022/07/22 	70.69999694824219	70.69999694824219	70.69999694824219	70.69999694824219	1000	2022/07/22 
2022/07/25 	72.30000305175781	72.30000305175781	72.30000305175781	72.30000305175781	1000	2022/07/25 
2022/07/26 	72.30000305175781	72.30000305175781	72.30000305175781	72.30000305175781	0	2022/07/26 
2022/07/27 	71.0999984741211	71.9000015258789	71.0999984741211	71.80000305175781	6000	2022/07/27 
2022/07/28 	71.80000305175781	72.0	70.80000305175781	71.30000305175781	11000	2022/07/28 
2022/07/29 	71.80000305175781	71.80000305175781	71.80000305175781	71.80000305175781	4000	2022/07/29 
2022/08/01 	71.69999694824219	71.69999694824219	71.19999694824219	71.19999694824219	33000	2022/08/01 
2022/08/02 	71.80000305175781	72.4000015258789	71.19999694824219	72.30000305175781	13000	2022/08/02 
2022/08/03 	72.0	72.5999984741211	72.0	72.5999984741211	2000	2022/08/03 
2022/08/04 	71.80000305175781	71.80000305175781	70.9000015258789	71.4000015258789	20000	2022/08/04 
2022/08/05 	71.19999694824219	71.19999694824219	71.0	71.0	8000	2022/08/05 
2022/08/08 	71.0	71.30000305175781	70.80000305175781	71.30000305175781	10000	2022/08/08 
2022/08/09 	71.0	71.80000305175781	71.0	71.80000305175781	15000	2022/08/09 
2022/08/10 	71.9000015258789	71.9000015258789	71.0	71.5	7000	2022/08/10 
2022/08/11 	72.30000305175781	72.30000305175781	72.30000305175781	72.30000305175781	1000	2022/08/11 
2022/08/12 	72.5999984741211	72.5999984741211	72.5999984741211	72.5999984741211	1000	2022/08/12 
2022/08/15 	72.80000305175781	72.9000015258789	72.19999694824219	72.5999984741211	5000	2022/08/15 
2022/08/16 	72.5	72.5	72.5	72.5	1000	2022/08/16 
2022/08/17 	72.5	73.0999984741211	71.5	71.80000305175781	17000	2022/08/17 
2022/08/18 	71.30000305175781	72.0999984741211	71.30000305175781	72.0999984741211	3000	2022/08/18 
2022/08/19 	71.69999694824219	71.69999694824219	71.5	71.5	18000	2022/08/19 
2022/08/22 	72.0	72.0	72.0	72.0	2000	2022/08/22 
2022/08/23 	72.19999694824219	72.5	71.9000015258789	71.9000015258789	11000	2022/08/23 
2022/08/24 	71.5999984741211	71.9000015258789	71.5999984741211	71.9000015258789	4000	2022/08/24 
2022/08/25 	72.0	72.69999694824219	72.0	72.69999694824219	8000	2022/08/25 
2022/08/26 	72.9000015258789	73.0	72.9000015258789	73.0	11000	2022/08/26 
2022/08/29 	71.80000305175781	73.5	71.80000305175781	72.69999694824219	16000	2022/08/29 
2022/08/30 	72.80000305175781	73.69999694824219	72.80000305175781	73.69999694824219	28000	2022/08/30 
2022/08/31 	73.4000015258789	73.69999694824219	73.4000015258789	73.69999694824219	10000	2022/08/31 
2022/09/01 	73.0	73.0	72.5	72.5	22000	2022/09/01 
2022/09/02 	73.0	73.0	71.9000015258789	71.9000015258789	23000	2022/09/02 
2022/09/05 	71.9000015258789	72.0	71.80000305175781	71.80000305175781	3000	2022/09/05 
2022/09/06 	71.80000305175781	71.80000305175781	71.80000305175781	71.80000305175781	0	2022/09/06 
2022/09/07 	71.30000305175781	71.30000305175781	70.0	70.0	75000	2022/09/07 
2022/09/08 	70.9000015258789	70.9000015258789	70.19999694824219	70.19999694824219	2000	2022/09/08 
2022/09/12 	70.5	70.5	70.30000305175781	70.30000305175781	7000	2022/09/12 
2022/09/13 	70.80000305175781	70.9000015258789	70.80000305175781	70.80000305175781	13000	2022/09/13 
2022/09/14 	72.4000015258789	72.4000015258789	70.5999984741211	70.5999984741211	33000	2022/09/14 
2022/09/15 	70.30000305175781	70.9000015258789	70.30000305175781	70.9000015258789	76000	2022/09/15 
2022/09/16 	70.30000305175781	70.5999984741211	70.19999694824219	70.5999984741211	11000	2022/09/16 
2022/09/19 	70.30000305175781	70.30000305175781	69.5999984741211	69.5999984741211	36000	2022/09/19 
2022/09/20 	69.80000305175781	70.30000305175781	69.5999984741211	69.9000015258789	5000	2022/09/20 
2022/09/21 	69.69999694824219	69.80000305175781	68.69999694824219	69.0999984741211	30000	2022/09/21 
2022/09/22 	69.0999984741211	69.5	68.5	69.0999984741211	26000	2022/09/22 
2022/09/23 	69.4000015258789	69.4000015258789	68.80000305175781	68.9000015258789	20000	2022/09/23 
2022/09/26 	68.69999694824219	69.0	68.5	68.5999984741211	17000	2022/09/26 
2022/09/27 	68.80000305175781	68.80000305175781	68.30000305175781	68.80000305175781	10000	2022/09/27 
2022/09/28 	68.80000305175781	68.80000305175781	67.80000305175781	68.30000305175781	19000	2022/09/28 
2022/09/29 	68.69999694824219	68.80000305175781	68.5999984741211	68.69999694824219	20000	2022/09/29 
2022/09/30 	68.30000305175781	69.0	68.30000305175781	69.0	8000	2022/09/30 
2022/10/03 	69.0	69.0	69.0	69.0	3000	2022/10/03 
2022/10/04 	69.0999984741211	69.0999984741211	69.0	69.0	11000	2022/10/04 
2022/10/05 	68.69999694824219	69.30000305175781	68.69999694824219	69.0999984741211	14000	2022/10/05 
2022/10/06 	69.0999984741211	69.0999984741211	68.69999694824219	68.80000305175781	12000	2022/10/06 
2022/10/07 	68.5	68.80000305175781	68.5	68.69999694824219	5000	2022/10/07 
2022/10/11 	68.19999694824219	68.5	67.69999694824219	67.9000015258789	18000	2022/10/11 
2022/10/12 	67.69999694824219	68.19999694824219	67.5	67.9000015258789	34000	2022/10/12 
2022/10/13 	67.5	67.5	66.5	67.0	7092	2022/10/13 
2022/10/14 	68.0	68.30000305175781	67.9000015258789	68.19999694824219	6000	2022/10/14 
2022/10/17 	67.9000015258789	68.19999694824219	67.9000015258789	68.19999694824219	5000	2022/10/17 
2022/10/18 	68.9000015258789	68.9000015258789	68.69999694824219	68.69999694824219	10000	2022/10/18 
2022/10/19 	69.0	69.19999694824219	69.0	69.19999694824219	10000	2022/10/19 
2022/10/20 	69.0	69.0	68.4000015258789	68.5999984741211	10000	2022/10/20 
2022/10/21 	68.30000305175781	68.30000305175781	68.0999984741211	68.19999694824219	11000	2022/10/21 
2022/10/24 	69.0	69.0	68.9000015258789	68.9000015258789	8000	2022/10/24 
2022/10/25 	68.9000015258789	69.19999694824219	68.4000015258789	69.0	21000	2022/10/25 
2022/10/26 	69.19999694824219	69.19999694824219	69.0999984741211	69.19999694824219	9000	2022/10/26 
2022/10/27 	69.19999694824219	69.5	69.19999694824219	69.19999694824219	14000	2022/10/27 
2022/10/28 	68.5999984741211	68.5999984741211	68.5999984741211	68.5999984741211	1000	2022/10/28 
2022/10/31 	68.5999984741211	68.9000015258789	68.5999984741211	68.5999984741211	6000	2022/10/31 
2022/11/01 	68.5999984741211	68.5999984741211	68.4000015258789	68.5999984741211	7000	2022/11/01 
2022/11/02 	68.69999694824219	68.69999694824219	68.5	68.5	3000	2022/11/02 
2022/11/03 	68.80000305175781	68.80000305175781	68.19999694824219	68.19999694824219	10000	2022/11/03 
2022/11/04 	68.19999694824219	68.4000015258789	68.19999694824219	68.4000015258789	4000	2022/11/04 
2022/11/07 	68.4000015258789	68.4000015258789	68.4000015258789	68.4000015258789	4000	2022/11/07 
2022/11/08 	68.5999984741211	68.5999984741211	68.0999984741211	68.30000305175781	7000	2022/11/08 
2022/11/09 	68.30000305175781	68.5999984741211	68.30000305175781	68.5999984741211	26000	2022/11/09 
2022/11/10 	68.30000305175781	68.30000305175781	68.0	68.0999984741211	10142	2022/11/10 
2022/11/11 	68.69999694824219	69.19999694824219	68.69999694824219	68.69999694824219	27000	2022/11/11 
2022/11/14 	69.0	70.5	69.0	70.0999984741211	20000	2022/11/14 
2022/11/15 	70.0	70.5	70.0	70.5	32000	2022/11/15 
2022/11/16 	70.0999984741211	70.0999984741211	70.0	70.0	29000	2022/11/16 
2022/11/17 	70.0	70.0	69.80000305175781	69.80000305175781	32000	2022/11/17 
2022/11/18 	69.80000305175781	70.0	69.80000305175781	69.80000305175781	15000	2022/11/18 
2022/11/21 	69.5999984741211	69.5999984741211	69.19999694824219	69.19999694824219	22000	2022/11/21 
2022/11/22 	69.19999694824219	69.19999694824219	69.0	69.0	31000	2022/11/22 
2022/11/23 	69.0	69.5	69.0	69.30000305175781	33000	2022/11/23 
2022/11/24 	69.80000305175781	70.4000015258789	69.80000305175781	70.4000015258789	14000	2022/11/24 
2022/11/25 	70.4000015258789	70.4000015258789	70.4000015258789	70.4000015258789	1000	2022/11/25 
2022/11/28 	69.69999694824219	69.9000015258789	69.5999984741211	69.9000015258789	3000	2022/11/28 
2022/11/29 	70.0	70.30000305175781	70.0	70.30000305175781	2000	2022/11/29 
2022/11/30 	69.4000015258789	70.80000305175781	69.4000015258789	70.80000305175781	10000	2022/11/30 
2022/12/01 	71.19999694824219	71.30000305175781	70.9000015258789	71.30000305175781	15000	2022/12/01 
2022/12/02 	71.0	71.30000305175781	71.0	71.19999694824219	10000	2022/12/02 
2022/12/05 	71.19999694824219	71.30000305175781	71.0999984741211	71.30000305175781	5000	2022/12/05 
2022/12/06 	71.5	71.5	71.19999694824219	71.30000305175781	7000	2022/12/06 
2022/12/07 	71.30000305175781	71.30000305175781	71.0999984741211	71.0999984741211	6000	2022/12/07 
2022/12/08 	70.9000015258789	71.19999694824219	70.9000015258789	71.19999694824219	6000	2022/12/08 
2022/12/09 	71.30000305175781	71.9000015258789	71.0999984741211	71.80000305175781	16000	2022/12/09 
2022/12/12 	71.0999984741211	71.30000305175781	70.19999694824219	70.80000305175781	16000	2022/12/12 
2022/12/13 	70.5	70.80000305175781	70.0	70.80000305175781	32000	2022/12/13 
2022/12/14 	71.19999694824219	71.80000305175781	71.19999694824219	71.5999984741211	14500	2022/12/14 
2022/12/15 	70.69999694824219	70.69999694824219	70.30000305175781	70.4000015258789	25000	2022/12/15 
2022/12/16 	69.80000305175781	70.19999694824219	69.5999984741211	69.5999984741211	30000	2022/12/16 
2022/12/19 	69.5999984741211	69.5999984741211	69.5999984741211	69.5999984741211	2000	2022/12/19 
2022/12/20 	70.19999694824219	70.19999694824219	69.5	69.5	13000	2022/12/20 
2022/12/21 	70.0	70.0	69.5999984741211	69.80000305175781	7000	2022/12/21 
2022/12/22 	70.19999694824219	70.19999694824219	69.9000015258789	69.9000015258789	4000	2022/12/22 
2022/12/23 	69.9000015258789	69.9000015258789	69.5999984741211	69.9000015258789	7000	2022/12/23 
2022/12/26 	69.9000015258789	70.0	69.9000015258789	69.9000015258789	4000	2022/12/26 
2022/12/27 	69.9000015258789	69.9000015258789	69.69999694824219	69.80000305175781	5000	2022/12/27 
2022/12/28 	69.9000015258789	70.0999984741211	69.9000015258789	70.0999984741211	3000	2022/12/28 
2022/12/29 	70.0	70.0	70.0	70.0	1000	2022/12/29 
2022/12/30 	70.0999984741211	70.19999694824219	70.0999984741211	70.0999984741211	3000	2022/12/30 
2023/01/03 	70.0	70.0	69.80000305175781	69.80000305175781	4000	2023/01/03 
2023/01/04 	69.80000305175781	69.80000305175781	69.80000305175781	69.80000305175781	1000	2023/01/04 
2023/01/05 	69.9000015258789	69.9000015258789	69.80000305175781	69.80000305175781	4000	2023/01/05 
2023/01/06 	70.5999984741211	71.0999984741211	70.0999984741211	70.0999984741211	8000	2023/01/06 
2023/01/09 	70.80000305175781	70.80000305175781	70.0999984741211	70.0999984741211	11000	2023/01/09 
2023/01/10 	70.30000305175781	70.30000305175781	70.19999694824219	70.19999694824219	2000	2023/01/10 
2023/01/11 	69.5	70.19999694824219	69.5	70.19999694824219	12000	2023/01/11 
2023/01/12 	70.0	70.0999984741211	70.0	70.0	196000	2023/01/12 
2023/01/13 	69.9000015258789	70.0999984741211	69.69999694824219	70.0999984741211	6000	2023/01/13 
2023/01/16 	70.0999984741211	70.30000305175781	70.0	70.30000305175781	9000	2023/01/16 
2023/01/17 	70.0	70.4000015258789	69.9000015258789	70.4000015258789	5000	2023/01/17 
2023/01/30 	70.5	70.5	70.4000015258789	70.4000015258789	5000	2023/01/30 
2023/01/31 	70.19999694824219	71.0999984741211	70.19999694824219	71.0	4000	2023/01/31 
2023/02/01 	70.80000305175781	71.5999984741211	70.80000305175781	71.5	175000	2023/02/01 
2023/02/02 	71.5	71.5	71.30000305175781	71.5	163025	2023/02/02 
2023/02/03 	71.5	71.80000305175781	71.5	71.80000305175781	11000	2023/02/03 
2023/02/06 	71.80000305175781	71.80000305175781	71.5	71.80000305175781	13000	2023/02/06 
2023/02/07 	71.5999984741211	71.5999984741211	71.5	71.5	3000	2023/02/07 
2023/02/08 	71.5	71.5	71.4000015258789	71.4000015258789	4000	2023/02/08 
2023/02/09 	71.5	71.5	71.0999984741211	71.4000015258789	13000	2023/02/09 
2023/02/10 	71.30000305175781	71.30000305175781	71.0	71.19999694824219	14000	2023/02/10 
2023/02/13 	71.30000305175781	71.30000305175781	71.19999694824219	71.30000305175781	16000	2023/02/13 
2023/02/14 	71.5999984741211	72.30000305175781	71.5999984741211	72.19999694824219	15000	2023/02/14 
2023/02/15 	72.19999694824219	72.4000015258789	71.80000305175781	72.19999694824219	33000	2023/02/15 
2023/02/16 	72.5	73.19999694824219	72.5	72.69999694824219	44000	2023/02/16 
2023/02/17 	72.80000305175781	72.80000305175781	72.69999694824219	72.69999694824219	4000	2023/02/17 
2023/02/20 	73.19999694824219	73.5	72.9000015258789	73.19999694824219	25000	2023/02/20 
