Date	Open	High	Low	Close	Volume	Date
2017/11/24 	122.0	160.0	122.0	158.0	4293000.0	2017/11/24 
2017/11/27 	147.0	151.0	140.5	142.5	2038705.0	2017/11/27 
2017/11/28 	145.5	146.0	135.5	146.0	1210295.0	2017/11/28 
2017/11/29 	147.0	162.0	142.0	155.0	1467000.0	2017/11/29 
2017/11/30 	150.0	157.0	145.5	146.0	1075000.0	2017/11/30 
2017/12/01 	148.0	148.0	131.5	133.0	1121330.0	2017/12/01 
2017/12/04 	130.0	131.0	123.5	124.5	667100.0	2017/12/04 
2017/12/05 	123.0	123.0	112.5	112.5	814100.0	2017/12/05 
2017/12/06 	112.0	121.5	112.0	116.0	536070.0	2017/12/06 
2017/12/07 	116.0	116.0	110.0	111.5	372151.0	2017/12/07 
2017/12/08 	111.5	112.0	101.5	107.5	455249.0	2017/12/08 
2017/12/11 	106.5	110.0	103.5	107.0	239300.0	2017/12/11 
2017/12/12 	108.5	116.0	106.0	111.0	448000.0	2017/12/12 
2017/12/13 	109.0	111.0	103.5	105.0	509340.0	2017/12/13 
2017/12/14 	105.5	108.0	103.5	105.0	260100.0	2017/12/14 
2017/12/15 	106.0	106.0	103.0	103.0	174100.0	2017/12/15 
2017/12/18 	103.0	107.0	103.0	105.0	131130.0	2017/12/18 
2017/12/19 	105.0	105.5	102.5	103.0	150001.0	2017/12/19 
2017/12/20 	103.5	113.0	102.5	113.0	552000.0	2017/12/20 
2017/12/21 	113.0	116.5	109.0	113.5	549051.0	2017/12/21 
2017/12/22 	113.0	113.0	110.0	111.0	206200.0	2017/12/22 
2017/12/25 	111.0	112.0	106.0	106.0	264200.0	2017/12/25 
2017/12/26 	106.0	107.0	102.5	103.5	228460.0	2017/12/26 
2017/12/27 	104.0	106.5	104.0	104.5	109100.0	2017/12/27 
2017/12/28 	104.5	104.5	103.5	103.5	100130.0	2017/12/28 
2017/12/29 	104.0	106.5	104.0	104.0	140030.0	2017/12/29 
2018/01/02 	104.0	104.0	101.0	102.5	165000.0	2018/01/02 
2018/01/03 	103.0	104.5	102.5	103.0	118080.0	2018/01/03 
2018/01/04 	103.0	104.5	103.0	103.5	70000.0	2018/01/04 
2018/01/05 	103.5	103.5	102.0	102.0	97106.0	2018/01/05 
2018/01/08 	102.5	109.0	102.5	108.5	391190.0	2018/01/08 
2018/01/09 	106.5	107.5	104.0	104.0	221052.0	2018/01/09 
2018/01/10 	104.0	104.0	102.0	102.0	151088.0	2018/01/10 
2018/01/11 	102.0	103.0	97.0	97.4000015258789	252308.0	2018/01/11 
2018/01/12 	97.5	99.5	97.4000015258789	97.4000015258789	193100.0	2018/01/12 
2018/01/15 	97.4000015258789	97.4000015258789	91.4000015258789	92.5	412250.0	2018/01/15 
2018/01/16 	92.69999694824219	95.5	92.69999694824219	95.19999694824219	148000.0	2018/01/16 
2018/01/17 	95.19999694824219	97.0	94.0	96.0999984741211	146030.0	2018/01/17 
2018/01/18 	97.0	97.0	94.5	94.5	90020.0	2018/01/18 
2018/01/19 	95.19999694824219	95.9000015258789	95.0	95.0	84000.0	2018/01/19 
2018/01/22 	95.5	95.5	93.19999694824219	93.19999694824219	91030.0	2018/01/22 
2018/01/23 	93.30000305175781	94.0	93.19999694824219	94.0	80050.0	2018/01/23 
2018/01/24 	94.5	94.5	92.4000015258789	92.5	46000.0	2018/01/24 
2018/01/25 	92.5	92.5	90.5	91.0	144000.0	2018/01/25 
2018/01/26 	91.0	91.0	90.30000305175781	90.30000305175781	77278.0	2018/01/26 
2018/01/29 	92.80000305175781	92.80000305175781	89.0	91.5	78070.0	2018/01/29 
2018/01/30 	90.30000305175781	90.30000305175781	89.0	89.0	45322.0	2018/01/30 
2018/01/31 	88.0	96.30000305175781	84.5	94.80000305175781	378000.0	2018/01/31 
2018/02/01 	94.4000015258789	97.0	92.19999694824219	96.0	323102.0	2018/02/01 
2018/02/02 	95.0	95.0	92.5	93.0	97000.0	2018/02/02 
2018/02/05 	90.0	90.30000305175781	88.19999694824219	90.0999984741211	115000.0	2018/02/05 
2018/02/06 	86.5	92.0	84.0	85.0999984741211	217000.0	2018/02/06 
2018/02/07 	86.80000305175781	88.0	84.19999694824219	84.19999694824219	107050.0	2018/02/07 
2018/02/08 	84.19999694824219	85.4000015258789	84.19999694824219	85.0	76000.0	2018/02/08 
2018/02/09 	83.0	85.0	82.0999984741211	83.19999694824219	87100.0	2018/02/09 
2018/02/12 	85.0	86.30000305175781	84.19999694824219	85.80000305175781	85030.0	2018/02/12 
2018/02/21 	87.80000305175781	87.80000305175781	86.5	86.69999694824219	40000.0	2018/02/21 
2018/02/22 	87.0999984741211	87.30000305175781	86.0999984741211	87.0999984741211	53001.0	2018/02/22 
2018/02/23 	87.80000305175781	92.5	87.80000305175781	92.0	170098.0	2018/02/23 
2018/02/26 	92.0999984741211	92.0999984741211	88.5	88.69999694824219	127000.0	2018/02/26 
2018/02/27 	89.0	89.0	87.69999694824219	87.69999694824219	36000.0	2018/02/27 
2018/03/01 	88.69999694824219	89.69999694824219	87.5999984741211	87.80000305175781	107000.0	2018/03/01 
2018/03/02 	87.80000305175781	88.0999984741211	87.0	87.5999984741211	54000.0	2018/03/02 
2018/03/05 	87.80000305175781	88.0999984741211	87.19999694824219	87.19999694824219	24010.0	2018/03/05 
2018/03/06 	87.30000305175781	87.80000305175781	87.30000305175781	87.5	46000.0	2018/03/06 
2018/03/07 	87.30000305175781	87.69999694824219	86.0	86.0	94025.0	2018/03/07 
2018/03/08 	86.0	86.5	86.0	86.0	51130.0	2018/03/08 
2018/03/09 	87.0	87.9000015258789	86.80000305175781	87.0	44000.0	2018/03/09 
2018/03/12 	86.5	89.0	86.5	88.80000305175781	122000.0	2018/03/12 
2018/03/13 	89.30000305175781	89.30000305175781	88.0	88.19999694824219	44000.0	2018/03/13 
2018/03/14 	88.5	89.9000015258789	88.5	89.5	48050.0	2018/03/14 
2018/03/15 	89.30000305175781	89.5	88.69999694824219	89.4000015258789	28000.0	2018/03/15 
2018/03/16 	89.9000015258789	93.69999694824219	89.5	91.5	169008.0	2018/03/16 
2018/03/19 	91.5999984741211	92.5	91.0999984741211	91.30000305175781	65010.0	2018/03/19 
2018/03/20 	90.69999694824219	91.0999984741211	90.19999694824219	90.19999694824219	37000.0	2018/03/20 
2018/03/21 	90.19999694824219	91.0	90.19999694824219	90.5999984741211	22000.0	2018/03/21 
2018/03/22 	90.80000305175781	91.30000305175781	89.69999694824219	90.9000015258789	66000.0	2018/03/22 
2018/03/23 	88.9000015258789	89.0	88.0	88.0	94000.0	2018/03/23 
2018/03/26 	89.19999694824219	92.4000015258789	89.19999694824219	90.5999984741211	103050.0	2018/03/26 
2018/03/27 	91.0999984741211	99.5999984741211	91.0999984741211	99.5999984741211	401042.0	2018/03/27 
2018/03/28 	103.5	109.0	101.5	105.5	1108634.0	2018/03/28 
2018/03/29 	102.5	103.5	99.69999694824219	102.0	440400.0	2018/03/29 
2018/03/30 	103.0	103.0	100.0	100.0	203000.0	2018/03/30 
2018/04/02 	97.69999694824219	102.0	97.69999694824219	100.0	157290.0	2018/04/02 
2018/04/03 	99.5999984741211	99.5999984741211	97.5	98.19999694824219	124000.0	2018/04/03 
2018/04/09 	99.0	99.5	97.5	97.5999984741211	63178.0	2018/04/09 
2018/04/10 	98.5999984741211	98.69999694824219	97.19999694824219	97.5999984741211	107000.0	2018/04/10 
2018/04/11 	97.5999984741211	97.9000015258789	95.5	95.5999984741211	106036.0	2018/04/11 
2018/04/12 	95.5999984741211	96.0	95.0999984741211	95.5	65050.0	2018/04/12 
2018/04/13 	95.69999694824219	96.30000305175781	95.5	96.0	67000.0	2018/04/13 
2018/04/16 	97.5	97.5	96.19999694824219	96.30000305175781	38100.0	2018/04/16 
2018/04/17 	96.0	96.0	92.80000305175781	93.0	92056.0	2018/04/17 
2018/04/18 	93.0999984741211	94.5	92.30000305175781	92.5	62050.0	2018/04/18 
2018/04/19 	92.5	93.0	92.4000015258789	92.4000015258789	47050.0	2018/04/19 
2018/04/20 	92.4000015258789	92.5	92.0	92.4000015258789	36003.0	2018/04/20 
2018/04/23 	92.80000305175781	92.80000305175781	89.5999984741211	89.69999694824219	96001.0	2018/04/23 
2018/04/24 	90.4000015258789	90.4000015258789	88.4000015258789	88.80000305175781	51044.0	2018/04/24 
2018/04/25 	89.69999694824219	89.9000015258789	88.0	88.5	26010.0	2018/04/25 
2018/04/26 	89.5	89.5	88.5	88.5999984741211	43000.0	2018/04/26 
2018/04/27 	88.4000015258789	88.5999984741211	88.0	88.5999984741211	25000.0	2018/04/27 
2018/04/30 	88.5999984741211	90.0	88.5999984741211	89.5999984741211	11000.0	2018/04/30 
2018/05/02 	89.5999984741211	89.5999984741211	88.80000305175781	89.5999984741211	19100.0	2018/05/02 
2018/05/03 	89.5999984741211	89.69999694824219	89.19999694824219	89.5999984741211	18000.0	2018/05/03 
2018/05/04 	88.19999694824219	88.5	88.19999694824219	88.5	5000.0	2018/05/04 
2018/05/07 	89.0	92.5999984741211	89.0	90.69999694824219	38000.0	2018/05/07 
2018/05/08 	90.9000015258789	91.0	90.0	90.0	25006.0	2018/05/08 
2018/05/09 	89.4000015258789	91.80000305175781	89.4000015258789	90.4000015258789	19252.0	2018/05/09 
2018/05/10 	90.0	90.0	88.0	88.69999694824219	69000.0	2018/05/10 
2018/05/11 	90.69999694824219	90.69999694824219	88.0999984741211	88.0999984741211	34000.0	2018/05/11 
2018/05/14 	86.80000305175781	86.80000305175781	84.0	84.5	146001.0	2018/05/14 
2018/05/15 	84.0	84.5	82.0	82.0	128050.0	2018/05/15 
2018/05/16 	82.0	83.80000305175781	81.5999984741211	82.4000015258789	56000.0	2018/05/16 
2018/05/17 	86.0	86.0	82.5999984741211	82.5999984741211	85050.0	2018/05/17 
2018/05/18 	84.0	85.0	83.69999694824219	84.4000015258789	33000.0	2018/05/18 
2018/05/21 	84.5	85.0999984741211	84.5	84.5	35000.0	2018/05/21 
2018/05/22 	84.5	84.5	83.4000015258789	84.0	55000.0	2018/05/22 
2018/05/23 	84.0	84.0	82.69999694824219	82.69999694824219	24000.0	2018/05/23 
2018/05/24 	82.69999694824219	82.69999694824219	82.0999984741211	82.5	32000.0	2018/05/24 
2018/05/25 	82.5	83.0	82.5	82.5999984741211	41000.0	2018/05/25 
2018/05/28 	83.0	83.0	80.0	82.0	38000.0	2018/05/28 
2018/05/29 	82.5	82.5	82.0	82.19999694824219	16000.0	2018/05/29 
2018/05/30 	83.30000305175781	85.9000015258789	83.30000305175781	84.30000305175781	67300.0	2018/05/30 
2018/05/31 	85.0	85.30000305175781	83.30000305175781	83.30000305175781	24200.0	2018/05/31 
2018/06/01 	83.30000305175781	83.9000015258789	82.9000015258789	83.9000015258789	18000.0	2018/06/01 
2018/06/04 	84.9000015258789	84.9000015258789	83.0999984741211	83.5	17051.0	2018/06/04 
2018/06/05 	83.5	83.5999984741211	83.0999984741211	83.0999984741211	7000.0	2018/06/05 
2018/06/06 	82.30000305175781	83.5	82.30000305175781	83.0	45000.0	2018/06/06 
2018/06/07 	83.0	84.19999694824219	82.69999694824219	84.0	31000.0	2018/06/07 
2018/06/08 	85.5	85.5	83.9000015258789	84.80000305175781	13038.0	2018/06/08 
2018/06/11 	85.30000305175781	85.30000305175781	84.0999984741211	84.30000305175781	19000.0	2018/06/11 
2018/06/12 	85.0999984741211	85.30000305175781	83.4000015258789	84.69999694824219	69102.0	2018/06/12 
2018/06/13 	85.0	92.0	84.19999694824219	90.0	199050.0	2018/06/13 
2018/06/14 	88.5999984741211	89.9000015258789	87.30000305175781	89.9000015258789	93100.0	2018/06/14 
2018/06/15 	89.80000305175781	89.80000305175781	86.4000015258789	86.5999984741211	37266.0	2018/06/15 
2018/06/19 	86.30000305175781	86.30000305175781	84.5	84.5	28124.0	2018/06/19 
2018/06/20 	84.80000305175781	85.9000015258789	84.19999694824219	84.19999694824219	12010.0	2018/06/20 
2018/06/21 	84.19999694824219	84.9000015258789	84.0	84.9000015258789	11000.0	2018/06/21 
2018/06/22 	85.0	85.0	83.69999694824219	84.0999984741211	9100.0	2018/06/22 
2018/06/25 	84.0	84.9000015258789	83.0999984741211	83.0999984741211	16000.0	2018/06/25 
2018/06/26 	82.9000015258789	87.0	82.30000305175781	85.9000015258789	39002.0	2018/06/26 
2018/06/27 	83.19999694824219	84.0	83.19999694824219	84.0	17000.0	2018/06/27 
2018/06/28 	83.5999984741211	86.0	83.4000015258789	84.9000015258789	27000.0	2018/06/28 
2018/06/29 	84.30000305175781	85.9000015258789	84.30000305175781	85.5	15000.0	2018/06/29 
2018/07/02 	84.9000015258789	84.9000015258789	83.69999694824219	83.69999694824219	5000.0	2018/07/02 
2018/07/03 	84.80000305175781	84.9000015258789	83.9000015258789	83.9000015258789	19000.0	2018/07/03 
2018/07/04 	83.5999984741211	84.0	83.5	83.5999984741211	11000.0	2018/07/04 
2018/07/05 	82.69999694824219	84.0	82.69999694824219	83.19999694824219	17000.0	2018/07/05 
2018/07/06 	84.0	84.30000305175781	83.5999984741211	84.30000305175781	32000.0	2018/07/06 
2018/07/09 	84.30000305175781	85.0	84.0	85.0	7000.0	2018/07/09 
2018/07/10 	84.0999984741211	84.0999984741211	83.5999984741211	84.0	35000.0	2018/07/10 
2018/07/11 	84.0	84.0999984741211	83.69999694824219	84.0999984741211	26000.0	2018/07/11 
2018/07/12 	84.0	84.0999984741211	83.9000015258789	84.0	16050.0	2018/07/12 
2018/07/13 	84.0999984741211	85.9000015258789	84.0	85.0	56000.0	2018/07/13 
2018/07/16 	85.0	85.0	83.80000305175781	83.80000305175781	7000.0	2018/07/16 
2018/07/17 	83.19999694824219	83.19999694824219	82.69999694824219	82.69999694824219	20148.0	2018/07/17 
2018/07/18 	83.5999984741211	83.9000015258789	82.69999694824219	83.9000015258789	9030.0	2018/07/18 
2018/07/19 	83.0	83.0	82.80000305175781	82.80000305175781	6000.0	2018/07/19 
2018/07/20 	82.5	82.80000305175781	82.30000305175781	82.30000305175781	9000.0	2018/07/20 
2018/07/23 	82.5	82.5	82.0999984741211	82.0999984741211	6000.0	2018/07/23 
2018/07/24 	83.0	83.30000305175781	82.0999984741211	82.0999984741211	6099.0	2018/07/24 
2018/07/25 	82.30000305175781	83.30000305175781	82.19999694824219	83.30000305175781	4000.0	2018/07/25 
2018/07/26 	82.4000015258789	82.4000015258789	82.30000305175781	82.30000305175781	27000.0	2018/07/26 
2018/07/27 	82.30000305175781	82.30000305175781	82.0999984741211	82.30000305175781	16000.0	2018/07/27 
2018/07/30 	82.0	82.0	82.0	82.0	17000.0	2018/07/30 
2018/07/31 	80.9000015258789	82.69999694824219	80.80000305175781	81.5	6030.0	2018/07/31 
2018/08/01 	81.0	81.0999984741211	80.69999694824219	80.80000305175781	18040.0	2018/08/01 
2018/08/02 	80.80000305175781	80.80000305175781	78.0	79.80000305175781	31000.0	2018/08/02 
2018/08/03 	79.69999694824219	79.69999694824219	77.0	77.19999694824219	77320.0	2018/08/03 
2018/08/06 	77.19999694824219	77.19999694824219	74.0	74.30000305175781	98400.0	2018/08/06 
2018/08/07 	74.0	74.0	72.0	72.5999984741211	66002.0	2018/08/07 
2018/08/08 	72.5999984741211	72.5999984741211	72.0	72.4000015258789	62003.0	2018/08/08 
2018/08/09 	72.30000305175781	74.30000305175781	72.30000305175781	74.30000305175781	41000.0	2018/08/09 
2018/08/10 	74.30000305175781	80.0	74.0999984741211	77.19999694824219	125000.0	2018/08/10 
2018/08/13 	76.0	76.5	75.0	75.0	38000.0	2018/08/13 
2018/08/14 	75.0999984741211	76.0	75.0	75.0	16000.0	2018/08/14 
2018/08/15 	77.0	77.0	75.5	75.5	22000.0	2018/08/15 
2018/08/16 	75.5	75.5	74.4000015258789	74.4000015258789	17150.0	2018/08/16 
2018/08/17 	74.69999694824219	75.9000015258789	74.5	75.9000015258789	9000.0	2018/08/17 
2018/08/20 	75.5999984741211	75.80000305175781	74.0	74.0	21005.0	2018/08/20 
2018/08/21 	75.5	75.5999984741211	75.5	75.5999984741211	7000.0	2018/08/21 
2018/08/22 	75.5999984741211	75.5999984741211	75.0	75.0	7000.0	2018/08/22 
2018/08/23 	75.0	76.30000305175781	75.0	75.9000015258789	25000.0	2018/08/23 
2018/08/24 	75.9000015258789	76.0999984741211	75.19999694824219	75.4000015258789	31000.0	2018/08/24 
2018/08/27 	78.0	78.0	76.0999984741211	77.0	46222.0	2018/08/27 
2018/08/28 	77.5	77.5	76.5999984741211	77.0	93063.0	2018/08/28 
2018/08/29 	72.69999694824219	72.69999694824219	71.5	71.5	37000.0	2018/08/29 
2018/08/30 	71.5999984741211	71.69999694824219	71.5999984741211	71.69999694824219	11003.0	2018/08/30 
2018/08/31 	71.69999694824219	71.9000015258789	71.4000015258789	71.9000015258789	24000.0	2018/08/31 
2018/09/03 	72.4000015258789	72.4000015258789	70.0	70.4000015258789	49050.0	2018/09/03 
2018/09/04 	71.19999694824219	71.19999694824219	70.30000305175781	70.30000305175781	18359.0	2018/09/04 
2018/09/05 	70.30000305175781	70.5	70.0	70.0	20000.0	2018/09/05 
2018/09/06 	71.0	71.0	69.5	69.69999694824219	33000.0	2018/09/06 
2018/09/07 	69.0999984741211	69.0999984741211	66.69999694824219	67.19999694824219	35086.0	2018/09/07 
2018/09/10 	67.5	68.0	66.5	67.5	33000.0	2018/09/10 
2018/09/11 	67.5	67.5	66.19999694824219	66.4000015258789	15000.0	2018/09/11 
2018/09/12 	66.4000015258789	66.4000015258789	65.5999984741211	65.5999984741211	11000.0	2018/09/12 
2018/09/13 	66.0	67.0	66.0	66.80000305175781	17000.0	2018/09/13 
2018/09/14 	67.19999694824219	67.5999984741211	67.19999694824219	67.5	11050.0	2018/09/14 
2018/09/17 	67.5999984741211	67.69999694824219	66.9000015258789	66.9000015258789	8000.0	2018/09/17 
2018/09/18 	66.5	67.0	66.0	67.0	11000.0	2018/09/18 
2018/09/19 	67.0	67.5	66.5999984741211	66.69999694824219	9000.0	2018/09/19 
2018/09/20 	66.69999694824219	66.69999694824219	65.5999984741211	66.5999984741211	6000.0	2018/09/20 
2018/09/21 	66.5999984741211	66.5999984741211	65.5	66.0	19005.0	2018/09/21 
2018/09/25 	65.0	68.0	64.30000305175781	67.0999984741211	44052.0	2018/09/25 
2018/09/26 	67.69999694824219	67.9000015258789	66.4000015258789	67.80000305175781	54004.0	2018/09/26 
2018/09/27 	67.80000305175781	67.80000305175781	66.5999984741211	66.5999984741211	13000.0	2018/09/27 
2018/09/28 	67.19999694824219	69.69999694824219	66.80000305175781	69.5	102000.0	2018/09/28 
2018/10/01 	71.0999984741211	74.0	71.0999984741211	72.0999984741211	122000.0	2018/10/01 
2018/10/02 	73.5	73.5	71.0	71.0	49170.0	2018/10/02 
2018/10/03 	70.69999694824219	70.69999694824219	68.0	68.4000015258789	44000.0	2018/10/03 
2018/10/04 	68.0	69.4000015258789	67.30000305175781	69.4000015258789	18000.0	2018/10/04 
2018/10/05 	68.30000305175781	68.4000015258789	67.19999694824219	67.19999694824219	36020.0	2018/10/05 
2018/10/08 	66.5999984741211	66.69999694824219	66.4000015258789	66.69999694824219	14000.0	2018/10/08 
2018/10/09 	72.4000015258789	72.4000015258789	68.80000305175781	69.0	36000.0	2018/10/09 
2018/10/11 	67.0	68.69999694824219	63.900001525878906	66.69999694824219	89000.0	2018/10/11 
2018/10/12 	66.69999694824219	68.0	66.30000305175781	67.5	48000.0	2018/10/12 
2018/10/15 	67.19999694824219	67.30000305175781	66.30000305175781	67.0	31000.0	2018/10/15 
2018/10/16 	67.0	69.0	67.0	68.0	47000.0	2018/10/16 
2018/10/17 	68.5999984741211	68.5999984741211	68.30000305175781	68.4000015258789	18000.0	2018/10/17 
2018/10/18 	68.80000305175781	71.5	68.80000305175781	71.5	142000.0	2018/10/18 
2018/10/19 	69.5999984741211	70.69999694824219	68.80000305175781	70.0	27000.0	2018/10/19 
2018/10/22 	70.69999694824219	72.0	70.69999694824219	71.30000305175781	41000.0	2018/10/22 
2018/10/23 	70.5999984741211	70.5999984741211	69.5	69.5	39000.0	2018/10/23 
2018/10/24 	70.0	71.0	69.5999984741211	70.0	75000.0	2018/10/24 
2018/10/25 	68.5	68.5	68.30000305175781	68.5	8080.0	2018/10/25 
2018/10/26 	69.5	70.0	68.5	69.5999984741211	21135.0	2018/10/26 
2018/10/29 	70.69999694824219	70.69999694824219	68.80000305175781	68.80000305175781	10001.0	2018/10/29 
2018/10/30 	68.19999694824219	68.19999694824219	67.30000305175781	67.30000305175781	27135.0	2018/10/30 
2018/10/31 	68.5	71.80000305175781	68.19999694824219	70.5999984741211	156000.0	2018/10/31 
2018/11/01 	71.4000015258789	73.5	70.5999984741211	72.9000015258789	170070.0	2018/11/01 
2018/11/02 	73.5999984741211	73.80000305175781	72.0999984741211	72.69999694824219	67100.0	2018/11/02 
2018/11/05 	72.80000305175781	75.0	72.80000305175781	73.80000305175781	67000.0	2018/11/05 
2018/11/06 	75.5	76.80000305175781	73.4000015258789	74.0	115000.0	2018/11/06 
2018/11/07 	73.0	74.69999694824219	73.0	74.69999694824219	52000.0	2018/11/07 
2018/11/08 	76.0	76.0	74.5	74.5	78000.0	2018/11/08 
2018/11/09 	75.0	75.0	73.69999694824219	74.0999984741211	47000.0	2018/11/09 
2018/11/12 	74.0999984741211	74.5999984741211	74.0	74.4000015258789	27000.0	2018/11/12 
2018/11/13 	73.0	73.5	73.0	73.5	20000.0	2018/11/13 
2018/11/14 	73.0999984741211	74.69999694824219	72.80000305175781	74.0	28000.0	2018/11/14 
2018/11/15 	74.0	74.5999984741211	74.0	74.5	34000.0	2018/11/15 
2018/11/16 	74.4000015258789	74.4000015258789	74.0999984741211	74.0999984741211	13000.0	2018/11/16 
2018/11/19 	74.4000015258789	74.5	73.69999694824219	74.0	21000.0	2018/11/19 
2018/11/20 	73.80000305175781	73.80000305175781	73.30000305175781	73.30000305175781	21000.0	2018/11/20 
2018/11/21 	74.0	74.0999984741211	73.30000305175781	73.9000015258789	11000.0	2018/11/21 
2018/11/22 	74.0999984741211	74.4000015258789	73.69999694824219	73.69999694824219	19000.0	2018/11/22 
2018/11/23 	73.80000305175781	74.0999984741211	73.30000305175781	73.30000305175781	28000.0	2018/11/23 
2018/11/26 	73.0999984741211	74.19999694824219	73.0999984741211	74.0	17000.0	2018/11/26 
2018/11/27 	73.5999984741211	74.80000305175781	73.5999984741211	74.80000305175781	36000.0	2018/11/27 
2018/11/28 	75.0	77.9000015258789	75.0	77.5	93000.0	2018/11/28 
2018/11/29 	77.69999694824219	77.69999694824219	76.5999984741211	76.5999984741211	24000.0	2018/11/29 
2018/11/30 	76.30000305175781	78.19999694824219	76.30000305175781	77.69999694824219	44050.0	2018/11/30 
2018/12/03 	78.0	79.4000015258789	77.5	79.19999694824219	64000.0	2018/12/03 
2018/12/04 	79.0	79.5	79.0	79.4000015258789	18231.0	2018/12/04 
2018/12/05 	78.9000015258789	79.0	78.5	79.0	30000.0	2018/12/05 
2018/12/06 	79.0	79.0	77.5999984741211	77.69999694824219	40000.0	2018/12/06 
2018/12/07 	78.80000305175781	83.0999984741211	78.80000305175781	82.19999694824219	147103.0	2018/12/07 
2018/12/10 	81.69999694824219	86.5	80.5	82.0	178003.0	2018/12/10 
2018/12/11 	80.5	83.0	80.5	81.9000015258789	38104.0	2018/12/11 
2018/12/12 	82.4000015258789	87.30000305175781	82.0	87.0	159177.0	2018/12/12 
2018/12/13 	87.0	89.9000015258789	86.5	87.80000305175781	149013.0	2018/12/13 
2018/12/14 	88.0999984741211	88.5	86.0999984741211	87.4000015258789	49310.0	2018/12/14 
2018/12/17 	87.4000015258789	89.0	86.9000015258789	89.0	82030.0	2018/12/17 
2018/12/18 	89.0999984741211	92.0	88.9000015258789	90.9000015258789	266065.0	2018/12/18 
2018/12/19 	91.5999984741211	94.80000305175781	91.0	91.5999984741211	212170.0	2018/12/19 
2018/12/20 	91.5	93.0	86.80000305175781	87.80000305175781	191001.0	2018/12/20 
2018/12/21 	88.9000015258789	90.5999984741211	87.5	90.0999984741211	115000.0	2018/12/21 
2018/12/24 	91.69999694824219	93.4000015258789	91.0999984741211	92.9000015258789	123601.0	2018/12/24 
2018/12/25 	90.69999694824219	91.4000015258789	88.69999694824219	89.80000305175781	75000.0	2018/12/25 
2018/12/26 	89.0999984741211	90.69999694824219	88.0	88.0	61055.0	2018/12/26 
2018/12/27 	90.5999984741211	90.69999694824219	87.80000305175781	88.0999984741211	90030.0	2018/12/27 
2018/12/28 	88.19999694824219	89.80000305175781	88.19999694824219	89.5999984741211	39000.0	2018/12/28 
2019/01/02 	89.5999984741211	90.5	89.5999984741211	89.5999984741211	27002.0	2019/01/02 
2019/01/03 	90.0	90.0	88.19999694824219	88.19999694824219	12147.0	2019/01/03 
2019/01/04 	85.19999694824219	86.5	84.0	84.9000015258789	98012.0	2019/01/04 
2019/01/07 	90.5999984741211	91.30000305175781	88.19999694824219	90.30000305175781	224020.0	2019/01/07 
2019/01/08 	91.0	91.0999984741211	89.19999694824219	89.19999694824219	52000.0	2019/01/08 
2019/01/09 	89.80000305175781	90.0	88.80000305175781	88.80000305175781	66000.0	2019/01/09 
2019/01/10 	91.0	92.30000305175781	90.0999984741211	90.69999694824219	157000.0	2019/01/10 
2019/01/11 	91.0999984741211	92.5	90.0	90.69999694824219	94150.0	2019/01/11 
2019/01/14 	91.5	97.80000305175781	91.5	96.5999984741211	520270.0	2019/01/14 
2019/01/15 	97.80000305175781	101.5	95.0	95.0	769000.0	2019/01/15 
2019/01/16 	94.5	96.0	93.30000305175781	93.5	256000.0	2019/01/16 
2019/01/17 	94.0	94.5999984741211	92.0999984741211	92.5	185000.0	2019/01/17 
2019/01/18 	92.5999984741211	94.0	90.19999694824219	91.0999984741211	198050.0	2019/01/18 
2019/01/21 	93.30000305175781	93.30000305175781	90.30000305175781	91.5999984741211	138030.0	2019/01/21 
2019/01/22 	91.5999984741211	91.5999984741211	90.0	90.0	71138.0	2019/01/22 
2019/01/23 	89.5	91.19999694824219	87.4000015258789	87.69999694824219	248032.0	2019/01/23 
2019/01/24 	88.0	92.9000015258789	87.69999694824219	92.4000015258789	461120.0	2019/01/24 
2019/01/25 	94.80000305175781	95.5	93.0	93.0	606063.0	2019/01/25 
2019/01/28 	93.0999984741211	93.80000305175781	89.9000015258789	90.5999984741211	289097.0	2019/01/28 
2019/01/29 	91.5	93.4000015258789	91.30000305175781	92.30000305175781	186000.0	2019/01/29 
2019/01/30 	92.30000305175781	92.5	91.30000305175781	91.5	96024.0	2019/01/30 
2019/02/11 	93.5	93.5	91.80000305175781	92.5	176000.0	2019/02/11 
2019/02/12 	93.19999694824219	94.5999984741211	92.69999694824219	93.69999694824219	146003.0	2019/02/12 
2019/02/13 	94.0	94.0	92.0999984741211	92.9000015258789	122000.0	2019/02/13 
2019/02/14 	92.5	93.30000305175781	92.30000305175781	92.4000015258789	67000.0	2019/02/14 
2019/02/15 	92.4000015258789	92.69999694824219	92.30000305175781	92.5999984741211	69000.0	2019/02/15 
2019/02/18 	92.69999694824219	92.69999694824219	90.5999984741211	91.0	218030.0	2019/02/18 
2019/02/19 	91.5	92.69999694824219	91.0	91.30000305175781	75009.0	2019/02/19 
2019/02/20 	91.4000015258789	92.4000015258789	91.0	91.19999694824219	77000.0	2019/02/20 
2019/02/21 	92.0	92.30000305175781	90.80000305175781	91.5999984741211	141000.0	2019/02/21 
2019/02/22 	91.5999984741211	93.80000305175781	91.5999984741211	92.19999694824219	161000.0	2019/02/22 
2019/02/25 	93.19999694824219	94.5999984741211	92.30000305175781	93.30000305175781	192000.0	2019/02/25 
2019/02/26 	94.0999984741211	94.0999984741211	91.80000305175781	91.9000015258789	102000.0	2019/02/26 
2019/02/27 	92.19999694824219	92.19999694824219	90.80000305175781	91.19999694824219	55000.0	2019/02/27 
2019/03/04 	91.30000305175781	91.4000015258789	90.5	90.5999984741211	62000.0	2019/03/04 
2019/03/05 	90.5	90.80000305175781	90.0	90.80000305175781	49211.0	2019/03/05 
2019/03/06 	90.5	91.0	90.30000305175781	90.69999694824219	32000.0	2019/03/06 
2019/03/07 	90.9000015258789	91.0	89.5999984741211	89.9000015258789	99000.0	2019/03/07 
2019/03/08 	90.0	92.4000015258789	90.0	92.4000015258789	110000.0	2019/03/08 
2019/03/11 	92.80000305175781	93.5999984741211	92.80000305175781	93.5	131000.0	2019/03/11 
2019/03/12 	94.0999984741211	97.80000305175781	94.0999984741211	96.80000305175781	514037.0	2019/03/12 
2019/03/13 	98.5999984741211	100.5	97.9000015258789	99.0	450126.0	2019/03/13 
2019/03/14 	100.0	101.0	97.9000015258789	99.4000015258789	369069.0	2019/03/14 
2019/03/15 	102.0	109.0	102.0	109.0	1066194.0	2019/03/15 
2019/03/18 	114.5	119.5	112.0	117.5	2115468.0	2019/03/18 
2019/03/19 	116.0	126.5	114.0	116.5	1778260.0	2019/03/19 
2019/03/20 	120.0	122.5	118.0	119.0	1131376.0	2019/03/20 
2019/03/21 	120.5	125.0	117.5	120.5	1284220.0	2019/03/21 
2019/03/22 	124.0	132.0	122.5	125.5	2433671.0	2019/03/22 
2019/03/25 	123.0	128.5	122.5	125.5	973200.0	2019/03/25 
2019/03/26 	126.5	128.0	120.0	120.0	930486.0	2019/03/26 
2019/03/27 	122.0	126.5	117.5	122.5	696000.0	2019/03/27 
2019/03/28 	122.5	123.5	120.0	123.5	303220.0	2019/03/28 
2019/03/29 	126.0	126.0	118.0	118.0	609380.0	2019/03/29 
2019/04/01 	119.0	120.0	115.5	116.0	411000.0	2019/04/01 
2019/04/02 	117.0	121.5	117.0	121.0	372315.0	2019/04/02 
2019/04/03 	120.5	123.5	119.0	121.0	564000.0	2019/04/03 
2019/04/08 	123.5	125.5	121.0	124.0	685400.0	2019/04/08 
2019/04/09 	125.0	126.5	120.0	120.0	604000.0	2019/04/09 
2019/04/10 	119.5	123.0	119.0	122.0	242118.0	2019/04/10 
2019/04/11 	123.0	123.0	118.5	119.5	225150.0	2019/04/11 
2019/04/12 	119.5	121.0	119.0	119.5	97018.0	2019/04/12 
2019/04/15 	120.5	124.0	119.5	124.0	322246.0	2019/04/15 
2019/04/16 	124.5	130.5	119.0	119.5	1267101.0	2019/04/16 
2019/04/17 	120.5	121.0	111.5	116.0	1034030.0	2019/04/17 
2019/04/18 	116.0	117.0	109.5	109.5	875069.0	2019/04/18 
2019/04/19 	112.0	112.5	106.5	107.5	634150.0	2019/04/19 
2019/04/22 	109.0	110.5	107.5	109.5	473231.0	2019/04/22 
2019/04/23 	113.0	115.0	111.0	115.0	677129.0	2019/04/23 
2019/04/24 	113.5	114.0	111.5	112.5	224036.0	2019/04/24 
2019/04/25 	112.5	113.5	111.0	113.0	135022.0	2019/04/25 
2019/04/26 	113.0	113.0	110.5	110.5	85400.0	2019/04/26 
2019/04/29 	110.0	110.0	106.0	107.0	201177.0	2019/04/29 
2019/04/30 	108.5	108.5	106.0	107.0	108000.0	2019/04/30 
2019/05/02 	107.0	112.0	105.5	112.0	217055.0	2019/05/02 
2019/05/03 	111.5	114.5	111.5	113.5	157000.0	2019/05/03 
2019/05/06 	111.0	112.5	109.5	110.0	157030.0	2019/05/06 
2019/05/07 	110.0	111.0	109.5	109.5	103000.0	2019/05/07 
2019/05/08 	108.0	114.5	108.0	114.0	262070.0	2019/05/08 
2019/05/09 	113.5	113.5	107.0	107.5	217035.0	2019/05/09 
2019/05/10 	109.0	111.5	106.5	107.0	186040.0	2019/05/10 
2019/05/13 	108.0	108.5	100.0	100.5	326240.0	2019/05/13 
2019/05/14 	100.0	100.0	96.5	99.0	248085.0	2019/05/14 
2019/05/15 	101.5	103.0	99.9000015258789	101.5	157627.0	2019/05/15 
2019/05/16 	102.5	102.5	96.5999984741211	97.0	205500.0	2019/05/16 
2019/05/17 	97.0999984741211	99.30000305175781	94.0	94.19999694824219	240255.0	2019/05/17 
2019/05/20 	94.19999694824219	94.19999694824219	91.5	92.0	148167.0	2019/05/20 
2019/05/21 	93.5	98.30000305175781	92.80000305175781	97.30000305175781	171045.0	2019/05/21 
2019/05/22 	98.0999984741211	99.0	95.0999984741211	95.0999984741211	178100.0	2019/05/22 
2019/05/23 	95.69999694824219	95.69999694824219	94.0	94.30000305175781	64000.0	2019/05/23 
2019/05/24 	94.5	98.0999984741211	94.30000305175781	96.9000015258789	110025.0	2019/05/24 
2019/05/27 	98.80000305175781	98.80000305175781	95.4000015258789	95.4000015258789	67000.0	2019/05/27 
2019/05/28 	95.4000015258789	95.69999694824219	94.5999984741211	95.19999694824219	62075.0	2019/05/28 
2019/05/29 	95.19999694824219	95.5999984741211	94.19999694824219	94.30000305175781	36000.0	2019/05/29 
2019/05/30 	94.0	95.4000015258789	93.9000015258789	94.9000015258789	36000.0	2019/05/30 
2019/05/31 	95.0	98.0	95.0	96.9000015258789	84010.0	2019/05/31 
2019/06/03 	95.19999694824219	95.80000305175781	94.19999694824219	95.5	40000.0	2019/06/03 
2019/06/04 	95.0999984741211	95.0999984741211	94.0999984741211	94.0999984741211	41000.0	2019/06/04 
2019/06/05 	95.5	96.5999984741211	94.5999984741211	96.5	59000.0	2019/06/05 
2019/06/06 	96.5	96.80000305175781	94.5	94.69999694824219	52100.0	2019/06/06 
2019/06/10 	96.5	96.9000015258789	95.0	95.0	57000.0	2019/06/10 
2019/06/11 	96.0	97.5	95.5	96.4000015258789	84000.0	2019/06/11 
2019/06/12 	96.5	96.69999694824219	95.69999694824219	95.69999694824219	40000.0	2019/06/12 
2019/06/13 	95.69999694824219	96.69999694824219	95.30000305175781	95.30000305175781	28500.0	2019/06/13 
2019/06/14 	95.4000015258789	96.0	95.0	95.0	22100.0	2019/06/14 
2019/06/17 	95.0	95.0	94.19999694824219	94.19999694824219	46200.0	2019/06/17 
2019/06/18 	93.80000305175781	94.80000305175781	93.80000305175781	94.5	26000.0	2019/06/18 
2019/06/19 	95.30000305175781	97.0	94.69999694824219	96.80000305175781	72100.0	2019/06/19 
2019/06/20 	96.19999694824219	99.4000015258789	96.19999694824219	98.5	128105.0	2019/06/20 
2019/06/21 	98.30000305175781	99.30000305175781	98.0	98.0	85000.0	2019/06/21 
2019/06/24 	97.30000305175781	98.19999694824219	97.30000305175781	98.19999694824219	21000.0	2019/06/24 
2019/06/25 	98.0	98.0	97.4000015258789	97.4000015258789	21000.0	2019/06/25 
2019/06/26 	97.19999694824219	97.19999694824219	96.0999984741211	96.19999694824219	24000.0	2019/06/26 
2019/06/27 	96.5	97.5999984741211	96.5	97.0999984741211	24000.0	2019/06/27 
2019/06/28 	96.5999984741211	96.5999984741211	95.5	96.0	45000.0	2019/06/28 
2019/07/01 	98.5	99.9000015258789	98.4000015258789	99.9000015258789	181000.0	2019/07/01 
2019/07/02 	100.0	102.0	99.9000015258789	100.5	102000.0	2019/07/02 
2019/07/03 	100.5	100.5	99.19999694824219	99.5	61000.0	2019/07/03 
2019/07/04 	99.80000305175781	100.5	99.5	99.80000305175781	77000.0	2019/07/04 
2019/07/05 	101.0	101.0	100.0	101.0	82150.0	2019/07/05 
2019/07/08 	105.0	111.0	105.0	111.0	664780.0	2019/07/08 
2019/07/09 	112.0	112.5	109.0	111.5	541325.0	2019/07/09 
2019/07/10 	111.5	114.5	109.0	109.5	426000.0	2019/07/10 
2019/07/11 	110.0	111.5	108.5	108.5	187000.0	2019/07/11 
2019/07/12 	111.0	114.0	109.0	113.0	471655.0	2019/07/12 
2019/07/15 	113.0	113.0	110.5	110.5	188250.0	2019/07/15 
2019/07/16 	111.0	111.0	109.0	110.0	125030.0	2019/07/16 
2019/07/17 	109.5	110.5	109.5	110.5	43090.0	2019/07/17 
2019/07/18 	110.5	112.0	109.5	110.0	131335.0	2019/07/18 
2019/07/19 	111.0	116.0	110.5	112.0	543500.0	2019/07/19 
2019/07/22 	112.5	115.0	112.0	115.0	278260.0	2019/07/22 
2019/07/23 	114.5	116.0	111.5	111.5	303011.0	2019/07/23 
2019/07/24 	112.5	113.0	111.5	111.5	94000.0	2019/07/24 
2019/07/25 	112.5	113.0	111.5	112.5	74250.0	2019/07/25 
2019/07/26 	112.5	113.5	111.5	113.5	61078.0	2019/07/26 
2019/07/29 	113.5	113.5	110.5	110.5	71000.0	2019/07/29 
2019/07/30 	111.0	111.5	105.5	106.0	270093.0	2019/07/30 
2019/07/31 	106.0	111.0	105.0	109.0	198200.0	2019/07/31 
2019/08/01 	108.0	116.0	108.0	114.5	664109.0	2019/08/01 
2019/08/02 	111.5	113.0	109.0	109.5	454119.0	2019/08/02 
2019/08/05 	109.0	110.0	106.5	107.5	119060.0	2019/08/05 
2019/08/06 	103.0	116.5	101.0	116.0	856313.0	2019/08/06 
2019/08/07 	115.0	115.5	111.5	113.0	446105.0	2019/08/07 
2019/08/08 	113.5	115.5	111.5	115.5	827000.0	2019/08/08 
2019/08/12 	115.0	115.5	112.0	112.5	311010.0	2019/08/12 
2019/08/13 	110.0	110.5	106.5	107.0	293010.0	2019/08/13 
2019/08/14 	110.0	111.0	108.5	108.5	181001.0	2019/08/14 
2019/08/15 	105.0	108.0	104.5	107.5	152000.0	2019/08/15 
2019/08/16 	108.5	115.5	108.0	115.0	600119.0	2019/08/16 
2019/08/19 	119.5	126.5	118.5	126.5	3049775.0	2019/08/19 
2019/08/20 	129.0	134.5	124.5	126.5	3562367.0	2019/08/20 
2019/08/21 	128.0	139.0	128.0	139.0	3088054.0	2019/08/21 
2019/08/22 	141.0	142.5	137.0	138.5	2415571.0	2019/08/22 
2019/08/23 	142.0	145.5	134.0	135.5	2246031.0	2019/08/23 
2019/08/26 	131.5	133.0	127.0	127.0	1109020.0	2019/08/26 
2019/08/27 	130.0	136.5	129.0	131.5	928141.0	2019/08/27 
2019/08/28 	130.0	132.5	128.0	130.5	541200.0	2019/08/28 
2019/08/29 	132.5	135.5	130.5	131.0	1022220.0	2019/08/29 
2019/08/30 	132.0	133.0	125.5	126.5	656142.0	2019/08/30 
2019/09/02 	128.0	131.5	127.0	131.5	483100.0	2019/09/02 
2019/09/03 	136.5	140.0	133.5	135.0	2379143.0	2019/09/03 
2019/09/04 	135.0	136.5	132.5	135.0	554000.0	2019/09/04 
2019/09/05 	137.0	137.5	134.0	136.0	566500.0	2019/09/05 
2019/09/06 	138.5	142.0	138.0	142.0	1847169.0	2019/09/06 
2019/09/09 						2019/09/09 
2019/09/10 	136.0	136.0	130.0	131.0	518439.0	2019/09/10 
2019/09/11 	132.5	133.5	131.0	131.5	354650.0	2019/09/11 
2019/09/12 	132.0	132.5	126.0	127.5	608201.0	2019/09/12 
2019/09/16 	127.5	128.0	119.0	120.0	922966.0	2019/09/16 
2019/09/17 	121.5	125.0	121.5	123.5	426150.0	2019/09/17 
2019/09/18 	122.0	124.0	122.0	123.5	160500.0	2019/09/18 
2019/09/19 	125.0	128.0	124.5	127.5	484370.0	2019/09/19 
2019/09/20 	126.5	129.5	125.0	128.0	302467.0	2019/09/20 
2019/09/23 	130.0	130.0	126.0	126.0	257219.0	2019/09/23 
2019/09/24 	126.0	127.0	124.5	127.0	191102.0	2019/09/24 
2019/09/25 	128.0	128.0	125.5	126.5	169100.0	2019/09/25 
2019/09/26 	127.0	128.0	125.5	127.0	188000.0	2019/09/26 
2019/09/27 	128.0	128.0	124.5	127.0	204393.0	2019/09/27 
2019/10/01 	127.0	132.5	127.0	128.0	617000.0	2019/10/01 
2019/10/02 	127.0	127.0	124.0	124.5	351815.0	2019/10/02 
2019/10/03 	123.0	125.5	123.0	124.5	179050.0	2019/10/03 
2019/10/04 	126.5	131.0	125.5	131.0	745150.0	2019/10/04 
2019/10/07 	133.0	133.5	129.0	129.5	591076.0	2019/10/07 
2019/10/08 	130.0	130.0	126.0	126.0	250300.0	2019/10/08 
2019/10/09 	122.0	123.0	119.0	120.0	629396.0	2019/10/09 
2019/10/14 	122.0	122.5	114.5	116.5	606500.0	2019/10/14 
2019/10/15 	117.0	117.0	115.0	115.0	271265.0	2019/10/15 
2019/10/16 	116.0	117.5	112.0	112.0	512576.0	2019/10/16 
2019/10/17 	111.5	113.5	110.0	113.5	432000.0	2019/10/17 
2019/10/18 	113.5	114.0	112.0	113.0	155500.0	2019/10/18 
2019/10/21 	114.5	116.5	114.0	115.0	228500.0	2019/10/21 
2019/10/22 	115.0	116.0	112.5	113.5	270410.0	2019/10/22 
2019/10/23 	113.5	114.0	111.0	111.5	225200.0	2019/10/23 
2019/10/24 	111.5	113.0	111.5	113.0	127230.0	2019/10/24 
2019/10/25 	113.0	113.0	112.0	112.0	155430.0	2019/10/25 
2019/10/28 	112.0	112.5	111.5	112.0	145500.0	2019/10/28 
2019/10/29 	112.5	114.0	111.5	113.0	193181.0	2019/10/29 
2019/10/30 	112.5	113.0	112.0	112.0	99490.0	2019/10/30 
2019/10/31 	112.5	113.5	112.0	113.0	124000.0	2019/10/31 
2019/11/01 	113.0	116.5	112.5	116.5	321533.0	2019/11/01 
2019/11/04 	117.0	117.5	115.5	116.0	240410.0	2019/11/04 
2019/11/05 	117.5	118.0	116.0	117.0	177063.0	2019/11/05 
2019/11/06 	117.0	117.0	115.5	117.0	290183.0	2019/11/06 
2019/11/07 	120.5	121.5	117.0	117.0	648540.0	2019/11/07 
2019/11/08 	118.5	118.5	116.0	117.5	135710.0	2019/11/08 
2019/11/11 	116.0	116.0	112.5	113.5	255044.0	2019/11/11 
2019/11/12 	113.5	113.5	112.5	113.5	88100.0	2019/11/12 
2019/11/13 	113.5	115.5	113.0	113.5	96120.0	2019/11/13 
2019/11/14 	113.5	113.5	112.0	113.0	82000.0	2019/11/14 
2019/11/15 	113.0	113.5	113.0	113.0	70100.0	2019/11/15 
2019/11/18 	113.5	113.5	112.5	113.5	78010.0	2019/11/18 
2019/11/19 	113.5	113.5	112.5	113.0	86000.0	2019/11/19 
2019/11/20 	112.5	113.0	111.0	111.0	124250.0	2019/11/20 
2019/11/21 	111.0	111.0	108.5	109.0	198171.0	2019/11/21 
2019/11/22 	109.5	109.5	106.0	107.0	263078.0	2019/11/22 
2019/11/25 	107.5	111.0	107.5	110.0	220100.0	2019/11/25 
2019/11/26 	111.0	111.0	109.5	109.5	143100.0	2019/11/26 
2019/11/27 	110.0	110.0	108.0	108.0	146100.0	2019/11/27 
2019/11/28 	108.0	111.5	108.0	109.5	196100.0	2019/11/28 
2019/11/29 	109.5	109.5	107.5	108.0	89523.0	2019/11/29 
2019/12/02 	108.5	108.5	102.5	103.0	369150.0	2019/12/02 
2019/12/03 	102.5	104.5	102.5	104.0	152100.0	2019/12/03 
2019/12/04 	104.5	104.5	102.5	102.5	80060.0	2019/12/04 
2019/12/05 	103.0	105.0	103.0	103.5	145100.0	2019/12/05 
2019/12/06 	104.5	105.5	103.5	105.5	153050.0	2019/12/06 
2019/12/09 	106.0	106.0	103.5	104.0	79100.0	2019/12/09 
2019/12/10 	105.0	106.5	104.0	105.5	151012.0	2019/12/10 
2019/12/11 	105.5	105.5	104.5	105.5	78000.0	2019/12/11 
2019/12/12 	105.5	105.5	104.0	104.5	88050.0	2019/12/12 
2019/12/13 	105.5	106.0	104.5	106.0	129452.0	2019/12/13 
2019/12/16 	106.0	108.0	105.5	108.0	733.0	2019/12/16 
2019/12/17 	108.5	109.5	107.0	107.5	140250.0	2019/12/17 
2019/12/18 	106.5	106.5	105.0	106.0	102200.0	2019/12/18 
2019/12/19 	105.5	106.0	105.0	105.5	44000.0	2019/12/19 
2019/12/20 	105.0	105.0	104.0	104.0	124100.0	2019/12/20 
2019/12/23 	105.0	105.0	103.0	104.0	87050.0	2019/12/23 
2019/12/24 	104.0	104.0	103.0	103.5	102028.0	2019/12/24 
2019/12/25 	103.5	105.0	103.5	104.0	92000.0	2019/12/25 
2019/12/26 	104.5	105.0	103.5	104.0	127130.0	2019/12/26 
2019/12/27 	104.5	110.5	103.0	109.5	653352.0	2019/12/27 
2019/12/30 	110.0	110.5	108.5	108.5	183100.0	2019/12/30 
2019/12/31 	108.5	109.0	107.5	108.0	87060.0	2019/12/31 
2020/01/02 	109.5	109.5	108.0	109.0	95273.0	2020/01/02 
2020/01/03 	109.5	109.5	105.0	106.5	161740.0	2020/01/03 
2020/01/06 	105.5	105.5	103.5	104.5	108712.0	2020/01/06 
2020/01/07 	105.0	105.5	103.5	103.5	113800.0	2020/01/07 
2020/01/08 	103.0	104.5	102.5	103.5	95012.0	2020/01/08 
2020/01/09 	105.0	106.0	104.0	106.0	134000.0	2020/01/09 
2020/01/10 	107.0	107.0	105.0	106.5	125751.0	2020/01/10 
2020/01/13 	106.5	107.0	106.0	106.5	84000.0	2020/01/13 
2020/01/14 	106.5	111.5	106.5	111.0	300520.0	2020/01/14 
2020/01/15 	112.5	114.5	109.5	109.5	732450.0	2020/01/15 
2020/01/16 	109.0	110.0	108.5	109.5	210000.0	2020/01/16 
2020/01/17 	110.0	110.0	107.5	108.0	140150.0	2020/01/17 
2020/01/20 	108.5	110.0	108.0	108.0	128500.0	2020/01/20 
2020/01/30 	100.0	100.0	97.19999694824219	97.19999694824219	328172.0	2020/01/30 
2020/01/31 	96.19999694824219	98.4000015258789	92.69999694824219	93.9000015258789	326060.0	2020/01/31 
2020/02/03 	92.0	92.0	84.5999984741211	90.9000015258789	305090.0	2020/02/03 
2020/02/04 	106.0	106.0	93.30000305175781	93.30000305175781	122300.0	2020/02/04 
2020/02/05 	93.30000305175781	93.5999984741211	92.0	92.0	106075.0	2020/02/05 
2020/02/06 	92.9000015258789	98.0	92.5999984741211	96.0	155090.0	2020/02/06 
2020/02/07 	94.19999694824219	95.5	93.4000015258789	93.69999694824219	161570.0	2020/02/07 
2020/02/10 	91.80000305175781	93.0	91.69999694824219	92.4000015258789	94313.0	2020/02/10 
2020/02/11 	94.0	95.80000305175781	93.5	95.0	139202.0	2020/02/11 
2020/02/12 	95.0	97.5999984741211	94.4000015258789	96.30000305175781	107200.0	2020/02/12 
2020/02/13 	97.19999694824219	97.80000305175781	96.4000015258789	96.4000015258789	152163.0	2020/02/13 
2020/02/14 	97.69999694824219	98.80000305175781	96.5999984741211	98.30000305175781	140300.0	2020/02/14 
2020/02/17 	97.80000305175781	99.30000305175781	97.19999694824219	99.30000305175781	174000.0	2020/02/17 
2020/02/18 	100.0	100.5	98.0999984741211	99.19999694824219	121000.0	2020/02/18 
2020/02/19 	99.19999694824219	99.30000305175781	97.80000305175781	98.5999984741211	89300.0	2020/02/19 
2020/02/20 	99.19999694824219	99.19999694824219	97.0999984741211	97.9000015258789	99000.0	2020/02/20 
2020/02/21 	97.5	97.69999694824219	96.0	96.80000305175781	83000.0	2020/02/21 
2020/02/24 	95.9000015258789	95.9000015258789	93.5999984741211	94.5	85062.0	2020/02/24 
2020/02/25 	91.5	94.69999694824219	91.5	94.0999984741211	48138.0	2020/02/25 
2020/02/26 	94.0	95.30000305175781	93.19999694824219	94.30000305175781	60000.0	2020/02/26 
2020/02/27 	94.30000305175781	94.9000015258789	91.19999694824219	91.5	116300.0	2020/02/27 
2020/03/02 	90.0	92.5999984741211	88.80000305175781	91.9000015258789	157000.0	2020/03/02 
2020/03/03 	93.5999984741211	94.80000305175781	93.19999694824219	93.19999694824219	71100.0	2020/03/03 
2020/03/04 	92.30000305175781	93.0999984741211	91.69999694824219	92.4000015258789	49000.0	2020/03/04 
2020/03/05 	93.0999984741211	93.80000305175781	92.9000015258789	93.19999694824219	51000.0	2020/03/05 
2020/03/06 	92.9000015258789	92.9000015258789	91.30000305175781	91.4000015258789	72200.0	2020/03/06 
2020/03/09 	90.19999694824219	90.19999694824219	87.5	87.69999694824219	145000.0	2020/03/09 
2020/03/10 	81.0999984741211	87.69999694824219	81.0999984741211	87.69999694824219	257150.0	2020/03/10 
2020/03/11 	87.80000305175781	88.5	87.0999984741211	87.0999984741211	64140.0	2020/03/11 
2020/03/12 	84.5	84.5	79.0	79.0	317015.0	2020/03/12 
2020/03/13 	74.0	75.5999984741211	72.0	75.5999984741211	323000.0	2020/03/13 
2020/03/16 	75.5999984741211	75.5999984741211	69.0	69.4000015258789	202200.0	2020/03/16 
2020/03/17 	66.0999984741211	69.0	65.4000015258789	66.0	189175.0	2020/03/17 
2020/03/18 	67.19999694824219	69.69999694824219	66.69999694824219	66.69999694824219	149030.0	2020/03/18 
2020/03/19 	64.5999984741211	65.0	60.20000076293945	61.0	367796.0	2020/03/19 
2020/03/20 	64.0999984741211	67.0999984741211	64.0999984741211	67.0999984741211	134000.0	2020/03/20 
2020/03/23 	64.69999694824219	72.0	64.5	71.80000305175781	212310.0	2020/03/23 
2020/03/24 	72.0	74.0999984741211	72.0	73.0	143062.0	2020/03/24 
2020/03/25 	74.5	77.0	74.5	75.0	159014.0	2020/03/25 
2020/03/26 	75.0	75.30000305175781	73.30000305175781	75.0999984741211	98300.0	2020/03/26 
2020/03/27 	76.0	76.5	73.30000305175781	73.5	133140.0	2020/03/27 
2020/03/30 	72.0	73.80000305175781	70.5	73.80000305175781	85050.0	2020/03/30 
2020/03/31 	75.5999984741211	75.5999984741211	72.5	72.69999694824219	55191.0	2020/03/31 
2020/04/01 	74.19999694824219	74.19999694824219	72.4000015258789	73.69999694824219	35000.0	2020/04/01 
2020/04/06 	73.0999984741211	75.0	70.0	73.69999694824219	99150.0	2020/04/06 
2020/04/07 	75.30000305175781	76.5999984741211	75.0	76.30000305175781	129000.0	2020/04/07 
2020/04/08 	76.30000305175781	83.9000015258789	76.30000305175781	83.9000015258789	291100.0	2020/04/08 
2020/04/09 	84.5999984741211	89.9000015258789	84.5999984741211	86.4000015258789	431648.0	2020/04/09 
2020/04/10 	87.0	87.0	85.0	85.5999984741211	140000.0	2020/04/10 
2020/04/13 	86.0	86.0	83.0	83.9000015258789	82016.0	2020/04/13 
2020/04/14 	85.19999694824219	89.19999694824219	84.80000305175781	88.0	186200.0	2020/04/14 
2020/04/15 	88.69999694824219	88.69999694824219	86.5	87.0	160010.0	2020/04/15 
2020/04/16 	86.19999694824219	87.4000015258789	85.5	86.5999984741211	92510.0	2020/04/16 
2020/04/17 	88.0	89.5999984741211	85.69999694824219	85.69999694824219	140160.0	2020/04/17 
2020/04/20 	86.0	90.5	85.5	89.5999984741211	269227.0	2020/04/20 
2020/04/21 	89.19999694824219	91.0	85.5999984741211	86.80000305175781	259000.0	2020/04/21 
2020/04/22 	85.19999694824219	87.5	85.0	87.0999984741211	56035.0	2020/04/22 
2020/04/23 	87.69999694824219	87.9000015258789	86.0	87.0	39004.0	2020/04/23 
2020/04/24 	87.5	87.5	86.5	87.0999984741211	34001.0	2020/04/24 
2020/04/27 	87.5999984741211	89.5	87.5	88.30000305175781	129105.0	2020/04/27 
2020/04/28 	88.9000015258789	91.5999984741211	88.9000015258789	90.30000305175781	169012.0	2020/04/28 
2020/04/29 	94.5	97.9000015258789	93.80000305175781	96.0	577262.0	2020/04/29 
2020/04/30 	96.80000305175781	99.9000015258789	96.80000305175781	97.9000015258789	375334.0	2020/04/30 
2020/05/04 	95.69999694824219	98.4000015258789	95.69999694824219	97.69999694824219	147000.0	2020/05/04 
2020/05/05 	98.0	99.30000305175781	97.19999694824219	97.9000015258789	107001.0	2020/05/05 
2020/05/06 	98.30000305175781	98.5	97.19999694824219	97.5999984741211	69000.0	2020/05/06 
2020/05/07 	97.5999984741211	101.5	97.5999984741211	99.80000305175781	201100.0	2020/05/07 
2020/05/08 	100.5	102.0	100.0	101.0	138250.0	2020/05/08 
2020/05/11 	110.5	110.5	104.0	105.5	584900.0	2020/05/11 
2020/05/12 	105.0	106.5	102.5	103.5	217107.0	2020/05/12 
2020/05/13 	103.5	106.0	102.0	105.5	144200.0	2020/05/13 
2020/05/14 	104.0	106.0	100.0	100.0	246145.0	2020/05/14 
2020/05/15 	102.0	103.0	98.0999984741211	100.5	169000.0	2020/05/15 
2020/05/18 	101.0	101.5	99.4000015258789	99.5	92200.0	2020/05/18 
2020/05/19 	101.5	101.5	101.0	101.0	80160.0	2020/05/19 
2020/05/20 	101.5	105.0	101.5	103.0	151000.0	2020/05/20 
2020/05/21 	102.5	106.0	102.5	103.5	201000.0	2020/05/21 
2020/05/22 	104.0	104.0	102.5	104.0	86203.0	2020/05/22 
2020/05/25 	104.5	104.5	103.0	104.5	71204.0	2020/05/25 
2020/05/26 	105.0	109.0	104.0	106.0	264080.0	2020/05/26 
2020/05/27 	107.5	107.5	105.0	105.5	109168.0	2020/05/27 
2020/05/28 	106.0	107.5	104.0	104.0	114050.0	2020/05/28 
2020/05/29 	104.0	104.0	103.0	104.0	57102.0	2020/05/29 
2020/06/01 	104.0	109.5	104.0	109.0	281120.0	2020/06/01 
2020/06/02 	110.0	111.5	106.0	106.5	271376.0	2020/06/02 
2020/06/03 	109.0	112.0	107.5	111.0	402591.0	2020/06/03 
2020/06/04 	112.0	114.5	109.5	111.0	427094.0	2020/06/04 
2020/06/05 	111.0	113.5	110.5	112.5	191150.0	2020/06/05 
2020/06/08 	114.5	116.0	112.5	114.5	383100.0	2020/06/08 
2020/06/09 	118.0	118.0	112.0	112.5	669670.0	2020/06/09 
2020/06/10 	113.0	113.5	109.5	110.5	449030.0	2020/06/10 
2020/06/11 	112.0	116.0	110.5	111.5	458102.0	2020/06/11 
2020/06/12 	108.0	111.0	106.5	110.0	308200.0	2020/06/12 
2020/06/15 	110.5	112.5	107.0	109.5	224080.0	2020/06/15 
2020/06/16 	111.0	112.5	111.0	112.0	146393.0	2020/06/16 
2020/06/17 	113.0	113.0	111.0	112.5	147140.0	2020/06/17 
2020/06/18 	113.5	116.0	112.5	114.5	307223.0	2020/06/18 
2020/06/19 	115.0	117.0	114.0	114.5	278005.0	2020/06/19 
2020/06/22 	116.0	119.0	116.0	119.0	706395.0	2020/06/22 
2020/06/23 	119.0	120.0	116.5	117.0	385000.0	2020/06/23 
2020/06/24 	118.0	121.0	117.0	120.0	350143.0	2020/06/24 
2020/06/29 	119.0	120.5	117.0	117.0	294325.0	2020/06/29 
2020/06/30 	118.0	119.0	117.0	118.0	110010.0	2020/06/30 
2020/07/01 	118.5	121.0	118.5	119.0	175005.0	2020/07/01 
2020/07/02 	120.0	121.0	118.0	118.5	309050.0	2020/07/02 
2020/07/03 	121.5	124.0	120.0	121.5	367458.0	2020/07/03 
2020/07/06 	123.0	133.5	122.0	133.0	1583572.0	2020/07/06 
2020/07/07 	135.0	135.5	129.0	134.0	1221919.0	2020/07/07 
2020/07/08 	132.0	137.0	130.5	133.5	1592825.0	2020/07/08 
2020/07/09 	136.0	136.0	128.0	129.5	778200.0	2020/07/09 
2020/07/10 	129.5	129.5	123.0	124.0	598286.0	2020/07/10 
2020/07/13 	126.5	127.5	125.0	127.5	292200.0	2020/07/13 
2020/07/14 	128.5	128.5	125.0	125.0	301200.0	2020/07/14 
2020/07/15 	126.0	126.5	123.5	125.0	286250.0	2020/07/15 
2020/07/16 	126.5	126.5	124.5	125.0	187100.0	2020/07/16 
2020/07/17 	127.0	133.0	126.0	128.5	1290206.0	2020/07/17 
2020/07/20 	127.5	128.5	125.0	127.0	362316.0	2020/07/20 
2020/07/21 	128.5	130.0	127.5	128.0	321168.0	2020/07/21 
2020/07/22 	129.0	131.0	127.0	127.5	345202.0	2020/07/22 
2020/07/23 	128.0	129.0	127.0	128.0	201500.0	2020/07/23 
2020/07/24 	128.0	128.0	124.5	126.0	333405.0	2020/07/24 
2020/07/27 	126.0	126.5	118.5	120.5	582320.0	2020/07/27 
2020/07/28 	122.0	124.5	119.0	120.5	260400.0	2020/07/28 
2020/07/29 	121.5	129.0	121.5	127.5	507258.0	2020/07/29 
2020/07/30 	128.5	131.0	127.5	129.5	485460.0	2020/07/30 
2020/07/31 	129.5	131.5	127.5	131.5	287000.0	2020/07/31 
2020/08/03 	130.5	136.5	130.5	135.5	1099113.0	2020/08/03 
2020/08/04 	139.0	139.0	131.0	132.5	2103730.0	2020/08/04 
2020/08/05 	133.5	139.0	132.0	139.0	1256400.0	2020/08/05 
2020/08/06 	139.0	143.0	135.0	136.0	1339120.0	2020/08/06 
2020/08/07 	138.0	140.0	133.0	133.5	975240.0	2020/08/07 
2020/08/10 	134.0	135.5	132.5	133.0	439315.0	2020/08/10 
2020/08/11 	134.0	138.0	133.0	134.0	567260.0	2020/08/11 
2020/08/12 	135.5	135.5	131.0	132.0	246586.0	2020/08/12 
2020/08/13 	134.0	134.5	132.0	132.0	285006.0	2020/08/13 
2020/08/14 	132.0	136.5	131.5	135.5	529130.0	2020/08/14 
2020/08/17 	135.5	138.5	134.0	135.5	458684.0	2020/08/17 
2020/08/18 	136.0	137.0	131.5	133.0	488297.0	2020/08/18 
2020/08/19 	133.0	141.0	132.5	141.0	1022221.0	2020/08/19 
2020/08/20 	141.5	144.0	127.0	136.5	2493745.0	2020/08/20 
2020/08/21 	137.5	138.0	132.5	134.0	720990.0	2020/08/21 
2020/08/24 	135.0	136.0	127.0	129.0	1014250.0	2020/08/24 
2020/08/25 	130.5	133.0	129.0	131.5	522260.0	2020/08/25 
2020/08/26 	131.5	137.0	131.5	135.0	568010.0	2020/08/26 
2020/08/27 	135.0	135.0	131.5	132.0	282000.0	2020/08/27 
2020/08/28 	132.0	132.0	130.5	132.0	121300.0	2020/08/28 
2020/08/31 	132.5	134.0	132.0	132.0	159000.0	2020/08/31 
2020/09/01 	132.5	133.5	130.5	133.0	114000.0	2020/09/01 
2020/09/02 	133.0	139.0	133.0	137.0	638200.0	2020/09/02 
2020/09/03 	137.5	140.0	135.5	135.5	442050.0	2020/09/03 
2020/09/04 	133.5	135.0	132.0	135.0	339000.0	2020/09/04 
2020/09/07 	135.0	135.0	131.5	132.0	336100.0	2020/09/07 
2020/09/08 	133.0	136.0	131.5	134.5	200370.0	2020/09/08 
2020/09/09 	132.0	133.5	131.0	132.5	358000.0	2020/09/09 
2020/09/10 	135.0	143.0	133.0	133.0	2354653.0	2020/09/10 
2020/09/11 	133.5	135.5	128.5	132.5	640060.0	2020/09/11 
2020/09/14 	131.0	138.5	130.0	136.0	1099060.0	2020/09/14 
2020/09/15 	136.5	142.5	136.0	137.5	1106060.0	2020/09/15 
2020/09/16 	138.5	151.0	138.5	151.0	2309360.0	2020/09/16 
2020/09/17 	155.5	161.5	147.0	149.5	4942691.0	2020/09/17 
2020/09/18 	148.0	151.5	146.0	147.5	1321440.0	2020/09/18 
2020/09/21 	148.0	149.0	139.5	141.0	1224500.0	2020/09/21 
2020/09/22 	140.5	142.5	137.0	139.5	535100.0	2020/09/22 
2020/09/23 	141.0	141.5	136.0	137.0	525004.0	2020/09/23 
2020/09/24 	136.0	138.0	133.5	133.5	506560.0	2020/09/24 
2020/09/25 	135.5	135.5	127.0	129.5	812400.0	2020/09/25 
2020/09/28 	131.5	134.0	130.0	132.0	296200.0	2020/09/28 
2020/09/29 	133.5	133.5	131.5	132.5	173208.0	2020/09/29 
2020/09/30 	133.0	133.5	131.0	133.5	97000.0	2020/09/30 
2020/10/05 	134.5	139.0	134.0	138.5	420190.0	2020/10/05 
2020/10/06 	139.5	147.0	139.5	143.5	1121620.0	2020/10/06 
2020/10/07 	143.5	145.0	142.0	142.5	550090.0	2020/10/07 
2020/10/08 	143.5	147.5	142.0	145.0	720335.0	2020/10/08 
2020/10/12 	146.0	147.0	141.5	142.0	498110.0	2020/10/12 
2020/10/13 	142.5	147.0	142.0	143.5	253050.0	2020/10/13 
2020/10/14 	145.0	145.5	143.5	143.5	187060.0	2020/10/14 
2020/10/15 	144.0	145.5	142.5	144.5	153205.0	2020/10/15 
2020/10/16 	143.5	146.5	141.0	141.0	262283.0	2020/10/16 
2020/10/19 	142.5	142.5	141.0	142.5	130150.0	2020/10/19 
2020/10/20 	142.5	144.5	142.5	144.0	124100.0	2020/10/20 
2020/10/21 	145.0	145.0	143.0	144.5	124185.0	2020/10/21 
2020/10/22 	145.0	148.5	143.0	145.0	870300.0	2020/10/22 
2020/10/23 	145.0	145.5	143.5	145.0	124100.0	2020/10/23 
2020/10/26 	145.0	146.5	144.0	144.5	169200.0	2020/10/26 
2020/10/27 	144.0	146.0	143.5	144.5	126014.0	2020/10/27 
2020/10/28 	144.0	147.5	141.5	144.5	410050.0	2020/10/28 
2020/10/29 	143.0	147.0	139.0	146.5	446000.0	2020/10/29 
2020/10/30 	147.5	147.5	141.0	142.5	229000.0	2020/10/30 
2020/11/02 	143.0	147.0	142.0	144.5	506380.0	2020/11/02 
2020/11/03 	148.0	155.0	146.0	149.5	2040020.0	2020/11/03 
2020/11/04 	150.5	164.0	150.5	164.0	3677100.0	2020/11/04 
2020/11/05 	163.0	163.0	156.0	161.5	1961212.0	2020/11/05 
2020/11/06 	161.5	168.5	161.0	163.5	1798653.0	2020/11/06 
2020/11/09 	163.5	171.0	161.5	171.0	1823564.0	2020/11/09 
2020/11/10 	171.0	171.0	156.0	159.5	2879544.0	2020/11/10 
2020/11/11 	161.5	162.0	156.0	158.5	788380.0	2020/11/11 
2020/11/12 	160.5	162.5	159.0	160.5	559120.0	2020/11/12 
2020/11/13 	161.0	163.5	159.0	160.5	568587.0	2020/11/13 
2020/11/16 	161.5	161.5	154.0	155.5	1193769.0	2020/11/16 
2020/11/17 	156.5	160.0	155.0	158.0	518597.0	2020/11/17 
2020/11/18 	158.5	161.0	158.0	160.0	530094.0	2020/11/18 
2020/11/19 	159.5	160.0	158.0	158.0	365189.0	2020/11/19 
2020/11/20 	158.0	162.0	158.0	160.0	483704.0	2020/11/20 
2020/11/23 	160.0	160.5	158.5	159.0	239498.0	2020/11/23 
2020/11/24 	160.0	160.5	156.0	156.0	444708.0	2020/11/24 
2020/11/25 	156.5	158.5	155.5	156.0	335356.0	2020/11/25 
2020/11/26 	156.0	161.0	156.0	160.5	392665.0	2020/11/26 
2020/11/27 	160.5	161.5	158.0	158.0	223500.0	2020/11/27 
2020/11/30 	158.0	159.5	156.5	157.0	181233.0	2020/11/30 
2020/12/01 	157.0	157.0	152.5	154.5	303656.0	2020/12/01 
2020/12/02 	154.5	155.5	152.0	153.5	320750.0	2020/12/02 
2020/12/03 	153.5	154.5	152.0	154.0	152700.0	2020/12/03 
2020/12/04 	153.5	153.5	152.0	152.5	118060.0	2020/12/04 
2020/12/07 	152.5	153.5	150.5	150.5	205909.0	2020/12/07 
2020/12/08 	150.5	153.5	150.0	153.5	187430.0	2020/12/08 
2020/12/09 	153.5	154.5	150.5	152.5	389050.0	2020/12/09 
2020/12/10 	150.5	151.0	147.0	147.0	747477.0	2020/12/10 
2020/12/11 	146.5	148.5	145.0	145.5	373991.0	2020/12/11 
2020/12/14 	146.5	148.5	146.0	147.0	99209.0	2020/12/14 
2020/12/15 	147.0	148.0	144.0	144.5	191100.0	2020/12/15 
2020/12/16 	146.0	148.5	145.0	147.5	158040.0	2020/12/16 
2020/12/17 	147.5	148.0	145.5	146.5	61000.0	2020/12/17 
2020/12/18 	146.5	147.0	144.5	144.5	104160.0	2020/12/18 
2020/12/21 	144.5	144.5	141.0	143.0	133101.0	2020/12/21 
2020/12/22 	142.5	144.0	139.0	139.5	238290.0	2020/12/22 
2020/12/23 	139.5	141.5	137.5	140.5	135060.0	2020/12/23 
2020/12/24 	140.5	142.5	139.0	139.5	145110.0	2020/12/24 
2020/12/25 	139.0	139.5	138.0	138.5	128400.0	2020/12/25 
2020/12/28 	138.5	139.0	137.0	138.5	206010.0	2020/12/28 
2020/12/29 	138.0	138.5	137.5	137.5	96154.0	2020/12/29 
2020/12/30 	138.0	140.0	138.0	139.5	85200.0	2020/12/30 
2020/12/31 	138.5	139.5	138.0	138.0	70000.0	2020/12/31 
2021/01/04 	139.0	140.0	135.5	136.5	261045.0	2021/01/04 
2021/01/05 	136.5	139.5	136.0	139.0	152200.0	2021/01/05 
2021/01/06 	140.0	143.5	139.5	140.5	372090.0	2021/01/06 
2021/01/07 	141.5	142.0	132.0	134.5	663038.0	2021/01/07 
2021/01/08 	136.5	140.5	136.0	138.0	347000.0	2021/01/08 
2021/01/11 	138.0	140.5	137.5	137.5	185000.0	2021/01/11 
2021/01/12 	138.0	138.5	133.0	133.0	236200.0	2021/01/12 
2021/01/13 	134.5	137.0	134.5	135.5	127000.0	2021/01/13 
2021/01/14 	135.0	136.5	134.5	135.0	102139.0	2021/01/14 
2021/01/15 	136.0	136.5	131.0	131.0	234406.0	2021/01/15 
2021/01/18 	131.5	131.5	127.0	128.5	235150.0	2021/01/18 
2021/01/19 	129.5	134.0	129.5	131.0	216000.0	2021/01/19 
2021/01/20 	132.0	132.0	124.0	125.0	399150.0	2021/01/20 
2021/01/21 	127.5	128.5	124.0	124.5	212200.0	2021/01/21 
2021/01/22 	126.0	128.5	125.5	127.5	133000.0	2021/01/22 
2021/01/25 	127.5	131.5	127.0	130.0	150300.0	2021/01/25 
2021/01/26 	131.0	132.5	127.0	128.0	266090.0	2021/01/26 
2021/01/27 	129.5	130.0	128.0	129.0	75189.0	2021/01/27 
2021/01/28 	128.0	128.5	127.0	127.5	118100.0	2021/01/28 
2021/01/29 	128.0	128.5	125.0	125.5	90050.0	2021/01/29 
2021/02/01 	124.5	125.5	120.5	125.0	109000.0	2021/02/01 
2021/02/02 	124.5	126.0	124.5	125.0	88000.0	2021/02/02 
2021/02/03 	126.5	127.5	125.5	125.5	135000.0	2021/02/03 
2021/02/04 	125.5	126.0	124.5	124.5	62010.0	2021/02/04 
2021/02/05 	126.0	126.0	123.0	124.5	154052.0	2021/02/05 
2021/02/17 	124.5	127.0	124.0	125.5	189646.0	2021/02/17 
2021/02/18 	126.0	130.5	126.0	129.0	218539.0	2021/02/18 
2021/02/19 	128.0	133.5	128.0	133.5	178112.0	2021/02/19 
2021/02/22 	133.5	135.5	132.0	134.0	225100.0	2021/02/22 
2021/02/23 	133.5	135.5	132.5	135.0	194050.0	2021/02/23 
2021/02/24 	136.0	136.0	132.5	132.5	176010.0	2021/02/24 
2021/02/25 	133.5	134.0	132.5	133.5	76104.0	2021/02/25 
2021/02/26 	132.5	133.5	129.0	131.0	155000.0	2021/02/26 
2021/03/02 	133.0	134.0	132.0	132.0	104000.0	2021/03/02 
2021/03/03 	133.0	134.0	130.5	134.0	80010.0	2021/03/03 
2021/03/04 	132.0	133.0	131.0	131.5	109010.0	2021/03/04 
2021/03/05 	131.0	133.5	130.5	131.5	168000.0	2021/03/05 
2021/03/08 	132.0	133.5	130.5	132.0	186000.0	2021/03/08 
2021/03/09 	135.0	145.0	134.0	145.0	1801030.0	2021/03/09 
2021/03/10 	148.5	151.5	145.0	148.0	2385832.0	2021/03/10 
2021/03/11 	149.5	151.0	148.5	149.0	747063.0	2021/03/11 
2021/03/12 	150.5	159.0	150.0	153.0	1272100.0	2021/03/12 
2021/03/15 	154.0	158.0	152.0	152.5	642040.0	2021/03/15 
2021/03/16 	152.5	153.0	149.0	151.5	564230.0	2021/03/16 
2021/03/17 	151.5	154.0	150.0	150.5	304303.0	2021/03/17 
2021/03/18 	153.0	154.0	151.5	153.0	305080.0	2021/03/18 
2021/03/19 	152.0	155.0	152.0	154.0	355020.0	2021/03/19 
2021/03/22 	152.5	155.5	148.5	149.5	761257.0	2021/03/22 
2021/03/23 	150.0	150.5	145.5	146.0	516196.0	2021/03/23 
2021/03/24 	146.5	151.0	146.5	149.0	206173.0	2021/03/24 
2021/03/25 	148.0	149.0	147.0	147.0	111000.0	2021/03/25 
2021/03/26 	148.5	152.5	148.5	152.0	398099.0	2021/03/26 
2021/03/29 	153.0	155.5	152.5	154.5	456100.0	2021/03/29 
2021/03/30 	157.0	158.0	155.5	157.0	390165.0	2021/03/30 
2021/03/31 	157.0	162.5	157.0	162.0	880014.0	2021/03/31 
2021/04/01 	163.0	166.0	159.5	160.0	825000.0	2021/04/01 
2021/04/07 	161.5	162.0	158.5	160.0	482000.0	2021/04/07 
2021/04/08 	162.0	176.0	162.0	173.0	1915069.0	2021/04/08 
2021/04/09 	175.0	178.5	165.5	166.0	1645155.0	2021/04/09 
2021/04/12 	168.5	168.5	162.5	164.0	686070.0	2021/04/12 
2021/04/13 	165.5	166.5	160.0	160.5	628030.0	2021/04/13 
2021/04/14 	162.0	162.0	151.5	155.0	772104.0	2021/04/14 
2021/04/15 	156.0	159.0	155.5	157.0	204000.0	2021/04/15 
2021/04/16 	157.5	161.0	157.0	158.0	239205.0	2021/04/16 
2021/04/19 	156.0	158.0	154.5	154.5	338406.0	2021/04/19 
2021/04/20 	156.0	158.0	154.5	156.5	125020.0	2021/04/20 
2021/04/21 	155.0	158.0	154.5	156.5	140005.0	2021/04/21 
2021/04/22 	158.5	159.0	151.0	152.5	369030.0	2021/04/22 
2021/04/23 	153.5	156.5	152.5	156.5	124050.0	2021/04/23 
2021/04/26 	158.0	158.0	155.0	157.0	198154.0	2021/04/26 
2021/04/27 	158.0	158.0	155.5	156.0	182005.0	2021/04/27 
2021/04/28 	158.5	158.5	156.0	156.5	107000.0	2021/04/28 
2021/04/29 	155.0	156.5	155.0	155.0	157005.0	2021/04/29 
2021/05/03 	155.0	155.0	148.0	149.5	379016.0	2021/05/03 
2021/05/04 	150.5	150.5	140.5	148.0	433000.0	2021/05/04 
2021/05/05 	147.0	150.0	143.5	144.5	197202.0	2021/05/05 
2021/05/06 	144.5	146.5	143.5	143.5	188630.0	2021/05/06 
2021/05/07 	145.0	149.0	144.5	148.5	125029.0	2021/05/07 
2021/05/10 	148.0	148.5	145.5	146.0	116010.0	2021/05/10 
2021/05/11 	140.5	145.0	134.0	136.5	698030.0	2021/05/11 
2021/05/12 	133.5	135.0	123.0	124.5	712022.0	2021/05/12 
2021/05/13 	122.5	132.5	120.0	129.5	361045.0	2021/05/13 
2021/05/14 	133.5	133.5	126.5	127.0	231100.0	2021/05/14 
2021/05/17 	120.0	124.5	117.0	119.0	270166.0	2021/05/17 
2021/05/18 	121.5	129.0	121.5	128.5	179400.0	2021/05/18 
2021/05/19 	125.5	130.5	125.5	130.0	129080.0	2021/05/19 
2021/05/20 	130.0	130.0	126.5	127.0	104050.0	2021/05/20 
2021/05/21 	128.0	131.5	128.0	131.0	121296.0	2021/05/21 
2021/05/24 	128.0	132.0	128.0	132.0	79002.0	2021/05/24 
2021/05/25 	133.0	135.5	132.0	134.0	105015.0	2021/05/25 
2021/05/26 	134.5	135.0	131.5	132.5	87005.0	2021/05/26 
2021/05/27 	132.0	134.0	131.0	131.0	82000.0	2021/05/27 
2021/05/28 	132.0	133.5	132.0	133.0	82000.0	2021/05/28 
2021/05/31 	133.0	135.5	133.0	134.5	138057.0	2021/05/31 
2021/06/01 	134.5	137.5	134.5	137.0	122240.0	2021/06/01 
2021/06/02 	141.0	141.0	134.0	134.0	281032.0	2021/06/02 
2021/06/03 	135.0	136.0	134.5	135.5	58000.0	2021/06/03 
2021/06/04 	134.0	135.0	131.5	133.0	97000.0	2021/06/04 
2021/06/07 	133.0	134.0	131.0	133.5	67000.0	2021/06/07 
2021/06/08 	133.5	134.5	133.0	133.5	69000.0	2021/06/08 
2021/06/09 	134.0	136.0	133.0	135.5	116073.0	2021/06/09 
2021/06/10 	136.5	137.0	135.0	136.5	217000.0	2021/06/10 
2021/06/11 	138.0	138.0	136.5	136.5	68025.0	2021/06/11 
2021/06/15 	136.5	137.0	135.5	136.0	70000.0	2021/06/15 
2021/06/16 	135.5	135.5	134.0	134.5	122000.0	2021/06/16 
2021/06/17 	134.5	138.0	134.5	137.5	142100.0	2021/06/17 
2021/06/18 	138.0	143.0	136.5	142.0	234008.0	2021/06/18 
2021/06/21 	143.0	143.0	139.0	140.0	154002.0	2021/06/21 
2021/06/22 	140.0	140.0	138.5	139.0	74061.0	2021/06/22 
2021/06/23 	140.0	143.0	140.0	141.0	118500.0	2021/06/23 
2021/06/24 	142.0	144.5	141.0	143.5	138182.0	2021/06/24 
2021/06/25 	144.0	145.5	144.0	145.5	160135.0	2021/06/25 
2021/06/28 	146.0	146.0	142.5	142.5	97050.0	2021/06/28 
2021/06/29 	143.5	143.5	139.5	140.0	119000.0	2021/06/29 
2021/06/30 	141.5	141.5	138.0	138.5	88055.0	2021/06/30 
2021/07/01 	139.0	143.0	139.0	140.0	175010.0	2021/07/01 
2021/07/02 	141.0	141.0	138.0	139.5	114220.0	2021/07/02 
2021/07/05 	140.0	143.0	139.0	143.0	125000.0	2021/07/05 
2021/07/06 	143.5	143.5	141.5	141.5	65200.0	2021/07/06 
2021/07/07 	141.5	143.5	141.5	143.0	115000.0	2021/07/07 
2021/07/08 	143.5	143.5	141.5	142.0	78003.0	2021/07/08 
2021/07/09 	141.5	142.0	138.5	139.5	86000.0	2021/07/09 
2021/07/12 	138.5	139.0	134.0	135.5	187143.0	2021/07/12 
2021/07/13 	136.5	137.0	132.5	132.5	156001.0	2021/07/13 
2021/07/14 	132.5	133.5	131.0	132.0	68010.0	2021/07/14 
2021/07/15 	133.5	134.0	131.0	133.5	38000.0	2021/07/15 
2021/07/16 	133.5	134.5	132.5	133.5	69329.0	2021/07/16 
2021/07/19 	133.5	134.5	132.0	133.5	97031.0	2021/07/19 
2021/07/20 	132.5	132.5	131.5	132.0	54000.0	2021/07/20 
2021/07/21 	134.0	134.0	131.5	131.5	72002.0	2021/07/21 
2021/07/22 	133.0	133.5	131.5	132.0	63001.0	2021/07/22 
2021/07/23 	132.5	135.5	132.5	134.0	77037.0	2021/07/23 
2021/07/26 	135.0	135.0	134.0	134.5	48000.0	2021/07/26 
2021/07/27 	134.5	134.5	131.5	132.0	98011.0	2021/07/27 
2021/07/28 	132.0	132.0	129.0	130.5	86013.0	2021/07/28 
2021/07/29 	131.5	131.5	130.5	131.5	24002.0	2021/07/29 
2021/07/30 	131.5	132.5	131.0	131.0	41002.0	2021/07/30 
2021/08/02 	131.0	135.0	131.0	133.0	48000.0	2021/08/02 
2021/08/03 	135.0	136.0	133.5	135.5	66102.0	2021/08/03 
2021/08/04 	136.0	137.0	135.5	136.5	75075.0	2021/08/04 
2021/08/05 	137.5	137.5	136.5	136.5	67100.0	2021/08/05 
2021/08/06 	137.5	137.5	135.5	135.5	35000.0	2021/08/06 
2021/08/09 	135.5	138.5	135.5	138.5	142100.0	2021/08/09 
2021/08/10 	138.5	139.0	135.5	136.0	94100.0	2021/08/10 
2021/08/11 	137.0	138.0	134.0	134.5	132050.0	2021/08/11 
2021/08/12 	135.0	136.5	135.0	136.0	74000.0	2021/08/12 
2021/08/13 	136.0	136.0	133.5	135.0	159152.0	2021/08/13 
2021/08/16 	126.0	126.0	120.0	121.5	157105.0	2021/08/16 
2021/08/17 	121.0	121.5	117.0	117.0	133001.0	2021/08/17 
2021/08/18 	115.0	116.5	112.0	116.5	164105.0	2021/08/18 
2021/08/19 	116.5	116.5	111.0	111.0	94200.0	2021/08/19 
2021/08/20 	114.0	114.0	111.0	113.5	49050.0	2021/08/20 
2021/08/23 	114.0	120.0	114.0	119.0	73028.0	2021/08/23 
2021/08/24 	120.0	120.5	117.5	117.5	31017.0	2021/08/24 
2021/08/25 	120.5	126.0	120.0	123.0	142223.0	2021/08/25 
2021/08/26 	124.0	124.5	121.0	123.0	70011.0	2021/08/26 
2021/08/27 	124.0	124.0	122.5	122.5	41000.0	2021/08/27 
2021/08/30 	122.5	124.0	122.5	124.0	15000.0	2021/08/30 
2021/08/31 	124.5	124.5	122.5	122.5	31010.0	2021/08/31 
2021/09/01 	122.5	123.0	122.0	123.0	37000.0	2021/09/01 
2021/09/02 	123.5	123.5	121.5	122.0	56000.0	2021/09/02 
2021/09/03 	123.5	124.0	123.5	124.0	26000.0	2021/09/03 
2021/09/06 	124.5	125.0	122.0	125.0	64000.0	2021/09/06 
2021/09/07 	123.5	124.5	123.5	123.5	38001.0	2021/09/07 
2021/09/08 	123.5	123.5	120.0	122.0	74000.0	2021/09/08 
2021/09/09 	122.5	122.5	122.0	122.0	18020.0	2021/09/09 
2021/09/10 	126.0	127.5	125.5	127.0	101001.0	2021/09/10 
2021/09/13 	126.5	127.5	125.5	127.5	31000.0	2021/09/13 
2021/09/14 	126.5	128.0	126.5	128.0	41000.0	2021/09/14 
2021/09/15 	128.5	128.5	127.0	128.0	44026.0	2021/09/15 
2021/09/16 	128.5	128.5	127.5	128.0	37001.0	2021/09/16 
2021/09/17 	128.0	128.0	127.0	127.5	20000.0	2021/09/17 
2021/09/22 	126.0	126.0	122.0	123.5	53090.0	2021/09/22 
2021/09/23 	124.0	124.0	123.0	123.5	33002.0	2021/09/23 
2021/09/24 	124.0	124.0	123.0	123.5	25000.0	2021/09/24 
2021/09/27 	123.5	123.5	123.0	123.0	22040.0	2021/09/27 
2021/09/28 	122.0	122.0	120.5	120.5	49020.0	2021/09/28 
2021/09/29 	119.0	119.0	116.5	116.5	70001.0	2021/09/29 
2021/09/30 	116.5	117.5	116.0	117.0	47000.0	2021/09/30 
2021/10/01 	115.5	115.5	111.0	113.5	137001.0	2021/10/01 
2021/10/04 	112.5	113.0	109.0	111.0	98000.0	2021/10/04 
2021/10/05 	110.0	113.5	108.0	111.5	40050.0	2021/10/05 
2021/10/06 	115.0	115.0	111.0	111.0	22000.0	2021/10/06 
2021/10/07 	111.5	115.5	111.5	112.5	43000.0	2021/10/07 
2021/10/08 	113.5	114.0	113.5	113.5	25000.0	2021/10/08 
2021/10/12 	112.5	112.5	110.0	110.5	39000.0	2021/10/12 
2021/10/13 	110.5	110.5	107.5	108.0	58000.0	2021/10/13 
2021/10/14 	108.0	111.0	108.0	110.0	43000.0	2021/10/14 
2021/10/15 	112.0	112.0	108.5	110.5	27000.0	2021/10/15 
2021/10/18 	110.0	114.0	110.0	113.5	42002.0	2021/10/18 
2021/10/19 	115.0	115.0	113.5	114.0	27000.0	2021/10/19 
2021/10/20 	115.5	116.0	114.0	115.0	22030.0	2021/10/20 
2021/10/21 	116.0	116.5	114.5	114.5	22000.0	2021/10/21 
2021/10/22 	114.0	114.0	112.0	112.0	19012.0	2021/10/22 
2021/10/25 	113.0	113.5	112.0	113.5	10000.0	2021/10/25 
2021/10/26 	113.5	115.0	113.5	115.0	20000.0	2021/10/26 
2021/10/27 	115.5	117.5	115.5	117.5	33041.0	2021/10/27 
2021/10/28 	118.0	118.0	116.0	116.0	14002.0	2021/10/28 
2021/10/29 	115.5	116.5	114.5	115.5	24000.0	2021/10/29 
2021/11/01 	115.0	118.0	115.0	118.0	34000.0	2021/11/01 
2021/11/02 	119.0	119.0	116.5	117.5	38000.0	2021/11/02 
2021/11/03 	117.5	119.5	117.5	118.5	46000.0	2021/11/03 
2021/11/04 	126.0	129.0	125.0	127.0	179005.0	2021/11/04 
2021/11/05 	127.0	127.5	123.0	124.0	95001.0	2021/11/05 
2021/11/08 	124.0	129.0	124.0	128.0	118117.0	2021/11/08 
2021/11/09 	126.0	129.0	126.0	128.0	100000.0	2021/11/09 
2021/11/10 	127.0	128.5	125.5	128.5	65000.0	2021/11/10 
2021/11/11 	128.5	133.0	127.5	128.0	151060.0	2021/11/11 
2021/11/12 	128.5	130.5	128.5	130.0	115172.0	2021/11/12 
2021/11/15 	131.0	132.0	131.0	131.5	67000.0	2021/11/15 
2021/11/16 	132.0	132.5	131.5	131.5	46000.0	2021/11/16 
2021/11/17 	132.0	132.0	129.0	129.5	51070.0	2021/11/17 
2021/11/18 	130.0	130.0	126.0	126.5	84006.0	2021/11/18 
2021/11/19 	126.0	128.0	126.0	128.0	41000.0	2021/11/19 
2021/11/22 	126.5	128.5	126.5	128.0	33022.0	2021/11/22 
2021/11/23 	127.0	127.5	126.5	127.0	25000.0	2021/11/23 
2021/11/24 	125.5	125.5	124.5	125.5	65002.0	2021/11/24 
2021/11/25 	126.0	126.0	125.0	126.0	16015.0	2021/11/25 
2021/11/26 	127.0	127.0	121.5	123.0	42072.0	2021/11/26 
2021/11/29 	121.0	122.0	119.0	120.0	80010.0	2021/11/29 
2021/11/30 	122.0	124.0	122.0	122.5	33000.0	2021/11/30 
2021/12/01 	123.0	123.5	121.0	123.0	39000.0	2021/12/01 
2021/12/02 	123.0	123.0	121.5	122.0	25000.0	2021/12/02 
2021/12/03 	122.0	123.0	122.0	122.5	21000.0	2021/12/03 
2021/12/06 	122.5	126.5	122.5	125.5	25000.0	2021/12/06 
2021/12/07 	124.5	125.5	124.5	124.5	20098.0	2021/12/07 
2021/12/08 	124.5	126.5	124.5	125.0	40000.0	2021/12/08 
2021/12/09 	126.0	126.0	121.5	123.0	62010.0	2021/12/09 
2021/12/10 	121.5	123.0	120.0	122.5	34000.0	2021/12/10 
2021/12/13 	123.0	123.0	121.5	122.0	16000.0	2021/12/13 
2021/12/14 	122.0	122.0	120.0	121.0	58000.0	2021/12/14 
2021/12/15 	122.0	123.0	121.5	123.0	27000.0	2021/12/15 
2021/12/16 	124.0	126.0	124.0	125.0	56010.0	2021/12/16 
2021/12/17 	125.0	125.0	124.0	125.0	20003.0	2021/12/17 
2021/12/20 	125.0	127.0	123.5	125.5	47000.0	2021/12/20 
2021/12/21 	124.5	126.0	124.5	125.5	35000.0	2021/12/21 
2021/12/22 	125.5	126.0	125.5	126.0	26010.0	2021/12/22 
2021/12/23 	126.5	126.5	122.5	124.5	55000.0	2021/12/23 
2021/12/24 	125.0	126.0	124.5	125.0	46000.0	2021/12/24 
2021/12/27 	124.0	127.0	124.0	126.5	36085.0	2021/12/27 
2021/12/28 	127.0	129.0	127.0	128.0	62004.0	2021/12/28 
2021/12/29 	128.0	128.5	128.0	128.0	23046.0	2021/12/29 
2021/12/30 	128.5	132.0	128.0	131.0	153035.0	2021/12/30 
2022/01/03 	131.5	132.5	130.0	131.0	83011.0	2022/01/03 
2022/01/04 	130.5	131.5	130.5	131.5	38055.0	2022/01/04 
2022/01/05 	130.5	131.0	129.5	130.5	36000.0	2022/01/05 
2022/01/06 	130.0	130.5	129.5	130.0	41005.0	2022/01/06 
2022/01/07 	130.0	130.0	126.5	129.5	54000.0	2022/01/07 
2022/01/10 	128.5	130.0	128.0	128.0	52547.0	2022/01/10 
2022/01/11 	132.5	135.5	130.0	130.5	183000.0	2022/01/11 
2022/01/12 	130.5	132.5	129.0	129.0	27010.0	2022/01/12 
2022/01/13 	129.5	132.5	128.5	128.5	69000.0	2022/01/13 
2022/01/14 	128.0	130.0	128.0	129.5	40000.0	2022/01/14 
2022/01/17 	129.5	130.5	129.0	130.0	62000.0	2022/01/17 
2022/01/18 	130.0	130.5	129.5	130.0	17000.0	2022/01/18 
2022/01/19 	128.5	130.0	128.5	129.5	21000.0	2022/01/19 
2022/01/20 	129.5	130.0	128.0	129.0	26193.0	2022/01/20 
2022/01/21 	129.5	130.0	126.0	126.0	57000.0	2022/01/21 
2022/01/24 	126.0	126.5	125.0	126.0	31000.0	2022/01/24 
2022/01/25 	126.0	126.0	123.0	123.0	107000.0	2022/01/25 
2022/01/26 	122.0	123.5	122.0	122.5	26000.0	2022/01/26 
2022/02/07 	126.0	126.0	123.5	125.0	35000.0	2022/02/07 
2022/02/08 	125.0	125.5	124.5	125.0	17000.0	2022/02/08 
2022/02/09 	124.5	130.0	124.5	130.0	65039.0	2022/02/09 
2022/02/10 	129.0	131.5	128.5	131.0	87000.0	2022/02/10 
2022/02/11 	129.5	131.5	129.5	131.5	55000.0	2022/02/11 
2022/02/14 	131.5	131.5	126.5	126.5	69025.0	2022/02/14 
2022/02/15 	125.5	127.0	125.5	126.0	46000.0	2022/02/15 
2022/02/16 	127.0	128.5	127.0	127.5	12015.0	2022/02/16 
2022/02/17 	126.5	127.5	125.5	125.5	53000.0	2022/02/17 
2022/02/18 	125.5	129.0	125.5	128.5	54007.0	2022/02/18 
2022/02/21 	128.0	129.5	128.0	128.0	34000.0	2022/02/21 
2022/02/22 	126.5	128.0	126.0	128.0	48001.0	2022/02/22 
2022/02/23 	128.5	131.0	128.5	130.0	40000.0	2022/02/23 
2022/02/24 	127.5	129.5	126.0	126.5	44000.0	2022/02/24 
2022/02/25 	127.0	127.0	126.0	126.0	44000.0	2022/02/25 
2022/03/01 	126.5	128.5	126.0	127.0	23000.0	2022/03/01 
2022/03/02 	128.0	128.5	126.0	128.5	32000.0	2022/03/02 
2022/03/03 	129.0	130.0	129.0	129.0	11000.0	2022/03/03 
2022/03/04 	128.0	128.5	127.0	127.5	14000.0	2022/03/04 
2022/03/07 	128.0	128.0	123.0	123.0	83000.0	2022/03/07 
2022/03/08 	123.0	123.5	120.0	120.0	42000.0	2022/03/08 
2022/03/09 	122.0	124.0	121.0	122.5	32000.0	2022/03/09 
2022/03/10 	124.5	126.5	124.5	125.0	33000.0	2022/03/10 
2022/03/11 	126.0	127.0	125.5	127.0	34000.0	2022/03/11 
2022/03/14 	127.5	128.0	126.0	127.0	15000.0	2022/03/14 
2022/03/15 	127.0	127.0	124.5	125.0	15000.0	2022/03/15 
2022/03/16 	126.5	126.5	123.0	123.5	27000.0	2022/03/16 
2022/03/17 	125.0	126.5	125.0	126.5	26000.0	2022/03/17 
2022/03/18 	126.5	126.5	125.5	126.0	17000.0	2022/03/18 
2022/03/21 	126.0	127.0	126.0	126.0	25000.0	2022/03/21 
2022/03/22 	126.0	126.0	125.0	125.0	12000.0	2022/03/22 
2022/03/23 	126.0	128.5	126.0	128.5	35000.0	2022/03/23 
2022/03/24 	127.5	129.0	127.5	129.0	31100.0	2022/03/24 
2022/03/25 	128.5	130.0	128.5	130.0	49000.0	2022/03/25 
2022/03/28 	128.5	128.5	125.0	127.0	62021.0	2022/03/28 
2022/03/29 	127.0	127.5	126.0	126.0	51035.0	2022/03/29 
2022/03/30 	126.5	128.0	126.0	127.5	30000.0	2022/03/30 
2022/03/31 	126.5	127.0	125.5	125.5	25000.0	2022/03/31 
2022/04/01 	125.5	126.0	125.0	125.0	29055.0	2022/04/01 
2022/04/06 	125.0	126.0	125.0	125.5	15000.0	2022/04/06 
2022/04/07 	125.0	125.5	123.0	124.0	41000.0	2022/04/07 
2022/04/08 	124.0	125.0	124.0	124.0	9173.0	2022/04/08 
2022/04/11 	123.5	123.5	121.5	121.5	33010.0	2022/04/11 
2022/04/12 	120.0	120.0	114.0	115.0	131010.0	2022/04/12 
2022/04/13 	116.0	117.0	114.0	117.0	51000.0	2022/04/13 
2022/04/14 	118.0	118.0	115.5	115.5	33000.0	2022/04/14 
2022/04/15 	114.5	114.5	112.5	113.0	35000.0	2022/04/15 
2022/04/18 	113.0	114.0	112.0	113.0	40000.0	2022/04/18 
2022/04/19 	113.5	115.0	113.0	115.0	31030.0	2022/04/19 
2022/04/20 	116.0	116.0	114.5	115.5	36000.0	2022/04/20 
2022/04/21 	115.5	115.5	114.0	115.0	30000.0	2022/04/21 
2022/04/22 	115.0	115.0	112.5	112.5	62000.0	2022/04/22 
2022/04/25 	117.0	122.5	113.0	115.5	186051.0	2022/04/25 
2022/04/26 	116.0	116.5	113.5	114.0	58000.0	2022/04/26 
2022/04/27 	112.0	112.5	110.0	112.0	46000.0	2022/04/27 
2022/04/28 	113.5	114.5	112.0	113.5	27000.0	2022/04/28 
2022/04/29 	113.5	115.0	113.5	115.0	21000.0	2022/04/29 
2022/05/03 	113.5	115.0	113.0	113.0	38000.0	2022/05/03 
2022/05/04 	114.0	114.5	113.5	114.0	25000.0	2022/05/04 
2022/05/05 	114.0	115.5	113.5	113.5	28010.0	2022/05/05 
2022/05/06 	113.0	113.0	112.5	112.5	19000.0	2022/05/06 
2022/05/09 	112.5	112.5	108.0	108.5	63003.0	2022/05/09 
2022/05/10 	108.0	108.5	106.0	107.0	103000.0	2022/05/10 
2022/05/11 	106.0	110.5	106.0	109.5	69000.0	2022/05/11 
2022/05/12 	108.5	109.5	107.5	108.0	24000.0	2022/05/12 
2022/05/13 	108.5	111.0	108.5	109.0	17000.0	2022/05/13 
2022/05/16 	111.0	111.5	109.0	110.5	26000.0	2022/05/16 
2022/05/17 	111.5	113.0	111.5	112.5	13000.0	2022/05/17 
2022/05/18 	112.0	114.0	111.5	114.0	39000.0	2022/05/18 
2022/05/19 	110.5	111.5	109.5	109.5	58000.0	2022/05/19 
2022/05/20 	110.5	112.0	109.5	111.0	41000.0	2022/05/20 
2022/05/23 	112.5	112.5	110.5	111.0	12000.0	2022/05/23 
2022/05/24 	110.5	110.5	109.5	110.0	17010.0	2022/05/24 
2022/05/25 	110.0	110.5	110.0	110.5	21000.0	2022/05/25 
2022/05/26 	111.0	111.0	109.0	110.0	34000.0	2022/05/26 
2022/05/27 	111.0	112.0	110.5	110.5	21000.0	2022/05/27 
2022/05/30 	111.0	113.0	111.0	113.0	25000.0	2022/05/30 
2022/05/31 	113.0	113.0	112.0	112.5	15000.0	2022/05/31 
2022/06/01 	112.5	114.0	112.5	113.0	33000.0	2022/06/01 
2022/06/02 	113.0	113.0	112.5	112.5	8100.0	2022/06/02 
2022/06/06 	113.0	114.0	113.0	113.0	8000.0	2022/06/06 
2022/06/07 	113.0	113.5	113.0	113.5	21001.0	2022/06/07 
2022/06/08 	113.5	113.5	111.5	112.0	67000.0	2022/06/08 
2022/06/09 	114.0	114.0	113.0	113.5	24000.0	2022/06/09 
2022/06/10 	113.0	113.5	112.0	112.5	28000.0	2022/06/10 
2022/06/13 	113.0	117.0	112.0	115.0	91000.0	2022/06/13 
2022/06/14 	114.0	114.5	112.5	113.0	52000.0	2022/06/14 
2022/06/15 	113.0	116.0	113.0	114.5	33026.0	2022/06/15 
2022/06/16 	116.5	119.5	114.0	114.5	103000.0	2022/06/16 
2022/06/17 	114.5	114.5	113.0	114.0	58000.0	2022/06/17 
2022/06/20 	114.5	115.5	113.0	114.0	59000.0	2022/06/20 
2022/06/21 	115.0	117.0	114.5	117.0	36000.0	2022/06/21 
2022/06/22 	119.0	119.0	116.5	117.0	45020.0	2022/06/22 
2022/06/23 	119.0	120.0	117.0	117.5	47002.0	2022/06/23 
2022/06/24 	118.5	120.0	118.5	119.5	28000.0	2022/06/24 
2022/06/27 	120.5	120.5	118.5	118.5	33000.0	2022/06/27 
2022/06/28 	118.5	118.5	117.5	117.5	13000.0	2022/06/28 
2022/06/29 	117.0	117.0	115.0	117.0	29000.0	2022/06/29 
2022/06/30 	116.0	116.0	114.0	115.0	39000.0	2022/06/30 
2022/07/01 	113.5	114.0	111.5	112.5	45000.0	2022/07/01 
2022/07/04 	113.0	114.0	111.5	111.5	29000.0	2022/07/04 
2022/07/05 	111.5	113.0	111.0	112.5	26000.0	2022/07/05 
2022/07/06 	112.0	112.0	109.0	110.0	30000.0	2022/07/06 
2022/07/07 	109.0	112.0	109.0	111.5	25000.0	2022/07/07 
2022/07/08 	113.0	113.5	112.0	113.5	18000.0	2022/07/08 
2022/07/11 	117.0	120.0	116.0	117.5	78000.0	2022/07/11 
2022/07/12 	114.0	116.5	114.0	116.5	11000.0	2022/07/12 
2022/07/13 	119.0	119.0	116.5	117.5	20000.0	2022/07/13 
2022/07/14 	117.0	117.0	116.5	117.0	11004.0	2022/07/14 
2022/07/15 	116.0	116.5	115.5	115.5	16000.0	2022/07/15 
2022/07/18 	116.0	116.5	115.5	116.0	14000.0	2022/07/18 
2022/07/19 	115.0	116.0	115.0	116.0	6000.0	2022/07/19 
2022/07/20 	116.5	116.5	115.5	115.5	13000.0	2022/07/20 
2022/07/21 	116.0	117.0	115.0	117.0	9000.0	2022/07/21 
2022/07/22 	116.0	116.5	115.0	116.5	12009.0	2022/07/22 
2022/07/25 	116.0	116.0	116.0	116.0	5019.0	2022/07/25 
2022/07/26 	115.5	116.0	115.0	116.0	9012.0	2022/07/26 
2022/07/27 	115.0	116.0	115.0	115.5	12100.0	2022/07/27 
2022/07/28 	116.0	117.0	115.5	116.0	11000.0	2022/07/28 
2022/07/29 	116.0	116.0	114.5	115.0	37170.0	2022/07/29 
2022/08/01 	115.0	115.0	113.5	114.5	35010.0	2022/08/01 
2022/08/02 	113.5	113.5	112.5	113.0	34089.0	2022/08/02 
2022/08/03 	114.5	114.5	112.0	112.0	26000.0	2022/08/03 
2022/08/04 	112.0	112.5	111.0	112.5	24000.0	2022/08/04 
2022/08/05 	112.5	114.5	112.5	114.0	16000.0	2022/08/05 
2022/08/08 	113.0	113.5	113.0	113.5	12000.0	2022/08/08 
2022/08/09 	113.5	114.0	113.0	114.0	6000.0	2022/08/09 
2022/08/10 	113.5	115.0	113.0	113.0	14001.0	2022/08/10 
2022/08/11 	111.0	111.5	110.0	110.5	53200.0	2022/08/11 
2022/08/12 	110.0	111.5	109.5	111.5	34000.0	2022/08/12 
2022/08/15 	111.5	111.5	110.5	111.0	23000.0	2022/08/15 
2022/08/16 	110.5	111.0	110.5	111.0	9000.0	2022/08/16 
2022/08/17 	111.0	111.0	110.0	110.0	15025.0	2022/08/17 
2022/08/18 	109.5	111.0	109.5	111.0	15000.0	2022/08/18 
2022/08/19 	111.0	112.0	111.0	112.0	15000.0	2022/08/19 
2022/08/22 	112.0	112.0	111.5	111.5	15000.0	2022/08/22 
2022/08/23 	111.0	111.0	110.0	110.0	5000.0	2022/08/23 
2022/08/24 	110.0	112.0	110.0	110.5	29000.0	2022/08/24 
2022/08/25 	111.0	113.5	111.0	113.0	16000.0	2022/08/25 
2022/08/26 	115.0	117.0	113.0	113.0	159150.0	2022/08/26 
2022/08/29 	111.5	112.0	110.0	111.5	23000.0	2022/08/29 
2022/08/30 	111.5	113.5	111.5	113.5	10000.0	2022/08/30 
2022/08/31 	113.5	113.5	112.5	113.0	15000.0	2022/08/31 
2022/09/01 	112.5	112.5	110.5	112.0	46000.0	2022/09/01 
2022/09/02 	111.5	112.5	111.5	112.5	5000.0	2022/09/02 
2022/09/05 	111.5	112.5	111.0	112.5	14000.0	2022/09/05 
2022/09/06 	111.5	111.5	111.0	111.5	17000.0	2022/09/06 
2022/09/07 	111.5	111.5	110.0	111.5	13000.0	2022/09/07 
2022/09/08 	111.5	112.5	107.5	108.5	124000.0	2022/09/08 
2022/09/12 	109.5	109.5	107.5	108.0	58071.0	2022/09/12 
2022/09/13 	111.0	112.5	111.0	111.0	42000.0	2022/09/13 
2022/09/14 	108.5	111.5	108.5	111.0	27000.0	2022/09/14 
2022/09/15 	111.0	111.0	109.0	111.0	27000.0	2022/09/15 
2022/09/16 	109.5	111.0	109.5	110.0	11000.0	2022/09/16 
2022/09/19 	110.0	110.0	108.5	109.0	13000.0	2022/09/19 
2022/09/20 	109.0	109.5	108.5	109.5	10000.0	2022/09/20 
2022/09/21 	108.5	109.0	108.0	108.5	17000.0	2022/09/21 
2022/09/22 	108.0	109.0	107.5	109.0	25000.0	2022/09/22 
2022/09/23 	109.0	109.0	107.5	108.0	15000.0	2022/09/23 
2022/09/26 	107.5	107.5	105.0	105.5	38000.0	2022/09/26 
2022/09/27 	105.0	107.0	104.0	107.0	13090.0	2022/09/27 
2022/09/28 	106.0	106.0	103.0	104.0	46000.0	2022/09/28 
2022/09/29 	104.5	105.0	104.0	104.0	16168.0	2022/09/29 
2022/09/30 	103.0	107.0	103.0	106.5	16000.0	2022/09/30 
2022/10/03 	103.0	106.5	103.0	106.0	30000.0	2022/10/03 
2022/10/04 	107.0	107.5	106.5	107.5	17000.0	2022/10/04 
2022/10/05 	108.5	109.5	107.5	107.5	19000.0	2022/10/05 
2022/10/06 	107.0	109.0	106.5	109.0	6000.0	2022/10/06 
2022/10/07 	108.0	108.0	107.0	107.0	7000.0	2022/10/07 
2022/10/11 	104.5	104.5	102.0	103.0	62000.0	2022/10/11 
2022/10/12 	103.0	103.0	100.5	101.5	29000.0	2022/10/12 
2022/10/13 	101.5	101.5	99.0	99.0	31000.0	2022/10/13 
2022/10/14 	103.0	103.0	101.0	102.0	17000.0	2022/10/14 
2022/10/17 	102.0	102.0	99.69999694824219	101.0	29000.0	2022/10/17 
2022/10/18 	102.5	102.5	100.5	102.0	22000.0	2022/10/18 
2022/10/19 	102.0	102.5	102.0	102.0	8000.0	2022/10/19 
2022/10/20 	102.5	103.0	101.5	102.0	36000.0	2022/10/20 
2022/10/21 	102.5	103.5	101.5	102.5	33000.0	2022/10/21 
2022/10/24 	103.0	104.0	102.5	104.0	9041.0	2022/10/24 
2022/10/25 	104.5	104.5	100.5	102.5	50001.0	2022/10/25 
2022/10/26 	102.0	102.0	100.0	100.0	118200.0	2022/10/26 
2022/10/27 	102.0	103.0	101.0	103.0	47050.0	2022/10/27 
2022/10/28 	103.0	103.0	102.0	102.0	40000.0	2022/10/28 
2022/10/31 	106.0	108.0	105.5	105.5	86185.0	2022/10/31 
2022/11/01 	106.0	109.0	106.0	108.0	52130.0	2022/11/01 
2022/11/02 	109.0	109.0	107.0	107.0	32828.0	2022/11/02 
2022/11/03 	106.0	108.0	106.0	108.0	26091.0	2022/11/03 
2022/11/04 	108.5	108.5	107.0	108.0	58400.0	2022/11/04 
2022/11/07 	109.5	110.0	107.5	109.0	124033.0	2022/11/07 
2022/11/08 	102.0	102.0	100.0	101.0	92200.0	2022/11/08 
2022/11/09 	101.5	102.5	101.5	102.5	32080.0	2022/11/09 
2022/11/10 	104.0	106.0	104.0	104.5	117000.0	2022/11/10 
2022/11/11 	104.5	104.5	100.0	100.5	91000.0	2022/11/11 
2022/11/14 	100.5	102.5	100.0	101.5	52000.0	2022/11/14 
2022/11/15 	101.0	101.5	100.5	101.5	43000.0	2022/11/15 
2022/11/16 	102.0	102.0	100.5	100.5	40000.0	2022/11/16 
2022/11/17 	101.0	101.0	100.0	101.0	39050.0	2022/11/17 
2022/11/18 	101.0	101.5	100.5	100.5	49050.0	2022/11/18 
2022/11/21 	101.0	101.5	100.5	101.0	17000.0	2022/11/21 
2022/11/22 	101.0	101.5	101.0	101.5	20000.0	2022/11/22 
2022/11/23 	102.0	102.5	102.0	102.5	27050.0	2022/11/23 
2022/11/24 	102.0	104.5	101.5	103.5	40527.0	2022/11/24 
2022/11/25 	103.5	103.5	101.0	102.0	11000.0	2022/11/25 
2022/11/28 	101.0	101.5	100.0	101.0	43008.0	2022/11/28 
2022/11/29 	100.5	101.5	99.9000015258789	101.5	41000.0	2022/11/29 
2022/11/30 	101.5	102.0	100.5	102.0	24000.0	2022/11/30 
2022/12/01 	102.5	103.0	102.0	102.5	73000.0	2022/12/01 
2022/12/02 	102.5	102.5	101.5	102.5	34000.0	2022/12/02 
2022/12/05 	103.0	106.5	103.0	106.5	110000.0	2022/12/05 
2022/12/06 	106.0	106.0	104.5	104.5	40000.0	2022/12/06 
2022/12/07 	105.0	106.0	104.0	105.0	50018.0	2022/12/07 
2022/12/08 	105.5	105.5	104.0	105.0	17000.0	2022/12/08 
2022/12/09 	105.0	105.0	104.0	104.5	20200.0	2022/12/09 
2022/12/12 	102.5	103.0	101.5	102.5	32000.0	2022/12/12 
2022/12/13 	102.5	102.5	101.0	102.0	48000.0	2022/12/13 
2022/12/14 	102.5	103.0	101.5	102.5	36050.0	2022/12/14 
2022/12/15 	103.0	103.0	102.5	103.0	12000.0	2022/12/15 
2022/12/16 	102.0	104.0	102.0	102.0	34000.0	2022/12/16 
2022/12/19 	104.0	104.0	102.0	102.0	17000.0	2022/12/19 
2022/12/20 	102.0	102.0	100.5	100.5	22000.0	2022/12/20 
2022/12/21 	100.5	101.0	100.5	100.5	30013.0	2022/12/21 
2022/12/22 	101.5	101.5	100.5	101.5	22064.0	2022/12/22 
2022/12/23 	100.0	101.5	100.0	101.0	22000.0	2022/12/23 
2022/12/26 	100.5	100.5	100.0	100.5	36000.0	2022/12/26 
2022/12/27 	100.5	100.5	100.0	100.5	8000.0	2022/12/27 
2022/12/28 	100.5	100.5	100.0	100.0	17009.0	2022/12/28 
2022/12/29 	100.0	100.0	98.5	99.19999694824219	21050.0	2022/12/29 
2022/12/30 	100.0	100.0	99.80000305175781	99.80000305175781	9000.0	2022/12/30 
2023/01/03 	99.80000305175781	99.80000305175781	99.5999984741211	99.69999694824219	14000.0	2023/01/03 
2023/01/04 	100.0	100.0	99.9000015258789	99.9000015258789	6000.0	2023/01/04 
2023/01/05 	99.69999694824219	100.5	99.69999694824219	100.0	12000.0	2023/01/05 
2023/01/06 	99.9000015258789	101.0	99.9000015258789	101.0	18000.0	2023/01/06 
2023/01/09 	100.5	102.0	100.0	101.5	19000.0	2023/01/09 
2023/01/10 	101.0	101.5	100.0	101.5	24000.0	2023/01/10 
2023/01/11 	101.5	101.5	100.5	101.0	14000.0	2023/01/11 
2023/01/12 	101.0	101.5	100.5	100.5	30000.0	2023/01/12 
2023/01/13 	101.0	101.0	100.5	101.0	7000.0	2023/01/13 
2023/01/16 	101.5	101.5	101.0	101.0	30000.0	2023/01/16 
2023/01/17 	101.5	101.5	100.5	101.0	25000.0	2023/01/17 
2023/01/30 	102.5	102.5	101.5	101.5	21030.0	2023/01/30 
2023/01/31 	102.0	104.0	101.5	104.0	35008.0	2023/01/31 
2023/02/01 	103.5	105.5	103.0	105.5	53000.0	2023/02/01 
2023/02/02 	106.0	107.5	105.0	107.5	51000.0	2023/02/02 
2023/02/03 	107.0	107.0	106.5	107.0	16000.0	2023/02/03 
2023/02/06 	107.0	107.0	104.0	105.5	43000.0	2023/02/06 
2023/02/07 	105.0	105.5	104.0	105.5	14000.0	2023/02/07 
2023/02/08 	105.0	105.0	104.5	105.0	14000.0	2023/02/08 
2023/02/09 	105.0	105.0	104.5	104.5	14000.0	2023/02/09 
2023/02/10 	105.5	105.5	104.5	105.0	19000.0	2023/02/10 
2023/02/13 	104.0	104.5	103.5	103.5	20000.0	2023/02/13 
2023/02/14 	103.5	104.0	103.5	104.0	14000.0	2023/02/14 
2023/02/15 	103.5	103.5	103.0	103.5	6452.0	2023/02/15 
